673.701 16.5888
1566.77 25.028
1905.05 27.2284
3354.91 25
3689.19 26.3282
4136.22 20.0359
4247.98 14.3101
5254.81 11.7647
5481.33 10.5115
7154.71 5.88235
8276.29 9.96434
9501.64 18.2412
9840.92 14.2857
11178 13.3333
11629.1 18.75
13077.9 17.6471
13189.7 16.6667
13301.4 13.3652
14870.1 12.4721
15092.6 12.4791
16096.4 18.2263
16321.9 27.2727
17440.5 24.9442
17663 21.4012
17886.5 28.5714
19002.1 28.6263
19227.6 28.5714
19451.2 25
19674.7 25
21011.8 16.6833
21240.3 11.1056
21352.1 17.6378
22689.2 23.1406
22800.9 21.4835
23027.4 20.0119
24481.3 18.7082
24593.1 24.9442
24815.6 18.75
26377.2 11.7895
26489 5.56662
28392.9 11.74
28615.4 10.5115
29731 16.704
29956.5 25
31071.1 25.0187
31294.6 21.4423
31521.1 28.5714
32859.2 25
33085.7 24.9581
33198.5 17.61
33422 11.7585
34982.6 10.5263
35433.7 16.6667
36323.7 25
36551.2 14.2493
36881.5 15.4377
37888.4 16.7165
38111.9 18.167
39229.5 25
39564.7 23.0769
39904 18.7082
41133.4 23.48
41576.4 22.2222
41687.1 18.8026
41798.9 11.7957
42918.5 6.2605
44371.4 7.69231
45600.7 18.1818
45712.5 25
47165.3 21.4286
47277.1 13.3333
47391.8 13.3095
48956.5 13.3095
49065.2 6.67862
