341.425 341.425
1010.98 669.552
1232.49 891.07
2239.32 1228.35
2461.84 1450.86
2685.36 1452.86
2911.88 1679.38
4476.5 2237.17
4700.01 2460.69
4921.53 2459.69
5147.05 2685.21
7156.71 2009.66
7268.47 2121.42
8721.33 1452.86
8833.09 1564.62
10509.5 1788.14
10621.2 1788.14
11964.3 1454.86
12184.8 1675.38
12299.6 1678.38
13640.7 1676.38
13752.5 1567.62
13861.2 1676.38
13973 1673.38
15091.6 1450.86
15203.3 1450.86
16320.9 1229.35
16432.7 1341.1
16543.4 1340.1
17773.8 1452.86
17885.5 1452.86
17996.3 1452.86
18108.1 1564.62
19785.4 2011.66
19897.2 2011.66
21461.8 1676.38
21573.6 1788.14
23140.2 1678.38
23250 1676.38
24479.3 1339.1
24591.1 1341.1
24813.6 1563.62
25708.7 1229.35
25820.4 1229.35
26042.9 1229.35
26153.7 1340.1
27385 1676.38
27496.8 1676.38
27719.3 1676.38
27942.8 1789.14
29061.4 1676.38
29173.2 1788.14
29283.9 1787.14
29395.7 1676.38
29619.2 1676.38
30514.3 1452.86
30628 1454.86
30736.8 1563.62
30848.6 1564.62
30960.3 1564.62
31183.8 1564.62
32302.4 1788.14
32414.2 1786.14
32524.9 1788.14
32636.7 1899.9
32751.5 1902.9
32975 2014.66
33082.7 1898.9
34090.6 1788.14
34202.3 1788.14
34424.8 1449.86
34535.6 1452.86
35766.9 1676.38
35878.7 1676.38
36101.2 1676.38
36216 1680.38
36324.7 1789.14
37666.8 1899.9
37778.6 1899.9
37889.4 1788.14
39343.2 1676.38
39455 1676.38
39566.7 1677.38
40684.3 1341.1
40906.8 1451.86
41019.6 1564.62
41130.4 1563.62
42137.2 1452.86
42472.5 1565.62
42584.2 1564.62
42695 1675.38
42806.7 1676.38
44039.1 1901.9
44486.1 2013.66
44597.9 2013.66
44706.6 2011.66
44821.4 2014.66
44933.2 2126.42
46050.7 2011.66
46162.5 1676.38
