3053.25 4.99756
6112.75 4.98734
7638.37 6.65578
9170 9.98204
10696.9 9.98584
12221.8 9.98747
13748.6 9.98896
15273.5 10
16800.4 9.99869
18326.3 10
19851.2 10.0011
21378 9.99891
22902.9 10
24429.8 10
25954.7 10.0008
27481.5 9.99918
29006.4 10.0008
30533.3 10
32058.2 10
33585.1 10
35109.9 10
36636.8 10
38161.7 10
39688.6 10
41213.5 10.0007
42740.3 9.99927
44265.2 10.0007
45792.1 9.99927
47317 10.0007
48843.9 9.99927
50368.7 10.0007
51895.6 9.99927
53420.5 10.0007
54947.4 9.99927
56472.2 10.0007
57999.1 9.99927
59524 10.0007
61050.9 9.99927
62575.8 10.0007
64102.6 9.99927
65627.5 10.0007
67154.4 9.99927
68679.3 10.0007
70206.2 9.99927
71731 10.0007
73257.9 9.99927
74782.8 10.0007
76309.7 9.99927
77834.5 10.0007
79361.4 9.99927
80886.3 10.0007
82413.2 9.99927
83938.1 10.0007
85464.9 9.99927
86989.8 10
88516.7 10
90041.6 10
91568.5 10
93093.3 10
94620.2 11.5086
96145.1 10.0022
97672 9.99782
99196.9 10.0022
100724 9.99782
102249 10.0022
103775 9.99782
105300 10
106827 10
108352 10.1752
109879 9.99782
111404 10.0022
112931 9.99782
114456 10.0022
115983 10
117507 10
119034 10
120559 10
122086 10
123611 10.0013
125138 9.99869
126663 10.0013
128190 9.99869
129714 10.0013
131241 9.99869
132766 10.0013
134293 10
135818 10
137345 10
138870 10
140397 10
141921 10
143448 10
144973 10.0009
146500 9.99906
148025 10.0009
149552 9.99906
151077 10.0009
152604 9.99906
154128 10.0009
155655 9.99906
157180 10
158707 10
160232 10
161759 10
163284 10
164811 10
166336 10
167862 10
169387 10
170914 10
172439 10.0007
173966 9.99927
175491 10.0007
177018 9.99927
178543 10.0007
180069 9.99927
181594 10.0007
183121 9.99927
184646 10.0007
186173 9.99927
187698 10.0007
189225 9.99927
190750 10.0007
192276 9.99927
193801 10.0007
195328 9.99927
196853 10.0007
198380 9.99927
199905 10.0007
201432 9.99927
202957 10.0007
204483 9.99927
206008 10.0007
207535 9.99927
209060 10.0007
210587 9.99927
212112 10.0007
213639 9.99927
215164 10
216691 10
218215 10
219742 10
221267 10
222794 10
224319 10
225846 9.99869
227371 10.3674
228898 9.99782
230422 10.0022
231949 9.99782
233474 10.0022
235001 11.1404
236526 10.0022
238053 9.99782
239578 10.0022
241105 9.99782
242629 10.0022
244156 10
245681 10
247208 10
248733 10
250260 10
251785 10.0013
253312 9.99869
254837 10.0013
256363 9.99869
257888 10.0013
259415 9.99869
260940 10.0013
262467 10
263992 10
265519 10
267044 10
268570 10
270095 10
271622 10
273147 10.0009
274674 9.99906
276199 10.0009
277726 9.99906
279251 10.0009
280777 9.99906
282302 10.0009
283829 9.99906
285354 10
286881 10
288406 10
289933 10
291458 10
292984 10
294509 10
296036 10
297561 10
299088 10
300613 10.0007
302140 9.99927
303665 10.0007
305192 9.99927
306716 10.0007
308243 9.99927
309768 10.0007
311295 9.99927
312820 10.0007
314347 9.99927
315872 10.0007
317399 9.99927
318923 10.0007
320450 9.99927
321975 10.0007
323502 9.99927
325027 10.0007
326554 9.99927
328079 10.0007
329606 9.99927
331130 10.0007
332657 9.99927
334182 10.0007
335709 9.99927
337234 10.0007
338761 9.99927
340286 10.0007
341813 9.99927
343337 10
344864 10
346389 10
347916 10
349441 10
350968 10
352493 10
354020 9.99869
355545 10.3677
357071 9.99782
358596 10.0022
360123 9.99782
361648 10.0022
363175 11.1434
364700 10.0022
366227 9.99782
367752 10.0022
369278 9.99782
370803 10.0022
372330 10
373855 10
375382 10
376907 10
378434 10
379959 10.0013
381485 9.99869
383010 10.0013
384537 9.99869
386062 10.0013
387589 9.99869
389114 10.0013
390641 10
392166 10
393692 10
395217 10
396744 10
398269 10
399796 10
401321 10.0009
402848 9.99906
404373 10.0009
405900 9.99906
407424 10.0009
408951 9.99906
410476 10.0009
412003 9.99906
413528 10
415055 10
416580 10
418107 10
419631 10
421158 10
422683 10
424210 10
425735 10
427262 10
428787 10.0007
430314 9.99927
431838 10.0007
433365 9.99927
434890 10.0007
436417 9.99927
437942 10.0007
439469 9.99927
440994 10.0007
442521 9.99927
444045 10.0007
445572 9.99927
447097 10.0007
448624 9.99927
450149 10.0007
451676 9.99927
453201 10.0007
454728 9.99927
456253 10.0007
457779 9.99927
459304 10.0007
460831 9.99927
462356 10.0007
463883 9.99927
465408 10.0007
466935 9.99927
468460 10.0007
469986 9.99927
471511 10
473038 10
474563 10
476090 10
477615 10
479142 10
480667 10
482193 9.99869
483718 10.3677
485245 9.99782
486770 10.0022
488297 9.99782
489822 10.0022
491349 11.1434
492874 10.0022
494400 9.99782
495925 10.0022
497452 9.99782
498977 10.0022
500504 10
502029 10
503556 10
505081 10
506608 10
508132 10.0013
509659 9.99869
511184 10.0013
512711 9.99869
514236 10.0013
515763 9.99869
517288 10.0013
518815 10
520339 10
521866 10
523391 10
524918 10
526443 10
527970 10
529495 10.0009
531022 9.99906
532546 10.0009
534073 9.99906
535598 10.0009
537125 9.99906
538650 10.0009
540177 9.99906
541702 10
543229 10
544753 10
546280 10
547805 10
549332 10
550857 10
552384 10
553909 10
555436 10
556961 10.0007
558487 9.99927
560012 10.0007
561539 9.99927
563064 10.0007
564591 9.99927
566116 10.0007
567643 9.99927
569168 10.0007
570694 9.99927
572219 10.0007
573746 9.99927
575271 10.0007
576798 9.99927
578323 10.0007
579850 9.99927
581375 10.0007
582901 9.99927
584426 10.0007
585953 9.99927
587478 10.0007
589005 9.99927
590530 10.0007
592057 9.99927
593582 10.0007
595108 9.99927
596633 10.0007
598160 9.99927
599685 10
601212 10
602737 10
604264 10
605789 10
607316 10
608840 10
610367 9.99869
611893 10.3666
617103 4.99102
