242 49
843 39
1206 50
1803 50
2283 46
2646 50
3005 47
3603 46
4204 43
4682 45
5284 38
6007 39
6365 35
6967 38
7567 33
8047 32
8643 29
8887 27
9967 24
10567 22
10682 20
11887 18
12126 18
12247 16
12847 16
13807 16
14287 16
14767 16
15607 17
16567 17
17287 18
17767 18
18367 17
18967 19
19447 19
19927 19
20887 19
21847 19
22202 20
22567 21
23047 21
23527 21
24007 21
24487 18
25327 19
26162 20
26642 20
27126 20
27607 20
28087 20
28567 20
29642 20
30247 22
30722 22
31202 22
31682 22
32162 22
32642 23
33607 23
34087 23
34567 23
35047 23
35527 23
36007 23
36487 20
37447 24
37927 24
38407 24
38887 28
39367 28
39845 32
40327 28
41047 30
41527 30
42007 30
42487 24
42607 26
43087 25
43567 23
43807 22
44527 20
45247 22
45722 22
46202 22
46686 22
47162 22
47642 23
48367 24
48722 26
49203 29
49927 28
