4473.5 4473.5
10433 5959.46
12667.1 8193.64
21608.8 11175.9
23097.9 12665
25338.1 12671
26828.2 14161.1
35763.9 14155.1
37255.1 15646.2
40239.3 13411
48430.9 11175.9
49924 9684.75
60355.9 11924.9
61845 11920.9
62591 12667
72271.8 11915.9
73761.9 11916.9
74507 11915.9
76001.1 13410
86427.9 14156.1
88663.1 14901.2
89408.1 14901.2
90902.2 14901.2
102074 15646.2
103569 17141.3
105804 17141.3
106544 17136.3
108039 17136.3
119210 13406
119955 13411
121450 13411
133368 14157.1
134112 14156.1
135607 14157.1
137096 15646.2
148269 12662
149763 14156.1
151252 14156.1
161679 11915.9
162425 11172.9
172110 10430.8
172856 10430.8
183285 11175.9
184031 11921.9
184780 11923.9
195206 11920.9
195956 11176.9
207128 11921.9
207877 11920.9
219794 12666
220539 13411
221284 13407
233950 14156.1
235443 14904.2
236190 15650.2
236934 15649.2
249597 15646.2
251836 16392.3
261518 11920.9
263753 11916.9
265246 13410
274929 13411
277913 14160.1
279402 14156.1
290579 15650.2
292065 17136.3
292810 14897.2
294303 14901.2
306225 15646.2
308456 16391.3
309201 17136.3
324847 15646.2
326341 17139.3
334537 9689.75
336026 9685.75
344223 9685.75
344968 10430.8
346457 10430.8
349438 5215.41
350180 5212.41
350927 5959.46
351673 5215.41
353908 4469.35
354651 4470.35
355396 4468.35
356143 4470.35
357633 5960.46
359123 5215.41
360613 5962.46
361356 5960.46
362103 5960.46
363593 5960.46
364337 6703.52
365829 6705.52
368062 7448.58
368807 7450.58
369555 7451.58
371045 7451.58
371787 7450.58
372532 8195.64
