4473.5 16.6549
10433 12.5021
12667.1 18.1863
21608.8 13.3333
23097.9 17.6485
25338.1 17.6401
26828.2 21.0452
35763.9 21.0541
37258.1 23.805
40239.3 16.6667
46195.7 21.4265
46939.8 23.0865
54391.4 18.1818
55135.4 18.1818
64077.1 15.3846
65570.3 14.2802
67060.4 18.7437
76743.1 17.6471
78982.3 16.6654
80471.4 16.6667
81217.5 21.0511
91643.3 20.0013
93882.5 20.0013
96118.6 19.0464
96858.7 19.0537
106544 20
108039 22.7217
109529 23.8095
120701 15.7895
121447 16.6704
122192 17.6512
135603 10.5263
136348 10.5263
151998 9.08869
153484 8.69565
154977 11.9981
163171 20.0054
165405 18.75
172856 15.3862
175091 15.3846
184781 12.4958
187012 12.5
188505 16.6629
198189 16.6704
200427 16.6617
201168 17.6512
201916 22.2222
210855 23.5294
213089 23.5368
213838 23.522
214583 23.5276
224265 22.2239
225011 26.3158
226503 18.7516
235440 20
236934 18.7469
238424 18.75
248853 16.6654
249598 21.0511
251091 21.0511
253325 20
263754 11.7675
265244 15.7928
266736 16.6667
276420 17.6471
278655 16.6667
279399 17.6512
286854 21.4224
288343 24.9958
296536 15.3894
298028 20.0018
299518 20
308457 18.75
309949 18.75
312185 17.6457
312931 22.2206
321871 22.2173
323360 22.2222
324106 25
324850 25.0021
325596 29.4141
331557 38.4615
332300 41.6713
333046 41.6713
333791 41.6667
334536 41.6667
341986 35.7211
342731 40.0072
343476 40
344222 40
344967 40
346457 37.5
354654 35.2885
356143 33.3308
356889 36.8369
357634 36.8369
358379 36.8395
359124 36.8395
360614 36.8395
365830 46.6667
