2235.17 0
6705.52 0
8195.64 0
15646.2 0
16391.3 0
17881.4 2
29057.3 2
29802.3 3
31292.4 3
47683.7 3
49173.8 3
59604.6 3
61094.8 3
70780.5 3
71525.6 3
84191.6 3
84936.6 3
85681.7 3
101328 3
102073 3
102818 3
103563 3
116974 3
117719 3
131130 3
131875 3
132620 3
146031 3
146776 3
147521 3
148267 3
157952 3
158697 3
159442 3
169873 3
170618 3
171363 3
182539 3
183284 3
195950 3
196695 3
207871 3
208616 3
218302 3
219047 3
230968 3
231713 3
232458 3
244379 3
245124 3
245869 3
247359 3
257790 3
258535 3
259280 3
260770 3
261515 3
274181 3
274926 3
275671 3
277162 3
289828 3
291318 3
301749 3
302494 3
313669 3
315160 3
315905 3
327080 3
329316 3
339746 3
341982 3
346452 3
347942 3
349432 3
352412 3
353903 3
354648 3
355393 3
357628 3
358373 3
359118 3
359863 3
361353 3
363588 3
364333 3
365078 3
365824 3
367314 3
368059 3
370294 3
371039 3
371784 3
372529 3
373274 3
374019 3
374764 3
375509 3
376254 3
376999 3
377744 3
378489 3
