2252.17 0
6722.52 0
9702.75 0
17153.3 1
18643.5 1
19388.5 1
21623.7 1
30564.4 2
33544.6 2
34289.7 2
43975.4 2
44720.5 2
55896.4 2
56641.4 2
58131.5 2
67817.3 2
68562.3 2
70052.5 2
71542.6 2
81973.4 2
82718.4 2
84208.6 2
84953.6 2
86443.7 2
96874.5 2
97619.6 2
99109.7 2
108795 2
109541 2
121461 2
122207 2
123697 2
135618 2
136363 2
137853 2
138598 2
152009 2
152754 2
154244 2
167655 2
169145 2
169890 2
181811 2
183301 2
184791 2
193732 2
195222 2
204163 2
205653 2
213849 2
215339 2
216829 2
227260 2
229495 2
230985 2
231730 2
242906 2
245141 2
246631 2
248121 2
249611 2
257062 2
259297 2
260042 2
268238 2
270473 2
271218 2
278669 2
280159 2
290590 2
292080 2
292825 2
303256 2
304001 2
313686 2
322627 2
324117 2
331568 2
333803 2
338273 2
339018 2
339763 2
341999 2
342744 2
343489 2
344979 2
346469 2
347959 2
348704 2
350194 2
350939 2
353175 2
354665 2
355410 2
356900 2
357645 2
359135 2
360625 2
362860 2
363605 2
365095 2
365841 2
367331 2
