2388 2000
2998.38 610.381
2999.38 1
8219.14 5219.76
8220.14 1
10450 2229.82
11942.1 1492.12
23113.9 11171.9
25354.1 2240.17
25355.1 1
35039.9 9684.75
35779.9 740.058
36525 745.058
36526 1
43976.6 7450.58
45467.7 1491.12
46215.7 748.058
47702.9 1487.12
55897.5 8194.64
55898.5 1
67822.4 11923.9
67823.4 1
69309.5 1486.12
78994.3 9684.75
79738.4 744.058
90915.2 11176.9
91659.3 744.058
104326 12667
104327 1
115501 11173.9
116247 746.058
126677 10429.8
127423 746.058
127424 1
140834 13410
141583 749.058
142328 745.058
142329 1
155739 13410
155740 1
157226 1486.12
166910 9683.75
168401 1491.12
169149 748.058
169150 1
180322 11171.9
180323 1
181070 747.058
193737 12667
194481 744.058
195224 743.058
195225 1
208637 13412
209382 745.058
210126 743.058
225030 14904.2
225775 745.058
225776 1
238441 12665
239185 744.058
240673 1488.12
251103 10429.8
251104 1
251851 747.058
253339 1488.12
267498 14159.1
268985 1487.12
268986 1
279415 10428.8
281652 2237.17
283141 1489.12
292830 9688.75
292831 1
294317 1486.12
295062 745.058
306984 11921.9
308473 1489.12
308474 1
309219 745.058
309963 744.058
319650 9686.75
323375 3725.29
324864 1489.12
333806 8941.7
336786 2980.23
338276 1489.12
338277 1
347214 8937.7
351690 4475.35
351691 1
359883 8192.64
360628 745.058
362117 1489.12
371806 9688.75
371807 1
372551 744.058
373293 742.058
378512 5218.41
379257 745.058
379258 1
379999 741.058
381489 1490.12
