487 0
1087 0
1487 0
1967 0
2686 0
3162 0
3887 0
4367 0
4967 0
5686 0
6287 0
6767 0
7487 0
8087 0
8682 0
9162 0
9887 0
10487 0
10967 0
11447 0
11927 0
12527 0
13007 0
13726 0
14202 0
14927 0
15407 0
15887 0
16607 0
17087 0
17682 0
17927 0
18407 0
19487 0
20087 0
20567 0
20927 0
21287 0
21767 0
22367 0
22847 0
23447 0
23807 0
24287 0
24887 0
25487 0
26087 0
26567 0
27166 0
27643 0
28126 0
28847 0
29447 0
29927 0
30642 0
31007 0
31722 0
32327 0
32686 0
33166 0
33642 0
34126 0
34607 0
35087 0
35567 0
36162 0
36642 0
37126 0
37722 0
38202 0
38807 0
39287 0
39887 0
40367 0
40967 0
41447 0
41927 0
42527 0
43007 0
43607 0
43967 0
44447 0
45162 0
45642 0
46126 0
46722 0
47203 0
47807 0
48162 0
48642 0
49126 0
49607 0
