1491.12 0
5216.41 0
5961.46 0
11921.9 0
13412 1
14157.1 1
15647.2 1
26078 2
27568.1 2
29058.3 2
40979.2 2
42469.3 2
43214.4 2
50664.9 2
52155.1 2
53645.2 2
54390.2 2
63330.9 2
64821.1 2
66311.2 2
67056.2 2
78232.1 2
78977.2 2
80467.3 2
82702.4 2
94623.4 2
96113.5 2
106544 2
107289 2
116975 2
118465 2
128896 2
131131 2
131876 2
140072 2
142307 2
143052 2
144542 2
152738 2
154973 2
155718 2
157208 2
157953 2
167639 2
168384 2
169129 2
178070 2
179560 2
180305 2
181050 2
190736 2
192971 2
193716 2
194461 2
195951 2
204892 2
207127 2
207872 2
208617 2
210107 2
210852 2
221283 2
223518 2
225009 2
231714 2
233204 2
233949 2
235439 2
243635 2
245125 2
245870 2
247360 2
248105 2
257791 2
260026 2
260771 2
262261 2
263006 2
263752 2
272692 2
274182 2
274927 2
276418 2
277908 2
278653 2
286103 2
287593 2
288338 2
289084 2
290574 2
300259 2
301004 2
301750 2
302495 2
312925 2
314416 2
315161 2
315906 2
316651 2
322611 2
323356 2
324101 2
324846 2
