8958.16 4958.16
13535.9 4577.69
18113.6 4577.69
23063.7 4950.16
23445.2 5331.63
27641.4 4577.69
28022.9 4577.69
32219.1 4577.69
32600.6 4577.69
37169.3 4950.16
37550.7 4950.16
37932.2 5331.63
41747 4577.69
42128.4 4577.69
42509.9 4577.69
46324.7 4577.69
46706.1 4577.69
47087.6 4577.69
51283.8 4959.16
51665.3 4959.16
52044.8 4957.16
55861.5 4577.69
56243 4577.69
56622.5 4577.69
60439.2 4577.69
60820.7 4577.69
61200.2 4957.16
61581.6 4959.16
65397.4 4958.16
65776.8 4956.16
66158.3 4958.16
66539.8 4958.16
69975.1 4577.69
70354.5 4577.69
70736 4577.69
71117.5 4577.69
74552.8 4577.69
74932.2 4577.69
75313.7 4577.69
75695.2 4577.69
79502.9 4950.16
79884.4 4952.16
80265.9 4952.16
80647.3 5333.63
81028.8 5333.63
84459.1 4574.69
84840.6 4574.69
85222 4574.69
85603.5 4574.69
89033.8 4574.69
89415.3 4956.16
89796.7 4956.16
90178.2 4956.16
90559.7 4956.16
93608.5 4574.69
93990 4574.69
94371.4 4574.69
94752.9 4574.69
95134.4 4574.69
98183.2 4574.69
98564.7 4574.69
98946.1 4574.69
99327.6 4574.69
99709.1 4574.69
102758 4574.69
103139 4574.69
103521 4574.69
103902 4956.16
104284 4956.16
104667 4958.16
107336 4577.64
107717 4577.64
108098 4577.64
108480 4577.64
108861 4577.64
109243 4575.64
111913 4577.64
112295 4577.64
112676 4577.64
113058 4577.64
113439 4577.64
113820 4577.64
116491 4577.64
116872 4577.64
117254 4577.64
117635 4577.64
118017 4577.64
118398 4577.64
121068 4577.64
121450 4577.64
121831 4577.64
122213 4577.64
122594 4577.64
122976 4577.64
125646 4577.64
126028 4577.64
126409 4577.64
126790 4577.64
127172 4577.64
127553 4577.64
130224 4577.64
130605 4577.64
130987 4577.64
131368 4577.64
131750 4577.64
132131 4577.64
134801 4577.64
135183 4577.64
135564 4577.64
135946 4577.64
136327 4577.64
136709 4577.64
139379 4577.64
139760 4577.64
140142 4577.64
140523 4577.64
140905 4577.64
141286 4577.64
143957 4577.64
144338 4577.64
144720 4577.64
145101 4577.64
145482 4577.64
145864 4577.64
148534 4577.64
148916 4577.64
149297 4577.64
149679 4577.64
150060 4577.64
150442 4577.64
153112 4577.64
153493 4577.64
153875 4577.64
154256 4577.64
154638 4577.64
155019 4577.64
157690 4577.64
158071 4577.64
158452 4577.64
158834 4577.64
159215 4577.64
159597 4577.64
162267 4577.64
162649 4577.64
163030 4577.64
163412 4577.64
163793 4577.64
164175 4577.64
166845 4577.64
167226 4577.64
167608 4577.64
167989 4577.64
168371 4577.64
168752 4577.64
171422 4577.64
171804 4577.64
172185 4577.64
172567 4577.64
172948 4577.64
173330 4577.64
176000 4577.64
176382 4577.64
176763 4577.64
177144 4577.64
177526 4577.64
177907 4577.64
180578 4577.64
180959 4577.64
181341 4577.64
181722 4577.64
182104 4577.64
182485 4577.64
185155 4577.64
185537 4577.64
185918 4577.64
186300 4577.64
186681 4577.64
187063 4577.64
189733 4577.64
190114 4577.64
190496 4577.64
190877 4577.64
191259 4577.64
191640 4577.64
194311 4577.64
194692 4577.64
195074 4577.64
195455 4577.64
195836 4577.64
196218 4577.64
198888 4577.64
199270 4577.64
199651 4577.64
200033 4577.64
200414 4577.64
200796 4577.64
203466 4577.64
203847 4577.64
204229 4577.64
204610 4577.64
204992 4577.64
205373 4577.64
208044 4577.64
208425 4577.64
208806 4577.64
209188 4577.64
209569 4577.64
209951 4577.64
212621 4577.64
213003 4577.64
213384 4577.64
213766 4577.64
214147 4577.64
214529 4577.64
217199 4577.64
217580 4577.64
217962 4577.64
218343 4577.64
218725 4577.64
219106 4577.64
221776 4577.64
222158 4577.64
222539 4577.64
222921 4577.64
223302 4577.64
223684 4577.64
226354 4577.64
226736 4577.64
227117 4577.64
227498 4577.64
227880 4577.64
228261 4577.64
230932 4577.64
231313 4577.64
231695 4577.64
232076 4577.64
232458 4577.64
232839 4577.64
235509 4577.64
235891 4577.64
236272 4577.64
236654 4577.64
237035 4577.64
237417 4577.64
240087 4577.64
240468 4577.64
240850 4577.64
241231 4577.64
241613 4577.64
241994 4577.64
244665 4577.64
245046 4577.64
245428 4577.64
245809 4577.64
246190 4577.64
246572 4577.64
249242 4577.64
249624 4577.64
250005 4577.64
250387 4577.64
250768 4577.64
251150 4577.64
253820 4577.64
254201 4577.64
254583 4577.64
254964 4577.64
255346 4577.64
255727 4577.64
258398 4577.64
258779 4577.64
259160 4577.64
259542 4577.64
259923 4577.64
260305 4577.64
262975 4577.64
263357 4577.64
263738 4577.64
264120 4577.64
264501 4577.64
264883 4577.64
267553 4577.64
267934 4577.64
268316 4577.64
268697 4577.64
269079 4577.64
269460 4577.64
272130 4577.64
272512 4577.64
272893 4577.64
273275 4577.64
273656 4577.64
274038 4577.64
276708 4577.64
277090 4577.64
277471 4577.64
277852 4577.64
278234 4577.64
278615 4577.64
281286 4577.64
281667 4577.64
282049 4577.64
282430 4577.64
282812 4577.64
283193 4577.64
285863 4577.64
286245 4577.64
286626 4577.64
287008 4577.64
287389 4577.64
287771 4577.64
290441 4577.64
290822 4577.64
291204 4577.64
291585 4577.64
291967 4577.64
292348 4577.64
295019 4577.64
295400 4577.64
295782 4577.64
296163 4577.64
296544 4577.64
296926 4577.64
299596 4577.64
299978 4577.64
300359 4577.64
300741 4577.64
301122 4577.64
301504 4577.64
304174 4577.64
304555 4577.64
304937 4577.64
305318 4577.64
305700 4577.64
306081 4577.64
308752 4577.64
309133 4577.64
309514 4577.64
309896 4577.64
310277 4577.64
310659 4577.64
313329 4577.64
313711 4577.64
314092 4577.64
314474 4577.64
314855 4577.64
315237 4577.64
317907 4577.64
318288 4577.64
318670 4577.64
319051 4577.64
319433 4577.64
319814 4577.64
322484 4577.64
322866 4577.64
323247 4577.64
323629 4577.64
324010 4577.64
324392 4577.64
327062 4577.64
327444 4577.64
327825 4577.64
328206 4577.64
328588 4577.64
328969 4577.64
331640 4577.64
332021 4577.64
332403 4577.64
332784 4577.64
333166 4577.64
333547 4577.64
336217 4577.64
336599 4577.64
336980 4577.64
337362 4577.64
337743 4577.64
338125 4577.64
340795 4577.64
341176 4577.64
341558 4577.64
341939 4577.64
342321 4577.64
342702 4577.64
345373 4577.64
345754 4577.64
346136 4577.64
346517 4577.64
346899 4577.64
347280 4577.64
349950 4577.64
350332 4577.64
350713 4577.64
351095 4577.64
351476 4577.64
351858 4577.64
354528 4577.64
354909 4577.64
355291 4577.64
355672 4577.64
356054 4577.64
356435 4577.64
359106 4577.64
359487 4577.64
359868 4577.64
360250 4577.64
360631 4577.64
361013 4577.64
363683 4577.64
364065 4577.64
364446 4577.64
364828 4577.64
365209 4577.64
365591 4577.64
368261 4577.64
368642 4577.64
369024 4577.64
369405 4577.64
369787 4577.64
370168 4577.64
372838 4577.64
373220 4577.64
373601 4577.64
373983 4577.64
374364 4577.64
374746 4577.64
377416 4577.64
377798 4577.64
378179 4577.64
378560 4577.64
378942 4577.64
379323 4577.64
381994 4577.64
382375 4577.64
382757 4577.64
383138 4577.64
383520 4577.64
383901 4577.64
386571 4577.64
386953 4577.64
387334 4577.64
387716 4577.64
388097 4577.64
388479 4577.64
391149 4577.64
391530 4577.64
391912 4577.64
392293 4577.64
392675 4577.64
393056 4577.64
395727 4577.64
396108 4577.64
396490 4577.64
396871 4577.64
397253 4577.64
397634 4577.64
400304 4577.64
400686 4577.64
401067 4577.64
401449 4577.64
401830 4577.64
402212 4577.64
404882 4577.64
405263 4577.64
405645 4577.64
406026 4577.64
406408 4577.64
406789 4577.64
409460 4577.64
409841 4577.64
410222 4577.64
410604 4577.64
410985 4577.64
411367 4577.64
414037 4577.64
414419 4577.64
414800 4577.64
415182 4577.64
415563 4577.64
415945 4577.64
418615 4577.64
418996 4577.64
419378 4577.64
419759 4577.64
420141 4577.64
420522 4577.64
423192 4577.64
423574 4577.64
423955 4577.64
424337 4577.64
424718 4577.64
425100 4577.64
427772 4579.64
428154 4579.64
428535 4579.64
