20391 0
30495.8 0
40600.7 0
50928 0
51023.3 0
61040.8 0
61136.2 0
71153.7 0
71249 0
81457.3 0
81552.6 0
81648 0
91570.1 0
91665.5 0
91760.9 0
101921 0
102017 0
102112 0
102207 0
112034 0
112130 0
112225 0
112320 0
122147 0
122242 0
122338 0
122433 0
132451 0
132546 0
132641 0
132737 0
132832 0
142564 0
142659 0
142754 0
142850 0
142945 0
152915 0
153010 0
153105 0
153201 0
153296 0
153391 0
163027 0
163123 0
163218 0
163313 0
163409 0
163504 0
173379 0
173474 0
173569 0
173665 0
173760 0
173855 0
173951 0
183492 0
183587 0
183682 0
183778 0
183873 0
183968 0
184064 0
193843 0
193938 0
194034 0
194129 0
194224 0
194320 0
194415 0
194510 0
203956 0
204051 0
204146 0
204242 0
204337 0
204432 0
204528 0
204623 0
214307 0
214402 0
214498 0
214593 0
214688 0
214784 0
214879 0
214974 0
215070 0
224420 0
224515 0
224611 0
224706 0
224801 0
224897 0
224992 0
225087 0
225183 0
234533 0
234628 0
234723 0
234819 0
234914 0
235009 0
235105 0
235200 0
235296 0
244836 0
244932 0
245027 0
245122 0
245218 0
245313 0
245408 0
245504 0
245599 0
245695 0
254949 0
255044 0
255140 0
255235 0
255331 0
255426 0
255521 0
255617 0
255712 0
255807 0
265268 0
265363 0
265459 0
265554 0
265650 0
265745 0
265840 0
265936 0
266031 0
266126 0
266222 0
275381 0
275476 0
275572 0
275667 0
275762 0
275858 0
275953 0
276048 0
276144 0
276239 0
276335 0
285732 0
285828 0
285923 0
286018 0
286114 0
286209 0
286304 0
286400 0
286495 0
286590 0
286686 0
286781 0
295845 0
295940 0
296036 0
296131 0
296227 0
296322 0
296417 0
296513 0
296608 0
296703 0
296799 0
296894 0
306196 0
306292 0
306387 0
306482 0
306578 0
306673 0
306769 0
306864 0
306959 0
307055 0
307150 0
307245 0
307341 0
316309 0
316405 0
316500 0
316595 0
316691 0
316786 0
316881 0
316977 0
317072 0
317167 0
317263 0
317358 0
317454 0
326660 0
326756 0
326851 0
326947 0
327042 0
327137 0
327233 0
327328 0
327423 0
327519 0
327614 0
327709 0
327805 0
327900 0
336773 0
336869 0
336964 0
337059 0
337155 0
337250 0
337346 0
337441 0
337536 0
337632 0
337727 0
337822 0
337918 0
338013 0
347125 0
347220 0
347315 0
347411 0
347506 0
347601 0
347697 0
347792 0
347888 0
347983 0
348078 0
348174 0
348269 0
348363 0
348459 0
357237 0
357333 0
357428 0
357524 0
357619 0
357714 0
357810 0
357905 0
358000 0
358096 0
358191 0
358286 0
358382 0
358477 0
358573 0
367588 0
367683 0
367778 0
367874 0
367969 0
368065 0
368160 0
368255 0
368351 0
368446 0
368540 0
368636 0
368732 0
368874 0
368923 0
369017 0
377701 0
377796 0
377891 0
377987 0
378082 0
378177 0
378273 0
378368 0
378464 0
378559 0
378653 0
378749 0
378845 0
378988 0
379035 0
379130 0
388051 0
388146 0
388242 0
388337 0
388432 0
388528 0
388623 0
388719 0
388814 0
388909 0
389005 0
389100 0
389194 0
389338 0
389434 0
389529 0
389577 0
398164 0
398259 0
398355 0
398450 0
398545 0
398641 0
398736 0
398830 0
398926 0
399022 0
399118 0
399213 0
399307 0
399449 0
399546 0
399640 0
399689 0
408493 0
408588 0
408684 0
408779 0
408875 0
408969 0
409064 0
409161 0
409255 0
409350 0
409446 0
409540 0
409637 0
409780 0
409874 0
410018 0
410066 0
410112 0
418606 0
418701 0
418797 0
418892 0
418987 0
419083 0
419178 0
419274 0
419368 0
419463 0
419559 0
419653 0
419749 0
419892 0
419987 0
420131 0
420179 0
420225 0
428719 0
428814 0
428910 0
429005 0
429100 0
429195 0
429291 0
429386 0
429482 0
429577 0
429672 0
429766 0
429862 0
430005 0
430100 0
430244 0
430291 0
430338 0
438983 0
439079 0
439174 0
439269 0
439364 0
439460 0
439555 0
439650 0
439745 0
439840 0
439935 0
440031 0
440127 0
440221 0
440365 0
440460 0
440602 0
440651 0
440697 0
449096 0
449192 0
449287 0
449381 0
449477 0
449573 0
449668 0
449763 0
449858 0
449953 0
450048 0
450144 0
450240 0
450334 0
450478 0
450573 0
450715 0
450764 0
450810 0
459374 0
459468 0
459564 0
459708 0
459754 0
459850 0
459945 0
460039 0
460135 0
460231 0
460326 0
460422 0
460517 0
460613 0
460707 0
460849 0
460944 0
461087 0
461136 0
461184 0
469487 0
469581 0
469677 0
469821 0
469867 0
469963 0
470058 0
470152 0
470248 0
470344 0
470438 0
470535 0
470630 0
470726 0
470820 0
470962 0
471057 0
471200 0
471248 0
471297 0
479763 0
479860 0
479954 0
480097 0
480192 0
480288 0
480335 0
480431 0
480525 0
480622 0
480716 0
480812 0
480908 0
481001 0
481096 0
481192 0
481335 0
481430 0
481574 0
481621 0
481670 0
489876 0
489973 0
490067 0
490210 0
490305 0
490401 0
490447 0
490544 0
490638 0
490734 0
490829 0
490925 0
491021 0
491114 0
491209 0
491305 0
491448 0
491543 0
491686 0
491734 0
491783 0
500181 0
500276 0
500372 0
500515 0
500610 0
500752 0
500801 0
500895 0
500943 0
501039 0
501135 0
501229 0
501325 0
501421 0
501515 0
501609 0
501705 0
501849 0
501943 0
502087 0
502135 0
502182 0
510294 0
510389 0
510484 0
510628 0
510723 0
510865 0
510914 0
511008 0
511056 0
511152 0
511247 0
511342 0
511438 0
511533 0
511628 0
511722 0
511818 0
511962 0
512056 0
512200 0
512248 0
512294 0
520619 0
520713 0
520809 0
520952 0
521048 0
521190 0
521239 0
521382 0
521429 0
521523 0
521573 0
521668 0
521762 0
521857 0
521953 0
522048 0
522144 0
522238 0
522381 0
522478 0
522621 0
522667 0
522716 0
530731 0
530826 0
530921 0
531064 0
531160 0
531302 0
531351 0
531494 0
531540 0
531635 0
531684 0
531780 0
531874 0
531969 0
532065 0
532160 0
532256 0
532350 0
532493 0
532589 0
532733 0
532779 0
532828 0
541056 0
541152 0
541247 0
541390 0
541486 0
541629 0
541676 0
541820 0
541866 0
542010 0
542057 0
542152 0
542200 0
542295 0
542390 0
542486 0
542582 0
542676 0
542772 0
542916 0
543010 0
543154 0
543201 0
543250 0
551169 0
551264 0
551359 0
551502 0
551598 0
551741 0
551788 0
551932 0
551978 0
552122 0
552169 0
552264 0
552312 0
552407 0
552502 0
552597 0
552694 0
552788 0
552884 0
553027 0
553122 0
553266 0
553313 0
553361 0
561496 0
561593 0
561687 0
561831 0
561925 0
562069 0
562115 0
562259 0
562307 0
562450 0
562498 0
562641 0
562687 0
562783 0
562830 0
562926 0
563022 0
563117 0
563213 0
563308 0
563450 0
563546 0
563690 0
563736 0
563785 0
571608 0
571704 0
571799 0
571943 0
572037 0
572181 0
572227 0
572371 0
572419 0
572562 0
572609 0
572752 0
572799 0
572895 0
572942 0
573038 0
573134 0
573229 0
573325 0
573420 0
573562 0
573657 0
573802 0
573848 0
573897 0
581937 0
582034 0
582129 0
582270 0
582366 0
582510 0
582557 0
582700 0
582748 0
582891 0
582938 0
583081 0
583128 0
583271 0
583320 0
583416 0
583462 0
583558 0
583653 0
583748 0
583845 0
583987 0
584082 0
584224 0
584273 0
584320 0
592049 0
592146 0
592241 0
592382 0
592477 0
592621 0
592669 0
592812 0
592860 0
593003 0
593050 0
593193 0
593240 0
593383 0
593432 0
593527 0
593574 0
593669 0
593765 0
593860 0
593956 0
594099 0
594194 0
594336 0
594385 0
594431 0
602380 0
602475 0
602571 0
602712 0
602809 0
602952 0
602999 0
603142 0
603189 0
603332 0
603380 0
603523 0
603571 0
603715 0
603761 0
603905 0
603952 0
604047 0
604095 0
604190 0
604287 0
604382 0
604524 0
604620 0
604762 0
604810 0
604857 0
612680 0
612775 0
612869 0
613014 0
613108 0
613250 0
613299 0
613442 0
613490 0
613633 0
613680 0
613824 0
613870 0
614013 0
614062 0
614204 0
614253 0
614348 0
614395 0
614491 0
614586 0
614681 0
614825 0
614922 0
615065 0
615113 0
615161 0
623216 0
623312 0
623410 0
623550 0
623646 0
623789 0
623837 0
623980 0
624027 0
624171 0
624218 0
624362 0
624408 0
624552 0
624599 0
624743 0
624790 0
624933 0
624981 0
625076 0
625124 0
625219 0
625314 0
625456 0
625552 0
625694 0
625744 0
625789 0
633897 0
633993 0
634088 0
634231 0
634328 0
634471 0
634518 0
634661 0
634708 0
634852 0
634899 0
635043 0
635090 0
635234 0
635280 0
635424 0
635471 0
635617 0
635665 0
635760 0
635807 0
635903 0
635999 0
636142 0
636237 0
636380 0
636428 0
636475 0
644817 0
644913 0
645008 0
645151 0
645247 0
645390 0
645437 0
645581 0
645628 0
645772 0
645818 0
645961 0
646010 0
646152 0
646201 0
646344 0
646391 0
646534 0
646581 0
646724 0
646773 0
646866 0
646915 0
647010 0
647152 0
647249 0
647392 0
647438 0
647486 0
655880 0
655976 0
656070 0
656213 0
656310 0
656453 0
656500 0
656644 0
656690 0
656834 0
656881 0
657027 0
657075 0
657218 0
657265 0
657407 0
657455 0
657599 0
657646 0
657790 0
657838 0
657933 0
657981 0
658076 0
658219 0
658314 0
658457 0
658505 0
658553 0
667181 0
667277 0
667372 0
667515 0
667610 0
667754 0
667801 0
667945 0
667991 0
668134 0
668183 0
668326 0
668373 0
668516 0
668564 0
668708 0
668754 0
668897 0
668945 0
669088 0
669135 0
669279 0
669325 0
669421 0
669467 0
669611 0
669706 0
669850 0
669897 0
669945 0
678625 0
678721 0
678816 0
678960 0
679054 0
679198 0
679245 0
679389 0
679435 0
679581 0
679629 0
679772 0
679819 0
679963 0
680010 0
680154 0
680201 0
680344 0
680392 0
680535 0
680583 0
680726 0
680773 0
680869 0
680916 0
681060 0
681155 0
681298 0
681346 0
681393 0
690069 0
690165 0
690261 0
690404 0
690498 0
690642 0
690689 0
690833 0
690879 0
691023 0
691071 0
691214 0
691261 0
691404 0
691453 0
691596 0
691642 0
691785 0
691833 0
691976 0
692023 0
692167 0
692214 0
692309 0
692356 0
692499 0
692594 0
692738 0
692785 0
692833 0
701465 0
701562 0
701657 0
701800 0
701894 0
702038 0
702085 0
702229 0
702276 0
702419 0
702468 0
702610 0
702660 0
702803 0
702851 0
702993 0
703042 0
703185 0
703232 0
703376 0
703423 0
703566 0
703614 0
703709 0
703757 0
703900 0
703995 0
704139 0
704186 0
704234 0
712862 0
712958 0
713053 0
713196 0
713291 0
713435 0
713482 0
713626 0
713672 0
713815 0
713864 0
714007 0
714054 0
714197 0
714245 0
714389 0
714435 0
714578 0
714626 0
714769 0
714816 0
714960 0
715006 0
715102 0
715148 0
715292 0
715387 0
715531 0
715578 0
715626 0
724258 0
724354 0
724450 0
724593 0
724687 0
724831 0
724878 0
725022 0
725069 0
725212 0
725260 0
725403 0
725450 0
725596 0
725644 0
725786 0
725835 0
725978 0
726025 0
726168 0
726216 0
726359 0
726407 0
726502 0
726550 0
726741 0
726884 0
726931 0
726979 0
735607 0
735703 0
735799 0
735942 0
736036 0
736180 0
736227 0
736371 0
736417 0
736560 0
736609 0
736752 0
736799 0
736942 0
736991 0
737134 0
737180 0
737323 0
737371 0
737514 0
737561 0
737705 0
737752 0
737847 0
737894 0
738086 0
738227 0
738276 0
738323 0
746956 0
747052 0
747099 0
747195 0
747338 0
747432 0
747575 0
747623 0
747766 0
747815 0
747958 0
748005 0
748151 0
748198 0
748340 0
748389 0
748532 0
748580 0
748723 0
748770 0
748913 0
748961 0
749104 0
749152 0
749247 0
749295 0
749486 0
749629 0
749676 0
749724 0
758400 0
758496 0
758543 0
758639 0
758782 0
758879 0
759019 0
759067 0
759210 0
759259 0
759402 0
759450 0
759592 0
759640 0
759783 0
759830 0
759973 0
760021 0
760164 0
760213 0
760354 0
760402 0
760544 0
760593 0
760691 0
760739 0
760930 0
761073 0
761121 0
761168 0
769510 0
769606 0
769653 0
769748 0
769892 0
769987 0
770130 0
770178 0
770321 0
770369 0
770512 0
770560 0
770705 0
770753 0
770894 0
770940 0
771083 0
771131 0
771274 0
771323 0
771466 0
771513 0
771656 0
771702 0
771798 0
771846 0
772035 0
772179 0
772226 0
772275 0
780859 0
780955 0
781002 0
781097 0
781289 0
781383 0
781526 0
781574 0
781717 0
781766 0
781909 0
781956 0
782098 0
782146 0
782292 0
782340 0
782483 0
782530 0
782674 0
782721 0
782864 0
782912 0
783055 0
783103 0
783198 0
783246 0
783436 0
783580 0
783627 0
783675 0
792303 0
792399 0
792446 0
792541 0
792733 0
792827 0
792970 0
793018 0
793161 0
793210 0
793353 0
793400 0
793543 0
793591 0
793734 0
793781 0
793924 0
793972 0
794115 0
794163 0
794304 0
794353 0
794495 0
794544 0
794639 0
794685 0
794877 0
795020 0
795066 0
795115 0
803747 0
803843 0
803890 0
803985 0
804177 0
804271 0
804414 0
804462 0
804605 0
804654 0
804799 0
804845 0
804990 0
805036 0
805180 0
805228 0
805371 0
805419 0
805562 0
805609 0
805752 0
805800 0
805943 0
805991 0
806086 0
806134 0
806325 0
806468 0
806515 0
806563 0
815191 0
815287 0
815334 0
815429 0
815621 0
815715 0
815858 0
815906 0
816049 0
816098 0
816241 0
816289 0
816431 0
816479 0
816622 0
816669 0
816812 0
816860 0
817003 0
817052 0
817193 0
817241 0
817383 0
817432 0
817527 0
817573 0
817765 0
817908 0
817955 0
818003 0
826635 0
826731 0
826778 0
826873 0
827016 0
827113 0
827256 0
827303 0
827447 0
827493 0
827639 0
827687 0
827830 0
827878 0
828021 0
828068 0
828210 0
828259 0
828402 0
828450 0
828593 0
828641 0
828784 0
828831 0
828927 0
828974 0
829165 0
829308 0
829356 0
829404 0
837842 0
837936 0
837984 0
838079 0
838271 0
838414 0
838461 0
838604 0
838651 0
838794 0
838843 0
838986 0
839034 0
839176 0
839225 0
839368 0
839414 0
839557 0
839605 0
839748 0
839797 0
839938 0
839986 0
840082 0
840128 0
840318 0
840461 0
840510 0
840557 0
849142 0
849238 0
849285 0
849380 0
849429 0
849620 0
849809 0
849857 0
850000 0
850049 0
850192 0
850239 0
850381 0
850429 0
850574 0
850622 0
850766 0
850814 0
850957 0
851004 0
851147 0
851195 0
851338 0
851386 0
851481 0
851529 0
851720 0
851863 0
851910 0
851958 0
860682 0
860778 0
860824 0
860921 0
860967 0
861159 0
861350 0
861397 0
861540 0
861588 0
861731 0
861778 0
861922 0
861969 0
862112 0
862159 0
862302 0
862350 0
862493 0
862542 0
862683 0
862732 0
862874 0
862922 0
863018 0
863063 0
863255 0
863398 0
863446 0
863493 0
872126 0
872222 0
872268 0
872365 0
872411 0
872603 0
872794 0
872842 0
872987 0
873034 0
873177 0
873224 0
873368 0
873416 0
873559 0
873606 0
873749 0
873797 0
873940 0
873988 0
874131 0
874179 0
874322 0
874369 0
874465 0
874512 0
874703 0
874846 0
874894 0
874942 0
883570 0
883666 0
883712 0
883809 0
883855 0
883999 0
884189 0
884238 0
884380 0
884429 0
884572 0
884619 0
884761 0
884810 0
884953 0
885000 0
885143 0
885191 0
885334 0
885381 0
885524 0
885571 0
885715 0
885762 0
885857 0
885906 0
886095 0
886238 0
886286 0
886334 0
894919 0
895014 0
895061 0
895158 0
895204 0
895490 0
895538 0
895682 0
895729 0
895872 0
895920 0
896064 0
896112 0
896256 0
896304 0
896447 0
896495 0
896638 0
896685 0
896828 0
896876 0
897019 0
897067 0
897162 0
897210 0
897401 0
897544 0
897591 0
897639 0
906268 0
906363 0
906410 0
906506 0
906553 0
906602 0
906935 0
906983 0
907126 0
907174 0
907317 0
907364 0
907508 0
907554 0
907697 0
907745 0
907888 0
907936 0
908079 0
908127 0
908269 0
908317 0
908459 0
908508 0
908603 0
908649 0
908841 0
908984 0
909031 0
909078 0
917712 0
917807 0
917854 0
917950 0
917997 0
918046 0
918379 0
918427 0
918572 0
918620 0
918763 0
918810 0
918954 0
919001 0
919144 0
919192 0
919335 0
919383 0
919526 0
919573 0
919717 0
919764 0
919907 0
919955 0
920050 0
920098 0
920289 0
920432 0
920480 0
920527 0
929156 0
929251 0
929298 0
929394 0
929441 0
929490 0
929824 0
929871 0
930014 0
930062 0
930205 0
930252 0
930396 0
930442 0
930586 0
930633 0
930776 0
930824 0
930967 0
931016 0
931157 0
931205 0
931347 0
931396 0
931491 0
931537 0
931729 0
931876 0
931924 0
931971 0
940408 0
940505 0
940551 0
940647 0
940695 0
940743 0
941076 0
941124 0
941268 0
941317 0
941460 0
941508 0
941651 0
941698 0
941842 0
941889 0
942031 0
942077 0
942221 0
942268 0
942411 0
942459 0
942601 0
942649 0
942744 0
942792 0
942983 0
943125 0
943172 0
943221 0
951806 0
951901 0
951948 0
952044 0
952091 0
952140 0
952473 0
952521 0
952664 0
952712 0
952857 0
952904 0
953048 0
953095 0
953238 0
953286 0
953429 0
953477 0
953620 0
953667 0
953810 0
953858 0
954001 0
954049 0
954144 0
954192 0
954383 0
954526 0
954573 0
954621 0
963250 0
963345 0
963392 0
963488 0
963535 0
963584 0
963917 0
963965 0
964108 0
964156 0
964299 0
964346 0
964490 0
964536 0
964679 0
964727 0
964870 0
964918 0
965061 0
965110 0
965251 0
965299 0
965441 0
965490 0
965584 0
965633 0
965822 0
965965 0
966014 0
966060 0
974694 0
974789 0
974836 0
974932 0
974979 0
975028 0
975362 0
975409 0
975554 0
975602 0
975745 0
975792 0
975935 0
975983 0
976126 0
976174 0
976317 0
976365 0
976508 0
976556 0
976699 0
976746 0
976889 0
976937 0
977032 0
977080 0
977271 0
977414 0
977462 0
977509 0
986138 0
986233 0
986280 0
986376 0
986423 0
986472 0
986806 0
986853 0
986996 0
987044 0
987187 0
987234 0
987378 0
987424 0
987568 0
987615 0
987758 0
987806 0
987949 0
987998 0
988139 0
988187 0
988329 0
988378 0
988473 0
988521 0
988710 0
988858 0
988906 0
988953 0
997438 0
997534 0
997581 0
997676 0
997725 0
997773 0
998106 0
998153 0
998297 0
998344 0
998490 0
998538 0
998680 0
998727 0
998871 0
998919 0
999060 0
999107 0
999251 0
999298 0
999441 0
999488 0
999631 0
999679 0
999775 0
999821 0
1.00001e+06 0
1.00016e+06 0
1.0002e+06 0
1.00025e+06 0
1.00879e+06 0
1.00888e+06 0
1.00893e+06 0
1.00903e+06 0
1.00907e+06 0
1.00912e+06 0
1.00946e+06 0
1.0095e+06 0
1.00965e+06 0
1.00969e+06 0
1.00984e+06 0
1.00989e+06 0
1.01003e+06 0
1.01008e+06 0
1.01022e+06 0
1.01027e+06 0
1.01041e+06 0
1.01046e+06 0
1.0106e+06 0
1.01065e+06 0
1.01079e+06 0
1.01084e+06 0
1.01098e+06 0
1.01103e+06 0
1.01113e+06 0
1.01117e+06 0
1.01136e+06 0
1.01151e+06 0
1.01156e+06 0
1.0116e+06 0
1.02023e+06 0
1.02033e+06 0
1.02037e+06 0
1.02047e+06 0
1.02052e+06 0
1.02057e+06 0
1.0209e+06 0
1.02095e+06 0
1.02109e+06 0
1.02114e+06 0
1.02128e+06 0
1.02133e+06 0
1.02147e+06 0
1.02152e+06 0
1.02166e+06 0
1.02171e+06 0
1.02185e+06 0
1.0219e+06 0
1.02204e+06 0
1.02209e+06 0
1.02223e+06 0
1.02228e+06 0
1.02242e+06 0
1.02247e+06 0
1.02257e+06 0
1.02262e+06 0
1.0228e+06 0
1.02295e+06 0
1.023e+06 0
1.02304e+06 0
1.03168e+06 0
1.03177e+06 0
1.03182e+06 0
1.03191e+06 0
1.03196e+06 0
1.03201e+06 0
1.03234e+06 0
1.03239e+06 0
1.03254e+06 0
1.03258e+06 0
1.03273e+06 0
1.03277e+06 0
1.03292e+06 0
1.03297e+06 0
1.03311e+06 0
1.03316e+06 0
1.0333e+06 0
1.03335e+06 0
1.03349e+06 0
1.03354e+06 0
1.03368e+06 0
1.03373e+06 0
1.03387e+06 0
1.03392e+06 0
1.03401e+06 0
1.03406e+06 0
1.03425e+06 0
1.0344e+06 0
1.03444e+06 0
1.03449e+06 0
1.04312e+06 0
1.04322e+06 0
1.04326e+06 0
1.04336e+06 0
1.04341e+06 0
1.04345e+06 0
1.04379e+06 0
1.04384e+06 0
1.04398e+06 0
1.04403e+06 0
1.04417e+06 0
1.04422e+06 0
1.04436e+06 0
1.04441e+06 0
1.04455e+06 0
1.0446e+06 0
1.04474e+06 0
1.04479e+06 0
1.04493e+06 0
1.04498e+06 0
1.04512e+06 0
1.04517e+06 0
1.04531e+06 0
1.04536e+06 0
1.04545e+06 0
1.0455e+06 0
1.04569e+06 0
1.04584e+06 0
1.04588e+06 0
1.04593e+06 0
1.05456e+06 0
1.05466e+06 0
1.05471e+06 0
1.0548e+06 0
1.05485e+06 0
1.0549e+06 0
1.05523e+06 0
1.05528e+06 0
1.05542e+06 0
1.05547e+06 0
1.05562e+06 0
1.05566e+06 0
1.0558e+06 0
1.05585e+06 0
1.056e+06 0
1.05604e+06 0
1.05619e+06 0
1.05624e+06 0
1.05638e+06 0
1.05643e+06 0
1.05657e+06 0
1.05662e+06 0
1.05676e+06 0
1.05681e+06 0
1.0569e+06 0
1.05695e+06 0
1.05714e+06 0
1.05728e+06 0
1.05733e+06 0
1.05738e+06 0
1.06577e+06 0
1.06587e+06 0
1.06591e+06 0
1.06601e+06 0
1.06606e+06 0
1.06634e+06 0
1.06639e+06 0
1.06653e+06 0
1.06658e+06 0
1.06672e+06 0
1.06677e+06 0
1.06691e+06 0
1.06696e+06 0
1.0671e+06 0
1.06715e+06 0
1.06729e+06 0
1.06734e+06 0
1.06749e+06 0
1.06753e+06 0
1.06768e+06 0
1.06772e+06 0
1.06787e+06 0
1.06791e+06 0
1.06801e+06 0
1.06806e+06 0
1.06825e+06 0
1.06839e+06 0
1.06844e+06 0
1.06849e+06 0
1.07707e+06 0
1.07717e+06 0
1.07721e+06 0
1.07731e+06 0
1.07736e+06 0
1.07769e+06 0
1.07774e+06 0
1.07783e+06 0
1.07793e+06 0
1.07798e+06 0
1.07812e+06 0
1.07817e+06 0
1.07831e+06 0
1.07836e+06 0
1.0785e+06 0
1.07855e+06 0
1.07869e+06 0
1.07874e+06 0
1.07888e+06 0
1.07893e+06 0
1.07908e+06 0
1.07912e+06 0
1.07927e+06 0
1.07931e+06 0
1.07941e+06 0
1.07946e+06 0
1.07965e+06 0
1.07979e+06 0
1.07984e+06 0
1.07989e+06 0
1.08856e+06 0
1.08866e+06 0
1.08871e+06 0
1.0888e+06 0
1.08885e+06 0
1.08918e+06 0
1.08923e+06 0
1.08932e+06 0
1.08942e+06 0
1.08947e+06 0
1.08961e+06 0
1.08966e+06 0
1.0898e+06 0
1.08985e+06 0
1.08999e+06 0
1.09004e+06 0
1.09018e+06 0
1.09023e+06 0
1.09037e+06 0
1.09042e+06 0
1.09056e+06 0
1.09061e+06 0
1.09075e+06 0
1.0908e+06 0
1.0909e+06 0
1.09095e+06 0
1.09113e+06 0
1.09128e+06 0
1.09133e+06 0
1.09137e+06 0
1.10001e+06 0
1.1001e+06 0
1.10015e+06 0
1.10024e+06 0
1.10029e+06 0
1.10063e+06 0
1.10067e+06 0
1.10077e+06 0
1.10086e+06 0
1.10091e+06 0
1.10106e+06 0
1.1011e+06 0
1.10125e+06 0
1.1013e+06 0
1.10144e+06 0
1.10149e+06 0
1.10163e+06 0
1.10168e+06 0
1.10182e+06 0
1.10187e+06 0
1.10201e+06 0
1.10206e+06 0
1.1022e+06 0
1.10225e+06 0
1.10235e+06 0
1.10239e+06 0
1.10258e+06 0
1.10273e+06 0
1.10277e+06 0
1.10282e+06 0
1.11145e+06 0
1.11155e+06 0
1.11159e+06 0
1.11169e+06 0
1.11174e+06 0
1.11207e+06 0
1.11212e+06 0
1.11221e+06 0
1.11231e+06 0
1.11236e+06 0
1.1125e+06 0
1.11255e+06 0
1.11269e+06 0
1.11274e+06 0
1.11288e+06 0
1.11293e+06 0
1.11307e+06 0
1.11312e+06 0
1.11326e+06 0
1.11331e+06 0
1.11345e+06 0
1.1135e+06 0
1.11364e+06 0
1.11369e+06 0
1.11379e+06 0
1.11383e+06 0
1.11402e+06 0
1.11417e+06 0
1.11421e+06 0
1.11426e+06 0
1.12285e+06 0
1.12294e+06 0
1.12299e+06 0
1.12308e+06 0
1.12313e+06 0
1.12347e+06 0
1.12351e+06 0
1.12356e+06 0
1.12366e+06 0
1.1238e+06 0
1.12385e+06 0
1.12399e+06 0
1.12404e+06 0
1.12418e+06 0
1.12423e+06 0
1.12438e+06 0
1.12442e+06 0
1.12457e+06 0
1.12461e+06 0
1.12476e+06 0
1.1248e+06 0
1.12495e+06 0
1.12499e+06 0
1.12509e+06 0
1.12514e+06 0
1.12533e+06 0
1.12547e+06 0
1.12552e+06 0
1.12557e+06 0
1.13415e+06 0
1.13424e+06 0
1.13429e+06 0
1.13439e+06 0
1.13443e+06 0
1.13477e+06 0
1.13482e+06 0
1.13486e+06 0
1.13496e+06 0
1.13515e+06 0
1.1352e+06 0
1.13529e+06 0
1.13539e+06 0
1.13543e+06 0
1.13558e+06 0
1.13563e+06 0
1.13577e+06 0
1.13582e+06 0
1.13596e+06 0
1.13601e+06 0
1.13615e+06 0
1.1362e+06 0
1.13634e+06 0
1.13639e+06 0
1.13648e+06 0
1.13653e+06 0
1.13672e+06 0
1.13686e+06 0
1.13691e+06 0
1.13696e+06 0
1.14559e+06 0
1.14569e+06 0
1.14574e+06 0
1.14583e+06 0
1.14588e+06 0
1.14621e+06 0
1.14626e+06 0
1.14631e+06 0
1.1464e+06 0
1.1466e+06 0
1.14664e+06 0
1.14674e+06 0
1.14683e+06 0
1.14688e+06 0
1.14702e+06 0
1.14707e+06 0
1.14721e+06 0
1.14726e+06 0
1.14741e+06 0
1.14745e+06 0
1.1476e+06 0
1.14764e+06 0
1.14779e+06 0
1.14784e+06 0
1.14793e+06 0
1.14798e+06 0
1.14817e+06 0
1.14831e+06 0
1.14836e+06 0
1.14841e+06 0
1.15704e+06 0
1.15713e+06 0
1.15718e+06 0
1.15727e+06 0
1.15732e+06 0
1.15766e+06 0
1.1577e+06 0
1.15775e+06 0
1.15785e+06 0
1.15804e+06 0
1.15808e+06 0
1.15818e+06 0
1.15828e+06 0
1.15832e+06 0
1.15847e+06 0
1.15851e+06 0
1.15866e+06 0
1.15871e+06 0
1.15885e+06 0
1.1589e+06 0
1.15904e+06 0
1.15908e+06 0
1.15923e+06 0
1.15928e+06 0
1.15937e+06 0
1.15942e+06 0
1.15961e+06 0
1.15975e+06 0
1.1598e+06 0
1.15985e+06 0
1.16848e+06 0
1.16857e+06 0
1.16862e+06 0
1.16872e+06 0
1.16877e+06 0
1.1691e+06 0
1.16915e+06 0
1.1692e+06 0
1.16929e+06 0
1.16948e+06 0
1.16953e+06 0
1.16963e+06 0
1.16972e+06 0
1.16977e+06 0
1.16991e+06 0
1.16996e+06 0
1.1701e+06 0
1.17015e+06 0
1.17029e+06 0
1.17034e+06 0
1.17049e+06 0
1.17053e+06 0
1.17068e+06 0
1.17072e+06 0
1.17082e+06 0
1.17087e+06 0
1.17106e+06 0
1.1712e+06 0
1.17125e+06 0
1.1713e+06 0
1.17988e+06 0
1.17997e+06 0
1.18002e+06 0
1.18011e+06 0
1.18016e+06 0
1.1805e+06 0
1.18054e+06 0
1.18059e+06 0
1.18069e+06 0
1.18088e+06 0
1.18093e+06 0
1.18102e+06 0
1.18112e+06 0
1.18126e+06 0
1.18131e+06 0
1.18145e+06 0
1.1815e+06 0
1.18164e+06 0
1.18169e+06 0
1.18183e+06 0
1.18188e+06 0
1.18202e+06 0
1.18207e+06 0
1.18216e+06 0
1.18221e+06 0
1.1824e+06 0
1.18255e+06 0
1.18259e+06 0
1.18264e+06 0
1.19118e+06 0
1.19127e+06 0
1.19132e+06 0
1.19142e+06 0
1.19146e+06 0
1.1918e+06 0
1.19185e+06 0
1.19189e+06 0
1.19199e+06 0
1.19218e+06 0
1.19223e+06 0
1.19232e+06 0
1.19242e+06 0
1.19252e+06 0
1.19261e+06 0
1.19266e+06 0
1.1928e+06 0
1.19285e+06 0
1.19299e+06 0
1.19304e+06 0
1.19318e+06 0
1.19323e+06 0
1.19337e+06 0
1.19342e+06 0
1.19352e+06 0
1.19356e+06 0
1.19375e+06 0
1.1939e+06 0
1.19395e+06 0
1.19399e+06 0
1.20262e+06 0
1.20272e+06 0
1.20277e+06 0
1.20286e+06 0
1.20291e+06 0
1.20324e+06 0
1.20329e+06 0
1.20334e+06 0
1.20343e+06 0
1.20362e+06 0
1.20367e+06 0
1.20377e+06 0
1.20386e+06 0
1.20396e+06 0
1.20405e+06 0
1.2041e+06 0
1.20424e+06 0
1.20429e+06 0
1.20443e+06 0
1.20448e+06 0
1.20462e+06 0
1.20467e+06 0
1.20481e+06 0
1.20486e+06 0
1.20496e+06 0
1.20501e+06 0
1.20519e+06 0
1.20534e+06 0
1.20538e+06 0
1.20543e+06 0
1.21407e+06 0
1.21416e+06 0
1.21421e+06 0
1.2143e+06 0
1.21435e+06 0
1.21469e+06 0
1.21473e+06 0
1.21478e+06 0
1.21488e+06 0
1.21507e+06 0
1.21512e+06 0
1.21521e+06 0
1.21531e+06 0
1.2154e+06 0
1.2155e+06 0
1.21555e+06 0
1.21569e+06 0
1.21574e+06 0
1.21588e+06 0
1.21593e+06 0
1.21607e+06 0
1.21612e+06 0
1.21626e+06 0
1.21631e+06 0
1.2164e+06 0
1.21645e+06 0
1.21664e+06 0
1.21679e+06 0
1.21683e+06 0
1.21688e+06 0
1.22546e+06 0
1.22556e+06 0
1.22561e+06 0
1.2257e+06 0
1.22575e+06 0
1.22608e+06 0
1.22613e+06 0
1.22618e+06 0
1.22627e+06 0
1.22646e+06 0
1.22651e+06 0
1.22661e+06 0
1.2267e+06 0
1.2268e+06 0
1.22689e+06 0
1.22694e+06 0
1.22708e+06 0
1.22713e+06 0
1.22727e+06 0
1.22732e+06 0
1.22746e+06 0
1.22751e+06 0
1.22765e+06 0
1.2277e+06 0
1.2278e+06 0
1.22785e+06 0
1.22803e+06 0
1.22818e+06 0
1.22823e+06 0
1.22827e+06 0
1.23686e+06 0
1.23695e+06 0
1.237e+06 0
1.2371e+06 0
1.23715e+06 0
1.23748e+06 0
1.23753e+06 0
1.23757e+06 0
1.23767e+06 0
1.23786e+06 0
1.23791e+06 0
1.238e+06 0
1.2381e+06 0
1.2382e+06 0
1.23829e+06 0
1.23834e+06 0
1.23848e+06 0
1.23853e+06 0
1.23867e+06 0
1.23872e+06 0
1.23882e+06 0
1.23896e+06 0
1.23901e+06 0
1.2391e+06 0
1.23915e+06 0
1.23934e+06 0
1.23948e+06 0
1.23953e+06 0
1.23958e+06 0
1.24816e+06 0
1.24825e+06 0
1.2483e+06 0
1.2484e+06 0
1.24845e+06 0
1.24878e+06 0
1.24883e+06 0
1.24888e+06 0
1.24897e+06 0
1.24916e+06 0
1.24921e+06 0
1.2493e+06 0
1.2494e+06 0
1.2495e+06 0
1.24959e+06 0
1.24964e+06 0
1.24978e+06 0
1.24983e+06 0
1.24997e+06 0
1.25002e+06 0
1.25011e+06 0
1.25026e+06 0
1.2503e+06 0
1.25045e+06 0
1.25049e+06 0
1.25059e+06 0
1.25073e+06 0
1.25088e+06 0
1.25092e+06 0
1.25097e+06 0
1.2596e+06 0
1.2597e+06 0
1.25975e+06 0
1.25984e+06 0
1.25989e+06 0
1.26022e+06 0
1.26027e+06 0
1.26032e+06 0
1.26041e+06 0
1.26061e+06 0
1.26066e+06 0
1.26075e+06 0
1.26085e+06 0
1.26094e+06 0
1.26104e+06 0
1.26108e+06 0
1.26123e+06 0
1.26127e+06 0
1.26142e+06 0
1.26147e+06 0
1.26156e+06 0
1.2617e+06 0
1.26175e+06 0
1.26189e+06 0
1.26194e+06 0
1.26204e+06 0
1.26218e+06 0
1.26232e+06 0
1.26237e+06 0
1.26242e+06 0
1.27105e+06 0
1.27114e+06 0
1.27119e+06 0
1.27129e+06 0
1.27133e+06 0
1.27167e+06 0
1.27172e+06 0
1.27176e+06 0
1.27186e+06 0
1.27205e+06 0
1.2721e+06 0
1.27219e+06 0
1.27229e+06 0
1.27238e+06 0
1.27248e+06 0
1.27253e+06 0
1.27267e+06 0
1.27272e+06 0
1.27286e+06 0
1.27291e+06 0
1.273e+06 0
1.27315e+06 0
1.27319e+06 0
1.27334e+06 0
1.27338e+06 0
1.27348e+06 0
1.27362e+06 0
1.27376e+06 0
1.27381e+06 0
1.27386e+06 0
1.28249e+06 0
1.28259e+06 0
1.28264e+06 0
1.28273e+06 0
1.28278e+06 0
1.28311e+06 0
1.28316e+06 0
1.28321e+06 0
1.2833e+06 0
1.2835e+06 0
1.28354e+06 0
1.28364e+06 0
1.28373e+06 0
1.28383e+06 0
1.28392e+06 0
1.28397e+06 0
1.28412e+06 0
1.28416e+06 0
1.28431e+06 0
1.28435e+06 0
1.28445e+06 0
1.28459e+06 0
1.28464e+06 0
1.28478e+06 0
1.28483e+06 0
1.28493e+06 0
1.28507e+06 0
1.28521e+06 0
1.28526e+06 0
1.28531e+06 0
1.29389e+06 0
1.29398e+06 0
1.29403e+06 0
1.29413e+06 0
1.29417e+06 0
1.29451e+06 0
1.29456e+06 0
1.2946e+06 0
1.2947e+06 0
1.29489e+06 0
1.29494e+06 0
1.29503e+06 0
1.29513e+06 0
1.29522e+06 0
1.29532e+06 0
1.29537e+06 0
1.29551e+06 0
1.29556e+06 0
1.2957e+06 0
1.29575e+06 0
1.29584e+06 0
1.29599e+06 0
1.29603e+06 0
1.29618e+06 0
1.29622e+06 0
1.29632e+06 0
1.29656e+06 0
1.2966e+06 0
1.29665e+06 0
1.30524e+06 0
1.30533e+06 0
1.30538e+06 0
1.30547e+06 0
1.30552e+06 0
1.30586e+06 0
1.30591e+06 0
1.30595e+06 0
1.30605e+06 0
1.30624e+06 0
1.30629e+06 0
1.30638e+06 0
1.30648e+06 0
1.30657e+06 0
1.30667e+06 0
1.30672e+06 0
1.30686e+06 0
1.30691e+06 0
1.30705e+06 0
1.3071e+06 0
1.30719e+06 0
1.30734e+06 0
1.30739e+06 0
1.30753e+06 0
1.30758e+06 0
1.30767e+06 0
1.30791e+06 0
1.30796e+06 0
1.30801e+06 0
1.30805e+06 0
1.31668e+06 0
1.31678e+06 0
1.31682e+06 0
1.31692e+06 0
1.31697e+06 0
1.3173e+06 0
1.31735e+06 0
1.3174e+06 0
1.31749e+06 0
1.31768e+06 0
1.31773e+06 0
1.31782e+06 0
1.31792e+06 0
1.31802e+06 0
1.31811e+06 0
1.31816e+06 0
1.3183e+06 0
1.31835e+06 0
1.31849e+06 0
1.31854e+06 0
1.31863e+06 0
1.31878e+06 0
1.31883e+06 0
1.31897e+06 0
1.31902e+06 0
1.31911e+06 0
1.31935e+06 0
1.3194e+06 0
1.31945e+06 0
1.3195e+06 0
1.32789e+06 0
1.32798e+06 0
1.32803e+06 0
1.32808e+06 0
1.32841e+06 0
1.32846e+06 0
1.32851e+06 0
1.3286e+06 0
1.32879e+06 0
1.32884e+06 0
1.32894e+06 0
1.32903e+06 0
1.32913e+06 0
1.32922e+06 0
1.32927e+06 0
1.32942e+06 0
1.32946e+06 0
1.3296e+06 0
1.32965e+06 0
1.32975e+06 0
1.32989e+06 0
1.32994e+06 0
1.33008e+06 0
1.33013e+06 0
1.33022e+06 0
1.33046e+06 0
1.33051e+06 0
1.33055e+06 0
1.3306e+06 0
1.33919e+06 0
1.33928e+06 0
1.33933e+06 0
1.33938e+06 0
1.33976e+06 0
1.33981e+06 0
1.33986e+06 0
1.33995e+06 0
1.34e+06 0
1.34019e+06 0
1.34024e+06 0
1.34033e+06 0
1.34043e+06 0
1.34053e+06 0
1.34062e+06 0
1.34067e+06 0
1.34081e+06 0
1.34086e+06 0
1.341e+06 0
1.34105e+06 0
1.34115e+06 0
1.34129e+06 0
1.34134e+06 0
1.34148e+06 0
1.34153e+06 0
1.34162e+06 0
1.34186e+06 0
1.34191e+06 0
1.34196e+06 0
1.342e+06 0
1.35063e+06 0
1.35073e+06 0
1.35078e+06 0
1.35082e+06 0
1.3512e+06 0
1.35125e+06 0
1.3513e+06 0
1.35139e+06 0
1.35144e+06 0
1.35163e+06 0
1.35168e+06 0
1.35178e+06 0
1.35187e+06 0
1.35197e+06 0
1.35206e+06 0
1.35211e+06 0
1.35225e+06 0
1.3523e+06 0
1.35244e+06 0
1.35249e+06 0
1.35259e+06 0
1.35273e+06 0
1.35278e+06 0
1.35292e+06 0
1.35297e+06 0
1.35306e+06 0
1.3533e+06 0
1.35335e+06 0
1.3534e+06 0
1.35344e+06 0
1.36208e+06 0
1.36217e+06 0
1.36222e+06 0
1.36227e+06 0
1.36265e+06 0
1.3627e+06 0
1.36274e+06 0
1.36284e+06 0
1.36289e+06 0
1.36308e+06 0
1.36313e+06 0
1.36322e+06 0
1.36332e+06 0
1.36341e+06 0
1.36351e+06 0
1.36356e+06 0
1.3637e+06 0
1.36375e+06 0
1.36389e+06 0
1.36394e+06 0
1.36403e+06 0
1.36418e+06 0
1.36422e+06 0
1.36437e+06 0
1.36441e+06 0
1.36451e+06 0
1.36475e+06 0
1.3648e+06 0
1.36484e+06 0
1.36489e+06 0
1.37352e+06 0
1.37361e+06 0
1.37366e+06 0
1.37371e+06 0
1.37409e+06 0
1.37414e+06 0
1.37419e+06 0
1.37428e+06 0
1.37433e+06 0
1.37452e+06 0
1.37457e+06 0
1.37466e+06 0
1.37476e+06 0
1.37486e+06 0
1.37495e+06 0
1.375e+06 0
1.37514e+06 0
1.37519e+06 0
1.37533e+06 0
1.37538e+06 0
1.37547e+06 0
1.37562e+06 0
1.37567e+06 0
1.37581e+06 0
1.37586e+06 0
1.37595e+06 0
1.37619e+06 0
1.37624e+06 0
1.37628e+06 0
1.37633e+06 0
1.38496e+06 0
1.38506e+06 0
1.38511e+06 0
1.38516e+06 0
1.38554e+06 0
1.38558e+06 0
1.38563e+06 0
1.38573e+06 0
1.38592e+06 0
1.38597e+06 0
1.38606e+06 0
1.38616e+06 0
1.38625e+06 0
1.38635e+06 0
1.3864e+06 0
1.38654e+06 0
1.38659e+06 0
1.38673e+06 0
1.38678e+06 0
1.38687e+06 0
1.38702e+06 0
1.38706e+06 0
1.38721e+06 0
1.38726e+06 0
1.38735e+06 0
1.38759e+06 0
1.38764e+06 0
1.38768e+06 0
1.38773e+06 0
1.39626e+06 0
1.39636e+06 0
1.39641e+06 0
1.39646e+06 0
1.39684e+06 0
1.39689e+06 0
1.39693e+06 0
1.39703e+06 0
1.39717e+06 0
1.39722e+06 0
1.39731e+06 0
1.39741e+06 0
1.3975e+06 0
1.3976e+06 0
1.39765e+06 0
1.39779e+06 0
1.39784e+06 0
1.39798e+06 0
1.39803e+06 0
1.39812e+06 0
1.39827e+06 0
1.39831e+06 0
1.39846e+06 0
1.39851e+06 0
1.3986e+06 0
1.39884e+06 0
1.39889e+06 0
1.39893e+06 0
1.39898e+06 0
1.40761e+06 0
1.40771e+06 0
1.40776e+06 0
1.40781e+06 0
1.40823e+06 0
1.40828e+06 0
1.40833e+06 0
1.40843e+06 0
1.40847e+06 0
1.40862e+06 0
1.40866e+06 0
1.40876e+06 0
1.40886e+06 0
1.40895e+06 0
1.40905e+06 0
1.40909e+06 0
1.40924e+06 0
1.40929e+06 0
1.40943e+06 0
1.40948e+06 0
1.40957e+06 0
1.40971e+06 0
1.40976e+06 0
1.40991e+06 0
1.40995e+06 0
1.41005e+06 0
1.41029e+06 0
1.41033e+06 0
1.41038e+06 0
1.41043e+06 0
1.41906e+06 0
1.41915e+06 0
1.4192e+06 0
1.41925e+06 0
1.41968e+06 0
1.41973e+06 0
1.41977e+06 0
1.41987e+06 0
1.41992e+06 0
1.42006e+06 0
1.42011e+06 0
1.4202e+06 0
1.4203e+06 0
1.42039e+06 0
1.42049e+06 0
1.42054e+06 0
1.42068e+06 0
1.42073e+06 0
1.42087e+06 0
1.42092e+06 0
1.42101e+06 0
1.42116e+06 0
1.4212e+06 0
1.42135e+06 0
1.42139e+06 0
1.42149e+06 0
1.42173e+06 0
1.42177e+06 0
1.42182e+06 0
1.42187e+06 0
1.4305e+06 0
1.4306e+06 0
1.43065e+06 0
1.43069e+06 0
1.43112e+06 0
1.43117e+06 0
1.43122e+06 0
1.43131e+06 0
1.43136e+06 0
1.43151e+06 0
1.43155e+06 0
1.43165e+06 0
1.43174e+06 0
1.43184e+06 0
1.43193e+06 0
1.43198e+06 0
1.43212e+06 0
1.43217e+06 0
1.43232e+06 0
1.43236e+06 0
1.43246e+06 0
1.4326e+06 0
1.43265e+06 0
1.43279e+06 0
1.43284e+06 0
1.43294e+06 0
1.43317e+06 0
1.43322e+06 0
1.43327e+06 0
1.43332e+06 0
1.44195e+06 0
1.44204e+06 0
1.44209e+06 0
1.44214e+06 0
1.44257e+06 0
1.44261e+06 0
1.44266e+06 0
1.44276e+06 0
1.4428e+06 0
1.44295e+06 0
1.44299e+06 0
1.44309e+06 0
1.44319e+06 0
1.44328e+06 0
1.44338e+06 0
1.44342e+06 0
1.44357e+06 0
1.44362e+06 0
1.44376e+06 0
1.44381e+06 0
1.4439e+06 0
1.44404e+06 0
1.44409e+06 0
1.44423e+06 0
1.44428e+06 0
1.44438e+06 0
1.44461e+06 0
1.44466e+06 0
1.44471e+06 0
1.44476e+06 0
1.45339e+06 0
1.45349e+06 0
1.45353e+06 0
1.45391e+06 0
1.45396e+06 0
1.45401e+06 0
1.45411e+06 0
1.45415e+06 0
1.4543e+06 0
1.45435e+06 0
1.45444e+06 0
1.45454e+06 0
1.45463e+06 0
1.45473e+06 0
1.45478e+06 0
1.45492e+06 0
1.45497e+06 0
1.45511e+06 0
1.45516e+06 0
1.45525e+06 0
1.4554e+06 0
1.45544e+06 0
1.45559e+06 0
1.45563e+06 0
1.45573e+06 0
1.45597e+06 0
1.45602e+06 0
1.45606e+06 0
1.45611e+06 0
1.46464e+06 0
1.46474e+06 0
1.46479e+06 0
1.46522e+06 0
1.46526e+06 0
1.46531e+06 0
1.46541e+06 0
1.46545e+06 0
1.46555e+06 0
1.46565e+06 0
1.46569e+06 0
1.46579e+06 0
1.46588e+06 0
1.46598e+06 0
1.46607e+06 0
1.46612e+06 0
1.46626e+06 0
1.46631e+06 0
1.46646e+06 0
1.4665e+06 0
1.4666e+06 0
1.46674e+06 0
1.46679e+06 0
1.46693e+06 0
1.46698e+06 0
1.46707e+06 0
1.46731e+06 0
1.46736e+06 0
1.46741e+06 0
1.46746e+06 0
1.47609e+06 0
1.47618e+06 0
1.47623e+06 0
1.47666e+06 0
1.47671e+06 0
1.47676e+06 0
1.47685e+06 0
1.4769e+06 0
1.477e+06 0
1.47709e+06 0
1.47714e+06 0
1.47723e+06 0
1.47733e+06 0
1.47743e+06 0
1.47752e+06 0
1.47757e+06 0
1.47771e+06 0
1.47776e+06 0
1.4779e+06 0
1.47795e+06 0
1.47805e+06 0
1.47819e+06 0
1.47824e+06 0
1.47838e+06 0
1.47843e+06 0
1.47852e+06 0
1.47876e+06 0
1.47881e+06 0
1.47886e+06 0
1.4789e+06 0
1.48753e+06 0
1.48763e+06 0
1.48768e+06 0
1.4881e+06 0
1.48815e+06 0
1.4882e+06 0
1.48829e+06 0
1.48834e+06 0
1.48844e+06 0
1.48853e+06 0
1.48863e+06 0
1.48872e+06 0
1.48882e+06 0
1.48891e+06 0
1.48896e+06 0
1.4891e+06 0
1.48915e+06 0
1.4893e+06 0
1.48934e+06 0
1.48944e+06 0
1.48958e+06 0
1.48963e+06 0
1.48977e+06 0
1.48982e+06 0
1.48991e+06 0
1.49015e+06 0
1.4902e+06 0
1.49025e+06 0
1.49029e+06 0
1.49893e+06 0
1.49902e+06 0
1.49907e+06 0
1.4995e+06 0
1.49955e+06 0
1.4996e+06 0
1.49969e+06 0
1.49974e+06 0
1.49983e+06 0
1.49993e+06 0
1.50003e+06 0
1.50008e+06 0
1.50017e+06 0
1.50026e+06 0
1.50031e+06 0
1.50046e+06 0
1.5005e+06 0
1.50065e+06 0
1.50069e+06 0
1.50079e+06 0
1.50093e+06 0
1.50098e+06 0
1.50112e+06 0
1.50117e+06 0
1.50127e+06 0
1.50151e+06 0
1.50155e+06 0
1.5016e+06 0
1.50165e+06 0
1.51028e+06 0
1.51037e+06 0
1.51042e+06 0
1.51085e+06 0
1.5109e+06 0
1.51095e+06 0
1.51104e+06 0
1.51109e+06 0
1.51118e+06 0
1.51128e+06 0
1.51137e+06 0
1.51142e+06 0
1.51152e+06 0
1.51161e+06 0
1.51166e+06 0
1.5118e+06 0
1.51185e+06 0
1.51199e+06 0
1.51204e+06 0
1.51214e+06 0
1.51228e+06 0
1.51233e+06 0
1.51247e+06 0
1.51252e+06 0
1.51261e+06 0
1.51285e+06 0
1.5129e+06 0
1.51295e+06 0
1.51299e+06 0
1.52163e+06 0
1.52172e+06 0
1.52177e+06 0
1.52186e+06 0
1.52229e+06 0
1.52234e+06 0
1.52239e+06 0
1.52248e+06 0
1.52253e+06 0
1.52263e+06 0
1.52272e+06 0
1.52282e+06 0
1.52287e+06 0
1.52296e+06 0
1.52306e+06 0
1.52311e+06 0
1.52325e+06 0
1.5233e+06 0
1.52344e+06 0
1.52349e+06 0
1.52358e+06 0
1.52373e+06 0
1.52377e+06 0
1.52392e+06 0
1.52396e+06 0
1.52406e+06 0
1.5243e+06 0
1.52435e+06 0
1.52439e+06 0
1.52444e+06 0
1.53307e+06 0
1.53316e+06 0
1.53321e+06 0
1.53331e+06 0
1.53374e+06 0
1.53379e+06 0
1.53383e+06 0
1.53393e+06 0
1.53398e+06 0
1.53407e+06 0
1.53417e+06 0
1.53426e+06 0
1.53431e+06 0
1.53441e+06 0
1.5345e+06 0
1.53464e+06 0
1.53469e+06 0
1.53479e+06 0
1.53483e+06 0
1.53493e+06 0
1.53507e+06 0
1.53512e+06 0
1.53526e+06 0
1.53531e+06 0
1.5354e+06 0
1.53564e+06 0
1.53569e+06 0
1.53574e+06 0
1.53579e+06 0
1.54423e+06 0
1.54432e+06 0
1.54437e+06 0
1.54447e+06 0
1.5449e+06 0
1.54494e+06 0
1.54499e+06 0
1.54509e+06 0
1.54513e+06 0
1.54523e+06 0
1.54532e+06 0
1.54542e+06 0
1.54547e+06 0
1.54557e+06 0
1.54566e+06 0
1.5458e+06 0
1.54585e+06 0
1.54595e+06 0
1.54599e+06 0
1.54609e+06 0
1.54628e+06 0
1.54633e+06 0
1.54647e+06 0
1.54652e+06 0
1.54661e+06 0
1.54666e+06 0
1.5469e+06 0
1.54695e+06 0
1.547e+06 0
1.54704e+06 0
1.55567e+06 0
1.55577e+06 0
1.55582e+06 0
1.55591e+06 0
1.55634e+06 0
1.55639e+06 0
1.55643e+06 0
1.55653e+06 0
1.55658e+06 0
1.55667e+06 0
1.55677e+06 0
1.55686e+06 0
1.55691e+06 0
1.55701e+06 0
1.5571e+06 0
1.55724e+06 0
1.55729e+06 0
1.55739e+06 0
1.55744e+06 0
1.55753e+06 0
1.55772e+06 0
1.55777e+06 0
1.55791e+06 0
1.55796e+06 0
1.55805e+06 0
1.5581e+06 0
1.55834e+06 0
1.55839e+06 0
1.55844e+06 0
1.55848e+06 0
1.56712e+06 0
1.56721e+06 0
1.56726e+06 0
1.56735e+06 0
1.56778e+06 0
1.56783e+06 0
1.56788e+06 0
1.56798e+06 0
1.56802e+06 0
1.56812e+06 0
1.56822e+06 0
1.56831e+06 0
1.56836e+06 0
1.56845e+06 0
1.56855e+06 0
1.56869e+06 0
1.56874e+06 0
1.56883e+06 0
1.56888e+06 0
1.56898e+06 0
1.56917e+06 0
1.56922e+06 0
1.56936e+06 0
1.56941e+06 0
1.5695e+06 0
1.56955e+06 0
1.56979e+06 0
1.56984e+06 0
1.56988e+06 0
1.56993e+06 0
1.57856e+06 0
1.57865e+06 0
1.5787e+06 0
1.5788e+06 0
1.57923e+06 0
1.57928e+06 0
1.57932e+06 0
1.57942e+06 0
1.57947e+06 0
1.57956e+06 0
1.57966e+06 0
1.57975e+06 0
1.5798e+06 0
1.5799e+06 0
1.57999e+06 0
1.58013e+06 0
1.58018e+06 0
1.58028e+06 0
1.58032e+06 0
1.58042e+06 0
1.58061e+06 0
1.58066e+06 0
1.5808e+06 0
1.58085e+06 0
1.58094e+06 0
1.58099e+06 0
1.58123e+06 0
1.58128e+06 0
1.58132e+06 0
1.58137e+06 0
1.59001e+06 0
1.5901e+06 0
1.59015e+06 0
1.59024e+06 0
1.59067e+06 0
1.59072e+06 0
1.59077e+06 0
1.59086e+06 0
1.59091e+06 0
1.59101e+06 0
1.5911e+06 0
1.5912e+06 0
1.59125e+06 0
1.59134e+06 0
1.59144e+06 0
1.59158e+06 0
1.59163e+06 0
1.59172e+06 0
1.59177e+06 0
1.59187e+06 0
1.59206e+06 0
1.5921e+06 0
1.59225e+06 0
1.5923e+06 0
1.59239e+06 0
1.59244e+06 0
1.59268e+06 0
1.59272e+06 0
1.59277e+06 0
1.59282e+06 0
1.6013e+06 0
1.6014e+06 0
1.60145e+06 0
1.60188e+06 0
1.60192e+06 0
1.60197e+06 0
1.60207e+06 0
1.60212e+06 0
1.60221e+06 0
1.60231e+06 0
1.6024e+06 0
1.60245e+06 0
1.60254e+06 0
1.60264e+06 0
1.60278e+06 0
1.60283e+06 0
1.60293e+06 0
1.60297e+06 0
1.60307e+06 0
1.60326e+06 0
1.60331e+06 0
1.60345e+06 0
1.6035e+06 0
1.60359e+06 0
1.60364e+06 0
1.60388e+06 0
1.60393e+06 0
1.60397e+06 0
1.60402e+06 0
1.61251e+06 0
1.61265e+06 0
1.6127e+06 0
1.6128e+06 0
1.61318e+06 0
1.61323e+06 0
1.61327e+06 0
1.61337e+06 0
1.61342e+06 0
1.61351e+06 0
1.61361e+06 0
1.6137e+06 0
1.61375e+06 0
1.61385e+06 0
1.61394e+06 0
1.61409e+06 0
1.61413e+06 0
1.61423e+06 0
1.61428e+06 0
1.61437e+06 0
1.61456e+06 0
1.61461e+06 0
1.61475e+06 0
1.6148e+06 0
1.6149e+06 0
1.61495e+06 0
1.61518e+06 0
1.61523e+06 0
1.61528e+06 0
1.61533e+06 0
1.62395e+06 0
1.6241e+06 0
1.62415e+06 0
1.62424e+06 0
1.62462e+06 0
1.62467e+06 0
1.62472e+06 0
1.62481e+06 0
1.62486e+06 0
1.62496e+06 0
1.62505e+06 0
1.62515e+06 0
1.62519e+06 0
1.62529e+06 0
1.62538e+06 0
1.62553e+06 0
1.62558e+06 0
1.62567e+06 0
1.62572e+06 0
1.62581e+06 0
1.626e+06 0
1.62605e+06 0
1.6262e+06 0
1.62624e+06 0
1.62634e+06 0
1.62639e+06 0
1.62662e+06 0
1.62667e+06 0
1.62672e+06 0
1.62677e+06 0
1.6354e+06 0
1.63554e+06 0
1.63559e+06 0
1.63569e+06 0
1.63607e+06 0
1.63611e+06 0
1.63616e+06 0
1.63626e+06 0
1.63631e+06 0
1.6364e+06 0
1.6365e+06 0
1.63659e+06 0
1.63664e+06 0
1.63674e+06 0
1.63683e+06 0
1.63697e+06 0
1.63702e+06 0
1.63712e+06 0
1.63717e+06 0
1.63726e+06 0
1.63745e+06 0
1.6375e+06 0
1.63764e+06 0
1.63769e+06 0
1.63779e+06 0
1.63783e+06 0
1.63807e+06 0
1.63812e+06 0
1.63817e+06 0
1.63821e+06 0
1.64684e+06 0
1.64699e+06 0
1.64703e+06 0
1.64713e+06 0
1.64751e+06 0
1.64756e+06 0
1.64761e+06 0
1.6477e+06 0
1.64775e+06 0
1.64784e+06 0
1.64794e+06 0
1.64804e+06 0
1.64808e+06 0
1.64818e+06 0
1.64827e+06 0
1.64842e+06 0
1.64846e+06 0
1.64856e+06 0
1.64861e+06 0
1.6487e+06 0
1.64889e+06 0
1.64894e+06 0
1.64908e+06 0
1.64913e+06 0
1.64923e+06 0
1.64927e+06 0
1.64951e+06 0
1.64956e+06 0
1.64961e+06 0
1.64965e+06 0
1.65829e+06 0
1.65843e+06 0
1.65848e+06 0
1.65857e+06 0
1.65896e+06 0
1.659e+06 0
1.65905e+06 0
1.65915e+06 0
1.6592e+06 0
1.65929e+06 0
1.65939e+06 0
1.65948e+06 0
1.65953e+06 0
1.65962e+06 0
1.65972e+06 0
1.65986e+06 0
1.65991e+06 0
1.66001e+06 0
1.66005e+06 0
1.66015e+06 0
1.66034e+06 0
1.66039e+06 0
1.66053e+06 0
1.66058e+06 0
1.66067e+06 0
1.66072e+06 0
1.66096e+06 0
1.66101e+06 0
1.66106e+06 0
1.6611e+06 0
1.66964e+06 0
1.66978e+06 0
1.66983e+06 0
1.66992e+06 0
1.6703e+06 0
1.67035e+06 0
1.6704e+06 0
1.67049e+06 0
1.67054e+06 0
1.67064e+06 0
1.67073e+06 0
1.67083e+06 0
1.67088e+06 0
1.67097e+06 0
1.67107e+06 0
1.67121e+06 0
1.67126e+06 0
1.67135e+06 0
1.6714e+06 0
1.6715e+06 0
1.67168e+06 0
1.67173e+06 0
1.67188e+06 0
1.67192e+06 0
1.67202e+06 0
1.67207e+06 0
1.6723e+06 0
1.67235e+06 0
1.6724e+06 0
1.67245e+06 0
1.68094e+06 0
1.68108e+06 0
1.68113e+06 0
1.68122e+06 0
1.68161e+06 0
1.68165e+06 0
1.6817e+06 0
1.6818e+06 0
1.68185e+06 0
1.68194e+06 0
1.68204e+06 0
1.68213e+06 0
1.68218e+06 0
1.68227e+06 0
1.68237e+06 0
1.68251e+06 0
1.68256e+06 0
1.68265e+06 0
1.6827e+06 0
1.6828e+06 0
1.68299e+06 0
1.68304e+06 0
1.68318e+06 0
1.68323e+06 0
1.68332e+06 0
1.68337e+06 0
1.68361e+06 0
1.68366e+06 0
1.68371e+06 0
1.68375e+06 0
1.69238e+06 0
1.69252e+06 0
1.69257e+06 0
1.69267e+06 0
1.69305e+06 0
1.6931e+06 0
1.69314e+06 0
1.69324e+06 0
1.69329e+06 0
1.69338e+06 0
1.69348e+06 0
1.69357e+06 0
1.69362e+06 0
1.69372e+06 0
1.69381e+06 0
1.69395e+06 0
1.694e+06 0
1.6941e+06 0
1.69414e+06 0
1.69424e+06 0
1.69443e+06 0
1.69448e+06 0
1.69462e+06 0
1.69467e+06 0
1.69476e+06 0
1.69481e+06 0
1.69505e+06 0
1.6951e+06 0
1.69514e+06 0
1.69519e+06 0
1.70383e+06 0
1.70397e+06 0
1.70402e+06 0
1.70411e+06 0
1.70449e+06 0
1.70454e+06 0
1.70459e+06 0
1.70469e+06 0
1.70473e+06 0
1.70483e+06 0
1.70492e+06 0
1.70502e+06 0
1.70507e+06 0
1.70516e+06 0
1.70526e+06 0
1.7054e+06 0
1.70545e+06 0
1.70554e+06 0
1.70559e+06 0
1.70569e+06 0
1.70588e+06 0
1.70593e+06 0
1.70607e+06 0
1.70612e+06 0
1.70621e+06 0
1.70626e+06 0
1.7065e+06 0
1.70655e+06 0
1.70659e+06 0
1.70664e+06 0
1.71527e+06 0
1.71541e+06 0
1.71546e+06 0
1.71556e+06 0
1.71594e+06 0
1.71598e+06 0
1.71603e+06 0
1.71613e+06 0
1.71617e+06 0
1.71627e+06 0
1.71637e+06 0
1.71646e+06 0
1.71651e+06 0
1.7166e+06 0
1.7167e+06 0
1.71684e+06 0
1.71689e+06 0
1.71699e+06 0
1.71703e+06 0
1.71713e+06 0
1.71732e+06 0
1.71737e+06 0
1.71751e+06 0
1.71756e+06 0
1.71765e+06 0
1.7177e+06 0
1.71794e+06 0
1.71799e+06 0
1.71803e+06 0
1.71808e+06 0
1.72672e+06 0
1.72686e+06 0
1.7269e+06 0
1.727e+06 0
1.72738e+06 0
1.72743e+06 0
1.72748e+06 0
1.72757e+06 0
1.72762e+06 0
1.72772e+06 0
1.72781e+06 0
1.72791e+06 0
1.72796e+06 0
1.72805e+06 0
1.72815e+06 0
1.72829e+06 0
1.72834e+06 0
1.72843e+06 0
1.72848e+06 0
1.72858e+06 0
1.72877e+06 0
1.72881e+06 0
1.72896e+06 0
1.729e+06 0
1.7291e+06 0
1.72915e+06 0
1.72939e+06 0
1.72943e+06 0
1.72948e+06 0
1.72953e+06 0
1.73801e+06 0
1.73816e+06 0
1.73821e+06 0
1.7383e+06 0
1.73868e+06 0
1.73873e+06 0
1.73878e+06 0
1.73887e+06 0
1.73892e+06 0
1.73902e+06 0
1.73911e+06 0
1.73921e+06 0
1.73925e+06 0
1.73935e+06 0
1.73944e+06 0
1.73959e+06 0
1.73964e+06 0
1.73973e+06 0
1.73978e+06 0
1.73987e+06 0
1.74006e+06 0
1.74011e+06 0
1.74025e+06 0
1.7403e+06 0
1.7404e+06 0
1.74044e+06 0
1.74068e+06 0
1.74073e+06 0
1.74078e+06 0
1.74083e+06 0
1.74946e+06 0
1.7496e+06 0
1.74965e+06 0
1.74975e+06 0
1.75013e+06 0
1.75017e+06 0
1.75022e+06 0
1.75032e+06 0
1.75037e+06 0
1.75046e+06 0
1.75056e+06 0
1.75065e+06 0
1.7507e+06 0
1.7508e+06 0
1.75089e+06 0
1.75103e+06 0
1.75108e+06 0
1.75118e+06 0
1.75123e+06 0
1.75132e+06 0
1.75151e+06 0
1.75156e+06 0
1.7517e+06 0
1.75175e+06 0
1.75185e+06 0
1.75189e+06 0
1.75213e+06 0
1.75218e+06 0
1.75223e+06 0
1.75227e+06 0
1.7609e+06 0
1.76105e+06 0
1.76109e+06 0
1.76119e+06 0
1.76157e+06 0
1.76162e+06 0
1.76166e+06 0
1.76176e+06 0
1.76181e+06 0
1.7619e+06 0
1.762e+06 0
1.7621e+06 0
1.76214e+06 0
1.76224e+06 0
1.76233e+06 0
1.76248e+06 0
1.76252e+06 0
1.76262e+06 0
1.76267e+06 0
1.76276e+06 0
1.76295e+06 0
1.763e+06 0
1.76314e+06 0
1.76319e+06 0
1.76329e+06 0
1.76333e+06 0
1.76357e+06 0
1.76362e+06 0
1.76367e+06 0
1.76371e+06 0
1.77235e+06 0
1.77249e+06 0
1.77254e+06 0
1.77263e+06 0
1.77301e+06 0
1.77306e+06 0
1.77311e+06 0
1.77321e+06 0
1.77326e+06 0
1.77335e+06 0
1.77345e+06 0
1.77354e+06 0
1.77359e+06 0
1.77368e+06 0
1.77378e+06 0
1.77392e+06 0
1.77397e+06 0
1.77407e+06 0
1.77411e+06 0
1.77421e+06 0
1.7744e+06 0
1.77445e+06 0
1.77459e+06 0
1.77464e+06 0
1.77473e+06 0
1.77478e+06 0
1.77502e+06 0
1.77507e+06 0
1.77511e+06 0
1.77516e+06 0
1.78379e+06 0
1.78393e+06 0
1.78398e+06 0
1.78408e+06 0
1.78446e+06 0
1.78451e+06 0
1.78455e+06 0
1.78465e+06 0
1.7847e+06 0
1.78479e+06 0
1.78489e+06 0
1.78498e+06 0
1.78503e+06 0
1.78513e+06 0
1.78522e+06 0
1.78536e+06 0
1.78541e+06 0
1.78551e+06 0
1.78555e+06 0
1.78565e+06 0
1.78584e+06 0
1.78589e+06 0
1.78603e+06 0
1.78608e+06 0
1.78618e+06 0
1.78623e+06 0
1.78646e+06 0
1.78651e+06 0
1.78656e+06 0
1.78661e+06 0
1.795e+06 0
1.79514e+06 0
1.79519e+06 0
1.79562e+06 0
1.79566e+06 0
1.79571e+06 0
1.79581e+06 0
1.79585e+06 0
1.79595e+06 0
1.79605e+06 0
1.79614e+06 0
1.79619e+06 0
1.79628e+06 0
1.79638e+06 0
1.79652e+06 0
1.79657e+06 0
1.79666e+06 0
1.79671e+06 0
1.79681e+06 0
1.797e+06 0
1.79705e+06 0
1.79719e+06 0
1.79724e+06 0
1.79733e+06 0
1.79738e+06 0
1.79762e+06 0
1.79766e+06 0
1.79771e+06 0
1.79776e+06 0
1.8063e+06 0
1.80644e+06 0
1.80649e+06 0
1.80658e+06 0
1.80697e+06 0
1.80701e+06 0
1.80706e+06 0
1.80716e+06 0
1.8072e+06 0
1.8073e+06 0
1.8074e+06 0
1.80749e+06 0
1.80754e+06 0
1.80764e+06 0
1.80773e+06 0
1.80787e+06 0
1.80792e+06 0
1.80802e+06 0
1.80806e+06 0
1.80816e+06 0
1.80835e+06 0
1.8084e+06 0
1.80854e+06 0
1.80859e+06 0
1.80868e+06 0
1.80873e+06 0
1.80897e+06 0
1.80902e+06 0
1.80907e+06 0
1.80911e+06 0
1.81774e+06 0
1.81789e+06 0
1.81793e+06 0
1.81803e+06 0
1.81841e+06 0
1.81846e+06 0
1.8185e+06 0
1.8186e+06 0
1.81865e+06 0
1.81874e+06 0
1.81884e+06 0
1.81893e+06 0
1.81898e+06 0
1.81908e+06 0
1.81917e+06 0
1.81931e+06 0
1.81936e+06 0
1.81946e+06 0
1.81951e+06 0
1.8196e+06 0
1.81979e+06 0
1.81984e+06 0
1.81998e+06 0
1.82003e+06 0
1.82013e+06 0
1.82017e+06 0
1.82041e+06 0
1.82046e+06 0
1.82051e+06 0
1.82055e+06 0
1.82919e+06 0
1.82933e+06 0
1.82938e+06 0
1.82947e+06 0
1.82985e+06 0
1.8299e+06 0
1.82995e+06 0
1.83005e+06 0
1.83009e+06 0
1.83019e+06 0
1.83028e+06 0
1.83038e+06 0
1.83043e+06 0
1.83052e+06 0
1.83062e+06 0
1.83076e+06 0
1.83081e+06 0
1.8309e+06 0
1.83095e+06 0
1.83105e+06 0
1.83124e+06 0
1.83129e+06 0
1.83143e+06 0
1.83148e+06 0
1.83157e+06 0
1.83162e+06 0
1.83186e+06 0
1.83191e+06 0
1.83195e+06 0
1.832e+06 0
1.84063e+06 0
1.84077e+06 0
1.84082e+06 0
1.84092e+06 0
1.8413e+06 0
1.84135e+06 0
1.84139e+06 0
1.84149e+06 0
1.84154e+06 0
1.84163e+06 0
1.84173e+06 0
1.84182e+06 0
1.84187e+06 0
1.84197e+06 0
1.84206e+06 0
1.8422e+06 0
1.84225e+06 0
1.84235e+06 0
1.84239e+06 0
1.84249e+06 0
1.84268e+06 0
1.84273e+06 0
1.84287e+06 0
1.84292e+06 0
1.84301e+06 0
1.84306e+06 0
1.8433e+06 0
1.84335e+06 0
1.84339e+06 0
1.84344e+06 0
1.85203e+06 0
1.85217e+06 0
1.85222e+06 0
1.85231e+06 0
1.85269e+06 0
1.85274e+06 0
1.85279e+06 0
1.85288e+06 0
1.85293e+06 0
1.85303e+06 0
1.85313e+06 0
1.85322e+06 0
1.85327e+06 0
1.85336e+06 0
1.85346e+06 0
1.8536e+06 0
1.85365e+06 0
1.85375e+06 0
1.85379e+06 0
1.85389e+06 0
1.85408e+06 0
1.85413e+06 0
1.85427e+06 0
1.85432e+06 0
1.85441e+06 0
1.85446e+06 0
1.8547e+06 0
1.85475e+06 0
1.85479e+06 0
1.85484e+06 0
1.86337e+06 0
1.86352e+06 0
1.86357e+06 0
1.86366e+06 0
1.86404e+06 0
1.86409e+06 0
1.86419e+06 0
1.86423e+06 0
1.86433e+06 0
1.86442e+06 0
1.86452e+06 0
1.86457e+06 0
1.86466e+06 0
1.86476e+06 0
1.8649e+06 0
1.86495e+06 0
1.86504e+06 0
1.86509e+06 0
1.86519e+06 0
1.86538e+06 0
1.86542e+06 0
1.86557e+06 0
1.86561e+06 0
1.86571e+06 0
1.86576e+06 0
1.86599e+06 0
1.86604e+06 0
1.86609e+06 0
1.86614e+06 0
1.87472e+06 0
1.87487e+06 0
1.87491e+06 0
1.87501e+06 0
1.87539e+06 0
1.87544e+06 0
1.87553e+06 0
1.87558e+06 0
1.87568e+06 0
1.87573e+06 0
1.87582e+06 0
1.87592e+06 0
1.87597e+06 0
1.87606e+06 0
1.87616e+06 0
1.8763e+06 0
1.87635e+06 0
1.87644e+06 0
1.87649e+06 0
1.87659e+06 0
1.87678e+06 0
1.87682e+06 0
1.87697e+06 0
1.87701e+06 0
1.87711e+06 0
1.87716e+06 0
1.8774e+06 0
1.87744e+06 0
1.87749e+06 0
1.87754e+06 0
1.88617e+06 0
1.88631e+06 0
1.88636e+06 0
1.88645e+06 0
1.88684e+06 0
1.88688e+06 0
1.88698e+06 0
1.88703e+06 0
1.88712e+06 0
1.88717e+06 0
1.88726e+06 0
1.88736e+06 0
1.88741e+06 0
1.8875e+06 0
1.8876e+06 0
1.88774e+06 0
1.88779e+06 0
1.88788e+06 0
1.88793e+06 0
1.88803e+06 0
1.88822e+06 0
1.88827e+06 0
1.88841e+06 0
1.88846e+06 0
1.88855e+06 0
1.8886e+06 0
1.88884e+06 0
1.88888e+06 0
1.88893e+06 0
1.88898e+06 0
1.89756e+06 0
1.89771e+06 0
1.89776e+06 0
1.89785e+06 0
1.89823e+06 0
1.89828e+06 0
1.89838e+06 0
1.89842e+06 0
1.89852e+06 0
1.89857e+06 0
1.89866e+06 0
1.89876e+06 0
1.89881e+06 0
1.8989e+06 0
1.899e+06 0
1.89914e+06 0
1.89919e+06 0
1.89928e+06 0
1.89933e+06 0
1.89943e+06 0
1.89962e+06 0
1.89966e+06 0
1.89981e+06 0
1.89986e+06 0
1.89995e+06 0
1.9e+06 0
1.90024e+06 0
1.90028e+06 0
1.90033e+06 0
1.90038e+06 0
1.90891e+06 0
1.90906e+06 0
1.9091e+06 0
1.9092e+06 0
1.90958e+06 0
1.90963e+06 0
1.90972e+06 0
1.90977e+06 0
1.90987e+06 0
1.90991e+06 0
1.91001e+06 0
1.91011e+06 0
1.91015e+06 0
1.91025e+06 0
1.91034e+06 0
1.91049e+06 0
1.91053e+06 0
1.91063e+06 0
1.91068e+06 0
1.91077e+06 0
1.91096e+06 0
1.91101e+06 0
1.91115e+06 0
1.9112e+06 0
1.9113e+06 0
1.91134e+06 0
1.91158e+06 0
1.91163e+06 0
1.91168e+06 0
1.91172e+06 0
1.92026e+06 0
1.92041e+06 0
1.92045e+06 0
1.92055e+06 0
1.92093e+06 0
1.92098e+06 0
1.92107e+06 0
1.92112e+06 0
1.92122e+06 0
1.92126e+06 0
1.92136e+06 0
1.92146e+06 0
1.9215e+06 0
1.9216e+06 0
1.92169e+06 0
1.92184e+06 0
1.92188e+06 0
1.92198e+06 0
1.92203e+06 0
1.92212e+06 0
1.92231e+06 0
1.92236e+06 0
1.92251e+06 0
1.92255e+06 0
1.92265e+06 0
1.9227e+06 0
1.92293e+06 0
1.92298e+06 0
1.92303e+06 0
1.92308e+06 0
1.93171e+06 0
1.93185e+06 0
1.9319e+06 0
1.93199e+06 0
1.93237e+06 0
1.93242e+06 0
1.93252e+06 0
1.93256e+06 0
1.93266e+06 0
1.93271e+06 0
1.9328e+06 0
1.9329e+06 0
1.93294e+06 0
1.93304e+06 0
1.93314e+06 0
1.93328e+06 0
1.93333e+06 0
1.93342e+06 0
1.93347e+06 0
1.93356e+06 0
1.93375e+06 0
1.9338e+06 0
1.93395e+06 0
1.93399e+06 0
1.93409e+06 0
1.93414e+06 0
1.93437e+06 0
1.93442e+06 0
1.93447e+06 0
1.93452e+06 0
1.94291e+06 0
1.94305e+06 0
1.9431e+06 0
1.9432e+06 0
1.94358e+06 0
1.94367e+06 0
1.94372e+06 0
1.94382e+06 0
1.94387e+06 0
1.94396e+06 0
1.94406e+06 0
1.9441e+06 0
1.94415e+06 0
1.94425e+06 0
1.94439e+06 0
1.94444e+06 0
1.94453e+06 0
1.94458e+06 0
1.94468e+06 0
1.94487e+06 0
1.94492e+06 0
1.94506e+06 0
1.94511e+06 0
1.9452e+06 0
1.94525e+06 0
1.94549e+06 0
1.94554e+06 0
1.94558e+06 0
1.94563e+06 0
1.95416e+06 0
1.95431e+06 0
1.95435e+06 0
1.95445e+06 0
1.95455e+06 0
1.95493e+06 0
1.95502e+06 0
1.95507e+06 0
1.95517e+06 0
1.95521e+06 0
1.95531e+06 0
1.9554e+06 0
1.95545e+06 0
1.9555e+06 0
1.95559e+06 0
1.95574e+06 0
1.95579e+06 0
1.95588e+06 0
1.95593e+06 0
1.95602e+06 0
1.95621e+06 0
1.95626e+06 0
1.9564e+06 0
1.95645e+06 0
1.95655e+06 0
1.9566e+06 0
1.95683e+06 0
1.95688e+06 0
1.95693e+06 0
1.95698e+06 0
1.96561e+06 0
1.96575e+06 0
1.9658e+06 0
1.9659e+06 0
1.96599e+06 0
1.96637e+06 0
1.96647e+06 0
1.96652e+06 0
1.96661e+06 0
1.96666e+06 0
1.96676e+06 0
1.96685e+06 0
1.9669e+06 0
1.96695e+06 0
1.96704e+06 0
1.96718e+06 0
1.96723e+06 0
1.96733e+06 0
1.96738e+06 0
1.96747e+06 0
1.96766e+06 0
1.96771e+06 0
1.96785e+06 0
1.9679e+06 0
1.968e+06 0
1.96804e+06 0
1.96828e+06 0
1.96833e+06 0
1.96838e+06 0
1.96842e+06 0
1.97705e+06 0
1.9772e+06 0
1.97724e+06 0
1.97734e+06 0
1.97743e+06 0
1.97782e+06 0
1.97791e+06 0
1.97796e+06 0
1.97805e+06 0
1.9781e+06 0
1.9782e+06 0
1.97829e+06 0
1.97834e+06 0
1.97839e+06 0
1.97848e+06 0
1.97863e+06 0
1.97867e+06 0
1.97877e+06 0
1.97882e+06 0
1.97891e+06 0
1.9791e+06 0
1.97915e+06 0
1.97929e+06 0
1.97934e+06 0
1.97944e+06 0
1.97948e+06 0
1.97972e+06 0
1.97977e+06 0
1.97982e+06 0
1.97986e+06 0
1.9885e+06 0
1.98864e+06 0
1.98869e+06 0
1.98878e+06 0
1.98888e+06 0
1.98926e+06 0
1.98936e+06 0
1.9894e+06 0
1.9895e+06 0
1.98955e+06 0
1.98964e+06 0
1.98974e+06 0
1.98979e+06 0
1.98983e+06 0
1.98993e+06 0
1.99007e+06 0
1.99012e+06 0
1.99022e+06 0
1.99026e+06 0
1.99036e+06 0
1.99055e+06 0
1.9906e+06 0
1.99074e+06 0
1.99079e+06 0
1.99088e+06 0
1.99093e+06 0
1.99117e+06 0
1.99122e+06 0
1.99127e+06 0
1.99131e+06 0
1.99989e+06 0
2.00004e+06 0
2.00008e+06 0
2.00018e+06 0
2.00028e+06 0
2.00066e+06 0
2.00075e+06 0
2.0008e+06 0
2.0009e+06 0
2.00094e+06 0
2.00104e+06 0
2.00113e+06 0
2.00118e+06 0
2.00123e+06 0
2.00132e+06 0
2.00147e+06 0
2.00151e+06 0
2.00161e+06 0
2.00166e+06 0
2.00175e+06 0
2.00194e+06 0
2.00199e+06 0
2.00213e+06 0
2.00218e+06 0
2.00228e+06 0
2.00232e+06 0
2.00256e+06 0
2.00261e+06 0
2.00266e+06 0
2.00271e+06 0
2.01129e+06 0
2.01143e+06 0
2.01148e+06 0
2.01158e+06 0
2.01167e+06 0
2.01201e+06 0
2.0121e+06 0
2.0122e+06 0
2.01225e+06 0
2.01234e+06 0
2.01244e+06 0
2.01248e+06 0
2.01253e+06 0
2.01263e+06 0
2.01277e+06 0
2.01282e+06 0
2.01291e+06 0
2.01296e+06 0
2.01306e+06 0
2.01325e+06 0
2.01329e+06 0
2.01344e+06 0
2.01349e+06 0
2.01358e+06 0
2.01363e+06 0
2.01387e+06 0
2.01391e+06 0
2.01396e+06 0
2.01401e+06 0
2.02254e+06 0
2.02269e+06 0
2.02273e+06 0
2.02283e+06 0
2.02293e+06 0
2.02331e+06 0
2.02335e+06 0
2.0235e+06 0
2.02354e+06 0
2.02364e+06 0
2.02369e+06 0
2.02378e+06 0
2.02383e+06 0
2.02388e+06 0
2.02397e+06 0
2.02412e+06 0
2.02416e+06 0
2.02426e+06 0
2.02431e+06 0
2.0244e+06 0
2.02459e+06 0
2.02464e+06 0
2.02478e+06 0
2.02483e+06 0
2.02493e+06 0
2.02497e+06 0
2.02521e+06 0
2.02526e+06 0
2.02531e+06 0
2.02535e+06 0
2.03399e+06 0
2.03413e+06 0
2.03418e+06 0
2.03427e+06 0
2.03437e+06 0
2.03475e+06 0
2.0348e+06 0
2.03494e+06 0
2.03499e+06 0
2.03509e+06 0
2.03513e+06 0
2.03523e+06 0
2.03528e+06 0
2.03532e+06 0
2.03542e+06 0
2.03556e+06 0
2.03561e+06 0
2.03571e+06 0
2.03575e+06 0
2.03585e+06 0
2.03604e+06 0
2.03609e+06 0
2.03623e+06 0
2.03628e+06 0
2.03637e+06 0
2.03642e+06 0
2.03666e+06 0
2.03671e+06 0
2.03676e+06 0
2.0368e+06 0
2.04543e+06 0
2.04557e+06 0
2.04562e+06 0
2.04572e+06 0
2.04581e+06 0
2.04619e+06 0
2.04624e+06 0
2.04639e+06 0
2.04643e+06 0
2.04653e+06 0
2.04658e+06 0
2.04667e+06 0
2.04672e+06 0
2.04677e+06 0
2.04686e+06 0
2.047e+06 0
2.04705e+06 0
2.04715e+06 0
2.0472e+06 0
2.04729e+06 0
2.04748e+06 0
2.04753e+06 0
2.04767e+06 0
2.04772e+06 0
2.04781e+06 0
2.04786e+06 0
2.0481e+06 0
2.04815e+06 0
2.0482e+06 0
2.04824e+06 0
2.05687e+06 0
2.05702e+06 0
2.05707e+06 0
2.05716e+06 0
2.05726e+06 0
2.05764e+06 0
2.05769e+06 0
2.05783e+06 0
2.05788e+06 0
2.05797e+06 0
2.05802e+06 0
2.05812e+06 0
2.05817e+06 0
2.05821e+06 0
2.05831e+06 0
2.05845e+06 0
2.0585e+06 0
2.05859e+06 0
2.05864e+06 0
2.05874e+06 0
2.05893e+06 0
2.05898e+06 0
2.05912e+06 0
2.05917e+06 0
2.05926e+06 0
2.05931e+06 0
2.05955e+06 0
2.0596e+06 0
2.05964e+06 0
2.05969e+06 0
2.06827e+06 0
2.06842e+06 0
2.06846e+06 0
2.06856e+06 0
2.06865e+06 0
2.06904e+06 0
2.06908e+06 0
2.06923e+06 0
2.06927e+06 0
2.06937e+06 0
2.06942e+06 0
2.06951e+06 0
2.06956e+06 0
2.06965e+06 0
2.0698e+06 0
2.06984e+06 0
2.06994e+06 0
2.06999e+06 0
2.07008e+06 0
2.07027e+06 0
2.07032e+06 0
2.07046e+06 0
2.07051e+06 0
2.07061e+06 0
2.07066e+06 0
2.07089e+06 0
2.07094e+06 0
2.07099e+06 0
2.07104e+06 0
2.07957e+06 0
2.07972e+06 0
2.07976e+06 0
2.07986e+06 0
2.07995e+06 0
2.08034e+06 0
2.08038e+06 0
2.08053e+06 0
2.08057e+06 0
2.08067e+06 0
2.08072e+06 0
2.08081e+06 0
2.08086e+06 0
2.08096e+06 0
2.0811e+06 0
2.08115e+06 0
2.08124e+06 0
2.08129e+06 0
2.08134e+06 0
2.08143e+06 0
2.08163e+06 0
2.08167e+06 0
2.08182e+06 0
2.08186e+06 0
2.08196e+06 0
2.08201e+06 0
2.08225e+06 0
2.08229e+06 0
2.08234e+06 0
2.08239e+06 0
2.09102e+06 0
2.09116e+06 0
2.09121e+06 0
2.0913e+06 0
2.0914e+06 0
2.09178e+06 0
2.09183e+06 0
2.09197e+06 0
2.09202e+06 0
2.09211e+06 0
2.09216e+06 0
2.09226e+06 0
2.0923e+06 0
2.0924e+06 0
2.09254e+06 0
2.09259e+06 0
2.09269e+06 0
2.09273e+06 0
2.09278e+06 0
2.09288e+06 0
2.09307e+06 0
2.09311e+06 0
2.09326e+06 0
2.09331e+06 0
2.0934e+06 0
2.09345e+06 0
2.09368e+06 0
2.09373e+06 0
2.09378e+06 0
2.09383e+06 0
2.10246e+06 0
2.1026e+06 0
2.10265e+06 0
2.10275e+06 0
2.10284e+06 0
2.10322e+06 0
2.10327e+06 0
2.10342e+06 0
2.10346e+06 0
2.10356e+06 0
2.10361e+06 0
2.1037e+06 0
2.10375e+06 0
2.10385e+06 0
2.10399e+06 0
2.10404e+06 0
2.10413e+06 0
2.10418e+06 0
2.10423e+06 0
2.10432e+06 0
2.10451e+06 0
2.10456e+06 0
2.1047e+06 0
2.10475e+06 0
2.10485e+06 0
2.1049e+06 0
2.10513e+06 0
2.10518e+06 0
2.10523e+06 0
2.10528e+06 0
2.1139e+06 0
2.11405e+06 0
2.1141e+06 0
2.11419e+06 0
2.11429e+06 0
2.11467e+06 0
2.11472e+06 0
2.11486e+06 0
2.11491e+06 0
2.115e+06 0
2.11505e+06 0
2.11514e+06 0
2.11519e+06 0
2.11529e+06 0
2.11543e+06 0
2.11548e+06 0
2.11557e+06 0
2.11562e+06 0
2.11567e+06 0
2.11576e+06 0
2.11595e+06 0
2.116e+06 0
2.11614e+06 0
2.11619e+06 0
2.11629e+06 0
2.11634e+06 0
2.11657e+06 0
2.11662e+06 0
2.11667e+06 0
2.11672e+06 0
2.12535e+06 0
2.12549e+06 0
2.12554e+06 0
2.12564e+06 0
2.12573e+06 0
2.12611e+06 0
2.12616e+06 0
2.1263e+06 0
2.12635e+06 0
2.12645e+06 0
2.1265e+06 0
2.12659e+06 0
2.12664e+06 0
2.12673e+06 0
2.12688e+06 0
2.12693e+06 0
2.12702e+06 0
2.12707e+06 0
2.12712e+06 0
2.12721e+06 0
2.12735e+06 0
2.1275e+06 0
2.12755e+06 0
2.12764e+06 0
2.12769e+06 0
2.12793e+06 0
2.12797e+06 0
2.12802e+06 0
2.12807e+06 0
2.13651e+06 0
2.13665e+06 0
2.1367e+06 0
2.13679e+06 0
2.13689e+06 0
2.13727e+06 0
2.13732e+06 0
2.13746e+06 0
2.13751e+06 0
2.1376e+06 0
2.13765e+06 0
2.13775e+06 0
2.13779e+06 0
2.13789e+06 0
2.13803e+06 0
2.13808e+06 0
2.13818e+06 0
2.13822e+06 0
2.13827e+06 0
2.13837e+06 0
2.13851e+06 0
2.13865e+06 0
2.1387e+06 0
2.1388e+06 0
2.13884e+06 0
2.13908e+06 0
2.13913e+06 0
2.13917e+06 0
2.13922e+06 0
2.14786e+06 0
2.148e+06 0
2.14805e+06 0
2.14819e+06 0
2.14829e+06 0
2.14833e+06 0
2.14871e+06 0
2.14876e+06 0
2.14891e+06 0
2.14896e+06 0
2.14905e+06 0
2.1491e+06 0
2.14919e+06 0
2.14924e+06 0
2.14934e+06 0
2.14948e+06 0
2.14953e+06 0
2.14962e+06 0
2.14967e+06 0
2.14972e+06 0
2.14981e+06 0
2.14996e+06 0
2.1501e+06 0
2.15015e+06 0
2.15024e+06 0
2.15029e+06 0
2.15053e+06 0
2.15058e+06 0
2.15062e+06 0
2.15067e+06 0
2.1593e+06 0
2.15944e+06 0
2.15949e+06 0
2.15963e+06 0
2.15973e+06 0
2.15978e+06 0
2.16016e+06 0
2.16021e+06 0
2.16035e+06 0
2.1604e+06 0
2.16049e+06 0
2.16054e+06 0
2.16064e+06 0
2.16068e+06 0
2.16078e+06 0
2.16092e+06 0
2.16097e+06 0
2.16106e+06 0
2.16111e+06 0
2.16116e+06 0
2.16125e+06 0
2.1614e+06 0
2.16154e+06 0
2.16159e+06 0
2.16168e+06 0
2.16173e+06 0
2.16197e+06 0
2.16202e+06 0
2.16206e+06 0
2.16211e+06 0
2.17074e+06 0
2.17089e+06 0
2.17093e+06 0
2.17108e+06 0
2.17117e+06 0
2.17122e+06 0
2.1716e+06 0
2.17165e+06 0
2.1718e+06 0
2.17184e+06 0
2.17194e+06 0
2.17199e+06 0
2.17208e+06 0
2.17213e+06 0
2.17222e+06 0
2.17237e+06 0
2.17242e+06 0
2.17251e+06 0
2.17256e+06 0
2.17261e+06 0
2.1727e+06 0
2.17284e+06 0
2.17299e+06 0
2.17304e+06 0
2.17313e+06 0
2.17318e+06 0
2.17342e+06 0
2.17346e+06 0
2.17351e+06 0
2.17356e+06 0
2.18219e+06 0
2.18233e+06 0
2.18238e+06 0
2.18252e+06 0
2.18262e+06 0
2.18267e+06 0
2.18305e+06 0
2.18309e+06 0
2.18324e+06 0
2.18329e+06 0
2.18338e+06 0
2.18343e+06 0
2.18352e+06 0
2.18357e+06 0
2.18367e+06 0
2.18381e+06 0
2.18386e+06 0
2.18395e+06 0
2.184e+06 0
2.18405e+06 0
2.18414e+06 0
2.18429e+06 0
2.18443e+06 0
2.18448e+06 0
2.18457e+06 0
2.18462e+06 0
2.18486e+06 0
2.1849e+06 0
2.18495e+06 0
2.185e+06 0
2.19363e+06 0
2.19378e+06 0
2.19383e+06 0
2.19397e+06 0
2.19401e+06 0
2.1944e+06 0
2.19445e+06 0
2.19459e+06 0
2.19464e+06 0
2.19473e+06 0
2.19478e+06 0
2.19487e+06 0
2.19492e+06 0
2.19502e+06 0
2.19516e+06 0
2.19521e+06 0
2.1953e+06 0
2.19535e+06 0
2.1954e+06 0
2.19549e+06 0
2.19564e+06 0
2.19578e+06 0
2.19583e+06 0
2.19592e+06 0
2.19597e+06 0
2.19621e+06 0
2.19626e+06 0
2.19631e+06 0
2.19635e+06 0
2.20479e+06 0
2.20493e+06 0
2.20498e+06 0
2.20512e+06 0
2.20517e+06 0
2.2056e+06 0
2.20565e+06 0
2.20579e+06 0
2.20584e+06 0
2.20593e+06 0
2.20598e+06 0
2.20608e+06 0
2.20612e+06 0
2.20622e+06 0
2.20636e+06 0
2.20641e+06 0
2.20651e+06 0
2.20656e+06 0
2.2066e+06 0
2.2067e+06 0
2.20684e+06 0
2.20698e+06 0
2.20703e+06 0
2.20713e+06 0
2.20717e+06 0
2.20741e+06 0
2.20746e+06 0
2.20751e+06 0
2.20755e+06 0
2.21619e+06 0
2.21633e+06 0
2.21638e+06 0
2.21647e+06 0
2.21657e+06 0
2.21662e+06 0
2.21705e+06 0
2.2171e+06 0
2.21724e+06 0
2.21729e+06 0
2.21738e+06 0
2.21743e+06 0
2.21752e+06 0
2.21757e+06 0
2.21767e+06 0
2.21781e+06 0
2.21786e+06 0
2.21795e+06 0
2.218e+06 0
2.21805e+06 0
2.21814e+06 0
2.21829e+06 0
2.21843e+06 0
2.21848e+06 0
2.21857e+06 0
2.21862e+06 0
2.21886e+06 0
2.21891e+06 0
2.21895e+06 0
2.219e+06 0
2.22763e+06 0
2.22777e+06 0
2.22782e+06 0
2.22792e+06 0
2.22801e+06 0
2.22806e+06 0
2.22849e+06 0
2.22854e+06 0
2.22868e+06 0
2.22873e+06 0
2.22882e+06 0
2.22887e+06 0
2.22897e+06 0
2.22901e+06 0
2.22911e+06 0
2.22925e+06 0
2.2293e+06 0
2.22939e+06 0
2.22944e+06 0
2.22949e+06 0
2.22958e+06 0
2.22973e+06 0
2.22987e+06 0
2.22992e+06 0
2.23001e+06 0
2.23006e+06 0
2.2303e+06 0
2.23035e+06 0
2.23039e+06 0
2.23044e+06 0
2.23907e+06 0
2.23922e+06 0
2.23927e+06 0
2.23936e+06 0
2.23946e+06 0
2.2395e+06 0
2.23993e+06 0
2.23998e+06 0
2.24012e+06 0
2.24017e+06 0
2.24027e+06 0
2.24032e+06 0
2.24041e+06 0
2.24046e+06 0
2.24056e+06 0
2.2407e+06 0
2.24075e+06 0
2.24084e+06 0
2.24089e+06 0
2.24094e+06 0
2.24103e+06 0
2.24118e+06 0
2.24132e+06 0
2.24137e+06 0
2.24146e+06 0
2.24151e+06 0
2.24175e+06 0
2.2418e+06 0
2.24184e+06 0
2.24189e+06 0
2.25052e+06 0
2.25066e+06 0
2.25071e+06 0
2.2508e+06 0
2.2509e+06 0
2.25095e+06 0
2.25138e+06 0
2.25143e+06 0
2.25157e+06 0
2.25162e+06 0
2.25171e+06 0
2.25176e+06 0
2.25185e+06 0
2.2519e+06 0
2.252e+06 0
2.25214e+06 0
2.25219e+06 0
2.25228e+06 0
2.25233e+06 0
2.25238e+06 0
2.25247e+06 0
2.25262e+06 0
2.25276e+06 0
2.25281e+06 0
2.2529e+06 0
2.25295e+06 0
2.25319e+06 0
2.25324e+06 0
2.25329e+06 0
2.25333e+06 0
2.26192e+06 0
2.26206e+06 0
2.26211e+06 0
2.2622e+06 0
2.26225e+06 0
2.26268e+06 0
2.26273e+06 0
2.26287e+06 0
2.26292e+06 0
2.26301e+06 0
2.26306e+06 0
2.26316e+06 0
2.26321e+06 0
2.2633e+06 0
2.26344e+06 0
2.26349e+06 0
2.26358e+06 0
2.26363e+06 0
2.26368e+06 0
2.26378e+06 0
2.26392e+06 0
2.26406e+06 0
2.26411e+06 0
2.2642e+06 0
2.26425e+06 0
2.26449e+06 0
2.26454e+06 0
2.26459e+06 0
2.26463e+06 0
2.27317e+06 0
2.27331e+06 0
2.27336e+06 0
2.27346e+06 0
2.2735e+06 0
2.27398e+06 0
2.27403e+06 0
2.27412e+06 0
2.27422e+06 0
2.27427e+06 0
2.27436e+06 0
2.27441e+06 0
2.27451e+06 0
2.27455e+06 0
2.27465e+06 0
2.27479e+06 0
2.27484e+06 0
2.27494e+06 0
2.27498e+06 0
2.27503e+06 0
2.27512e+06 0
2.27527e+06 0
2.27541e+06 0
2.27546e+06 0
2.27555e+06 0
2.2756e+06 0
2.27584e+06 0
2.27589e+06 0
2.27593e+06 0
2.27598e+06 0
2.28461e+06 0
2.28476e+06 0
2.2848e+06 0
2.2849e+06 0
2.28495e+06 0
2.28542e+06 0
2.28547e+06 0
2.28557e+06 0
2.28566e+06 0
2.28571e+06 0
2.28581e+06 0
2.28585e+06 0
2.28595e+06 0
2.286e+06 0
2.28609e+06 0
2.28624e+06 0
2.28628e+06 0
2.28638e+06 0
2.28643e+06 0
2.28647e+06 0
2.28657e+06 0
2.28671e+06 0
2.28686e+06 0
2.2869e+06 0
2.287e+06 0
2.28705e+06 0
2.28729e+06 0
2.28733e+06 0
2.28738e+06 0
2.28743e+06 0
2.29606e+06 0
2.2962e+06 0
2.29625e+06 0
2.29634e+06 0
2.29639e+06 0
2.29687e+06 0
2.29692e+06 0
2.29701e+06 0
2.29711e+06 0
2.29715e+06 0
2.29725e+06 0
2.2973e+06 0
2.29739e+06 0
2.29744e+06 0
2.29754e+06 0
2.29768e+06 0
2.29773e+06 0
2.29782e+06 0
2.29787e+06 0
2.29792e+06 0
2.29801e+06 0
2.29815e+06 0
2.2983e+06 0
2.29834e+06 0
2.29844e+06 0
2.29849e+06 0
2.29873e+06 0
2.29877e+06 0
2.29882e+06 0
2.29887e+06 0
2.3075e+06 0
2.30764e+06 0
2.30769e+06 0
2.30779e+06 0
2.30784e+06 0
2.30831e+06 0
2.30836e+06 0
2.30846e+06 0
2.30855e+06 0
2.3086e+06 0
2.30869e+06 0
2.30874e+06 0
2.30884e+06 0
2.30889e+06 0
2.30898e+06 0
2.30912e+06 0
2.30917e+06 0
2.30927e+06 0
2.30932e+06 0
2.30936e+06 0
2.30946e+06 0
2.3096e+06 0
2.30974e+06 0
2.30979e+06 0
2.30989e+06 0
2.30994e+06 0
2.31017e+06 0
2.31022e+06 0
2.31027e+06 0
2.31032e+06 0
2.3189e+06 0
2.31904e+06 0
2.31909e+06 0
2.31918e+06 0
2.31923e+06 0
2.31971e+06 0
2.31976e+06 0
2.31985e+06 0
2.31995e+06 0
2.31999e+06 0
2.32009e+06 0
2.32018e+06 0
2.32023e+06 0
2.32033e+06 0
2.32047e+06 0
2.32052e+06 0
2.32061e+06 0
2.32066e+06 0
2.32071e+06 0
2.3208e+06 0
2.32095e+06 0
2.32109e+06 0
2.32114e+06 0
2.32124e+06 0
2.32128e+06 0
2.32152e+06 0
2.32157e+06 0
2.32162e+06 0
2.32167e+06 0
2.3302e+06 0
2.33034e+06 0
2.33039e+06 0
2.33049e+06 0
2.33053e+06 0
2.33101e+06 0
2.33106e+06 0
2.33115e+06 0
2.33125e+06 0
2.3313e+06 0
2.33139e+06 0
2.33149e+06 0
2.33153e+06 0
2.33163e+06 0
2.33168e+06 0
2.33182e+06 0
2.33187e+06 0
2.33196e+06 0
2.33201e+06 0
2.33206e+06 0
2.33215e+06 0
2.3323e+06 0
2.33244e+06 0
2.33249e+06 0
2.33258e+06 0
2.33263e+06 0
2.33287e+06 0
2.33292e+06 0
2.33296e+06 0
2.33301e+06 0
2.34164e+06 0
2.34179e+06 0
2.34183e+06 0
2.34193e+06 0
2.34198e+06 0
2.34245e+06 0
2.3425e+06 0
2.3426e+06 0
2.34269e+06 0
2.34274e+06 0
2.34284e+06 0
2.34293e+06 0
2.34298e+06 0
2.34308e+06 0
2.34312e+06 0
2.34327e+06 0
2.34331e+06 0
2.34341e+06 0
2.34346e+06 0
2.3435e+06 0
2.3436e+06 0
2.34374e+06 0
2.34389e+06 0
2.34393e+06 0
2.34403e+06 0
2.34408e+06 0
2.34432e+06 0
2.34436e+06 0
2.34441e+06 0
2.34446e+06 0
2.35309e+06 0
2.35323e+06 0
2.35328e+06 0
2.35337e+06 0
2.35342e+06 0
2.3539e+06 0
2.35395e+06 0
2.35404e+06 0
2.35414e+06 0
2.35418e+06 0
2.35428e+06 0
2.35437e+06 0
2.35442e+06 0
2.35452e+06 0
2.35457e+06 0
2.35471e+06 0
2.35476e+06 0
2.35485e+06 0
2.3549e+06 0
2.35495e+06 0
2.35504e+06 0
2.35518e+06 0
2.35533e+06 0
2.35537e+06 0
2.35547e+06 0
2.35552e+06 0
2.35576e+06 0
2.3558e+06 0
2.35585e+06 0
2.3559e+06 0
2.36439e+06 0
2.36453e+06 0
2.36458e+06 0
2.36467e+06 0
2.36472e+06 0
2.3652e+06 0
2.36525e+06 0
2.36534e+06 0
2.36544e+06 0
2.36549e+06 0
2.36558e+06 0
2.36568e+06 0
2.36573e+06 0
2.36582e+06 0
2.36587e+06 0
2.36601e+06 0
2.36606e+06 0
2.36615e+06 0
2.3662e+06 0
2.3663e+06 0
2.36644e+06 0
2.36658e+06 0
2.36663e+06 0
2.36673e+06 0
2.36677e+06 0
2.36701e+06 0
2.36706e+06 0
2.36711e+06 0
2.36716e+06 0
2.37574e+06 0
2.37588e+06 0
2.37593e+06 0
2.37602e+06 0
2.37607e+06 0
2.37612e+06 0
2.3766e+06 0
2.37664e+06 0
2.37674e+06 0
2.37683e+06 0
2.37688e+06 0
2.37698e+06 0
2.37707e+06 0
2.37712e+06 0
2.37722e+06 0
2.37726e+06 0
2.37741e+06 0
2.37745e+06 0
2.37755e+06 0
2.3776e+06 0
2.37769e+06 0
2.37783e+06 0
2.37798e+06 0
2.37802e+06 0
2.37812e+06 0
2.37817e+06 0
2.37841e+06 0
2.37845e+06 0
2.3785e+06 0
2.37855e+06 0
2.38718e+06 0
2.38732e+06 0
2.38737e+06 0
2.38747e+06 0
2.38751e+06 0
2.38756e+06 0
2.38804e+06 0
2.38809e+06 0
2.38818e+06 0
2.38828e+06 0
2.38832e+06 0
2.38842e+06 0
2.38852e+06 0
2.38857e+06 0
2.38866e+06 0
2.38871e+06 0
2.38885e+06 0
2.3889e+06 0
2.38899e+06 0
2.38904e+06 0
2.38914e+06 0
2.38928e+06 0
2.38942e+06 0
2.38947e+06 0
2.38957e+06 0
2.38961e+06 0
2.38985e+06 0
2.3899e+06 0
2.38995e+06 0
2.39e+06 0
2.39862e+06 0
2.39877e+06 0
2.39882e+06 0
2.39891e+06 0
2.39896e+06 0
2.39901e+06 0
2.39948e+06 0
2.39953e+06 0
2.39963e+06 0
2.39972e+06 0
2.39977e+06 0
2.39986e+06 0
2.39996e+06 0
2.40001e+06 0
2.4001e+06 0
2.40015e+06 0
2.40029e+06 0
2.40034e+06 0
2.40044e+06 0
2.40048e+06 0
2.40058e+06 0
2.40072e+06 0
2.40087e+06 0
2.40091e+06 0
2.40101e+06 0
2.40105e+06 0
2.40129e+06 0
2.40134e+06 0
2.40139e+06 0
2.40144e+06 0
2.41002e+06 0
2.41016e+06 0
2.41021e+06 0
2.41031e+06 0
2.41036e+06 0
2.4104e+06 0
2.41088e+06 0
2.41093e+06 0
2.41102e+06 0
2.41112e+06 0
2.41116e+06 0
2.41126e+06 0
2.41136e+06 0
2.41141e+06 0
2.4115e+06 0
2.41155e+06 0
2.41169e+06 0
2.41174e+06 0
2.41183e+06 0
2.41188e+06 0
2.41198e+06 0
2.41212e+06 0
2.41226e+06 0
2.41231e+06 0
2.41241e+06 0
2.41246e+06 0
2.41269e+06 0
2.41274e+06 0
2.41279e+06 0
2.41284e+06 0
2.42142e+06 0
2.42156e+06 0
2.42161e+06 0
2.4217e+06 0
2.42175e+06 0
2.4218e+06 0
2.42228e+06 0
2.42232e+06 0
2.42242e+06 0
2.42251e+06 0
2.42256e+06 0
2.42266e+06 0
2.42275e+06 0
2.4228e+06 0
2.4229e+06 0
2.42294e+06 0
2.42309e+06 0
2.42313e+06 0
2.42323e+06 0
2.42328e+06 0
2.42337e+06 0
2.42351e+06 0
2.42366e+06 0
2.4237e+06 0
2.4238e+06 0
2.42385e+06 0
2.42409e+06 0
2.42413e+06 0
2.42418e+06 0
2.42423e+06 0
2.43267e+06 0
2.43281e+06 0
2.43286e+06 0
2.43296e+06 0
2.43301e+06 0
2.43348e+06 0
2.43353e+06 0
2.43362e+06 0
2.43372e+06 0
2.43377e+06 0
2.43387e+06 0
2.43396e+06 0
2.43401e+06 0
2.4341e+06 0
2.43415e+06 0
2.43429e+06 0
2.43434e+06 0
2.43444e+06 0
2.43448e+06 0
2.43458e+06 0
2.43472e+06 0
2.43487e+06 0
2.43491e+06 0
2.43501e+06 0
2.43506e+06 0
2.43529e+06 0
2.43534e+06 0
2.43539e+06 0
2.43544e+06 0
2.44407e+06 0
2.44416e+06 0
2.44426e+06 0
2.44431e+06 0
2.4444e+06 0
2.44445e+06 0
2.44493e+06 0
2.44497e+06 0
2.44507e+06 0
2.44516e+06 0
2.44521e+06 0
2.44531e+06 0
2.4454e+06 0
2.44545e+06 0
2.44555e+06 0
2.44559e+06 0
2.44574e+06 0
2.44578e+06 0
2.44588e+06 0
2.44593e+06 0
2.44602e+06 0
2.44616e+06 0
2.44631e+06 0
2.44635e+06 0
2.44645e+06 0
2.4465e+06 0
2.44674e+06 0
2.44678e+06 0
2.44683e+06 0
2.44688e+06 0
2.45551e+06 0
2.45561e+06 0
2.4557e+06 0
2.45575e+06 0
2.45585e+06 0
2.45589e+06 0
2.45637e+06 0
2.45642e+06 0
2.45651e+06 0
2.45661e+06 0
2.45666e+06 0
2.45675e+06 0
2.45685e+06 0
2.4569e+06 0
2.45699e+06 0
2.45704e+06 0
2.45718e+06 0
2.45723e+06 0
2.45732e+06 0
2.45737e+06 0
2.45747e+06 0
2.45761e+06 0
2.45775e+06 0
2.4578e+06 0
2.4579e+06 0
2.45795e+06 0
2.45818e+06 0
2.45823e+06 0
2.45828e+06 0
2.45833e+06 0
2.46696e+06 0
2.46705e+06 0
2.46715e+06 0
2.46719e+06 0
2.46729e+06 0
2.46734e+06 0
2.46781e+06 0
2.46786e+06 0
2.46796e+06 0
2.46805e+06 0
2.4681e+06 0
2.46819e+06 0
2.46829e+06 0
2.46834e+06 0
2.46843e+06 0
2.46848e+06 0
2.46862e+06 0
2.46867e+06 0
2.46877e+06 0
2.46881e+06 0
2.46891e+06 0
2.46905e+06 0
2.4692e+06 0
2.46924e+06 0
2.46934e+06 0
2.46939e+06 0
2.46963e+06 0
2.46967e+06 0
2.46972e+06 0
2.46977e+06 0
2.47835e+06 0
2.47845e+06 0
2.47854e+06 0
2.47859e+06 0
2.47869e+06 0
2.47873e+06 0
2.47921e+06 0
2.47926e+06 0
2.47935e+06 0
2.47945e+06 0
2.4795e+06 0
2.47959e+06 0
2.47969e+06 0
2.47974e+06 0
2.47983e+06 0
2.47988e+06 0
2.48002e+06 0
2.48007e+06 0
2.48017e+06 0
2.48021e+06 0
2.48031e+06 0
2.48045e+06 0
2.4806e+06 0
2.48064e+06 0
2.48074e+06 0
2.48079e+06 0
2.48102e+06 0
2.48107e+06 0
2.48112e+06 0
2.48117e+06 0
2.48975e+06 0
2.48984e+06 0
2.48994e+06 0
2.48999e+06 0
2.49008e+06 0
2.49013e+06 0
2.49061e+06 0
2.49065e+06 0
2.49075e+06 0
2.49085e+06 0
2.49089e+06 0
2.49099e+06 0
2.49108e+06 0
2.49113e+06 0
2.49123e+06 0
2.49127e+06 0
2.49142e+06 0
2.49146e+06 0
2.49156e+06 0
2.49161e+06 0
2.4917e+06 0
2.49185e+06 0
2.49199e+06 0
2.49204e+06 0
2.49213e+06 0
2.49218e+06 0
2.49242e+06 0
2.49246e+06 0
2.49251e+06 0
2.49256e+06 0
2.50105e+06 0
2.50115e+06 0
2.50124e+06 0
2.50129e+06 0
2.50138e+06 0
2.50186e+06 0
2.50191e+06 0
2.50201e+06 0
2.5021e+06 0
2.50215e+06 0
2.50224e+06 0
2.50234e+06 0
2.50239e+06 0
2.50248e+06 0
2.50253e+06 0
2.50267e+06 0
2.50272e+06 0
2.50281e+06 0
2.50286e+06 0
2.50296e+06 0
2.5031e+06 0
2.50325e+06 0
2.50329e+06 0
2.50339e+06 0
2.50344e+06 0
2.50367e+06 0
2.50372e+06 0
2.50377e+06 0
2.50382e+06 0
2.51235e+06 0
2.51245e+06 0
2.51254e+06 0
2.51259e+06 0
2.51268e+06 0
2.51273e+06 0
2.51321e+06 0
2.51326e+06 0
2.51335e+06 0
2.51345e+06 0
2.51349e+06 0
2.51359e+06 0
2.51369e+06 0
2.51373e+06 0
2.51383e+06 0
2.51388e+06 0
2.51402e+06 0
2.51407e+06 0
2.51416e+06 0
2.51421e+06 0
2.5143e+06 0
2.51445e+06 0
2.51459e+06 0
2.51464e+06 0
2.51473e+06 0
2.51478e+06 0
2.51502e+06 0
2.51507e+06 0
2.51511e+06 0
2.51516e+06 0
2.52384e+06 0
2.52394e+06 0
2.52403e+06 0
2.52408e+06 0
2.52418e+06 0
2.52422e+06 0
2.5247e+06 0
2.52475e+06 0
2.52484e+06 0
2.52494e+06 0
2.52499e+06 0
2.52508e+06 0
2.52518e+06 0
2.52523e+06 0
2.52532e+06 0
2.52537e+06 0
2.52551e+06 0
2.52556e+06 0
2.52566e+06 0
2.5257e+06 0
2.5258e+06 0
2.52594e+06 0
2.52609e+06 0
2.52613e+06 0
2.52623e+06 0
2.52628e+06 0
2.52651e+06 0
2.52656e+06 0
2.52661e+06 0
2.52666e+06 0
2.53529e+06 0
2.53538e+06 0
2.53548e+06 0
2.53552e+06 0
2.53562e+06 0
2.53567e+06 0
2.53614e+06 0
2.53619e+06 0
2.53629e+06 0
2.53638e+06 0
2.53643e+06 0
2.53653e+06 0
2.53662e+06 0
2.53667e+06 0
2.53676e+06 0
2.53681e+06 0
2.53696e+06 0
2.537e+06 0
2.5371e+06 0
2.53715e+06 0
2.53724e+06 0
2.53738e+06 0
2.53753e+06 0
2.53757e+06 0
2.53767e+06 0
2.53772e+06 0
2.53796e+06 0
2.538e+06 0
2.53805e+06 0
2.5381e+06 0
2.54668e+06 0
2.54678e+06 0
2.54687e+06 0
2.54692e+06 0
2.54702e+06 0
2.54706e+06 0
2.54754e+06 0
2.54759e+06 0
2.54768e+06 0
2.54778e+06 0
2.54783e+06 0
2.54792e+06 0
2.54802e+06 0
2.54807e+06 0
2.54816e+06 0
2.54821e+06 0
2.54835e+06 0
2.5484e+06 0
2.5485e+06 0
2.54854e+06 0
2.54864e+06 0
2.54878e+06 0
2.54893e+06 0
2.54897e+06 0
2.54907e+06 0
2.54912e+06 0
2.54936e+06 0
2.5494e+06 0
2.54945e+06 0
2.5495e+06 0
2.55808e+06 0
2.55817e+06 0
2.55827e+06 0
2.55832e+06 0
2.55841e+06 0
2.55846e+06 0
2.55894e+06 0
2.55903e+06 0
2.55913e+06 0
2.55918e+06 0
2.55927e+06 0
2.55937e+06 0
2.55941e+06 0
2.55951e+06 0
2.55956e+06 0
2.5597e+06 0
2.55975e+06 0
2.55984e+06 0
2.55989e+06 0
2.55999e+06 0
2.56013e+06 0
2.56027e+06 0
2.56032e+06 0
2.56041e+06 0
2.56046e+06 0
2.5607e+06 0
2.56075e+06 0
2.5608e+06 0
2.56084e+06 0
2.56943e+06 0
2.56952e+06 0
2.56962e+06 0
2.56967e+06 0
2.56976e+06 0
2.56981e+06 0
2.57029e+06 0
2.57038e+06 0
2.57048e+06 0
2.57052e+06 0
2.57062e+06 0
2.57067e+06 0
2.57077e+06 0
2.57081e+06 0
2.57091e+06 0
2.57096e+06 0
2.5711e+06 0
2.57115e+06 0
2.57124e+06 0
2.57129e+06 0
2.57139e+06 0
2.57153e+06 0
2.57167e+06 0
2.57172e+06 0
2.57181e+06 0
2.57186e+06 0
2.5721e+06 0
2.57215e+06 0
2.5722e+06 0
2.57224e+06 0
2.58087e+06 0
2.58097e+06 0
2.58106e+06 0
2.58111e+06 0
2.58121e+06 0
2.58125e+06 0
2.58173e+06 0
2.58183e+06 0
2.58192e+06 0
2.58197e+06 0
2.58206e+06 0
2.58211e+06 0
2.58221e+06 0
2.58225e+06 0
2.58235e+06 0
2.5824e+06 0
2.58254e+06 0
2.58259e+06 0
2.58268e+06 0
2.58273e+06 0
2.58283e+06 0
2.58297e+06 0
2.58311e+06 0
2.58316e+06 0
2.58326e+06 0
2.5833e+06 0
2.58354e+06 0
2.58359e+06 0
2.58364e+06 0
2.58368e+06 0
2.59227e+06 0
2.59236e+06 0
2.59246e+06 0
2.59251e+06 0
2.5926e+06 0
2.59265e+06 0
2.59308e+06 0
2.59317e+06 0
2.59327e+06 0
2.59332e+06 0
2.59341e+06 0
2.59346e+06 0
2.59356e+06 0
2.59365e+06 0
2.5937e+06 0
2.59384e+06 0
2.59389e+06 0
2.59399e+06 0
2.59403e+06 0
2.59413e+06 0
2.59427e+06 0
2.59442e+06 0
2.59446e+06 0
2.59456e+06 0
2.59461e+06 0
2.59485e+06 0
2.59489e+06 0
2.59494e+06 0
2.59499e+06 0
2.60352e+06 0
2.60362e+06 0
2.60371e+06 0
2.60376e+06 0
2.60385e+06 0
2.6039e+06 0
2.60433e+06 0
2.60448e+06 0
2.60457e+06 0
2.60462e+06 0
2.60471e+06 0
2.60476e+06 0
2.60486e+06 0
2.60495e+06 0
2.605e+06 0
2.60509e+06 0
2.60519e+06 0
2.60524e+06 0
2.60533e+06 0
2.60538e+06 0
2.60548e+06 0
2.60562e+06 0
2.60576e+06 0
2.60581e+06 0
2.60591e+06 0
2.60595e+06 0
2.60619e+06 0
2.60624e+06 0
2.60629e+06 0
2.60633e+06 0
2.61497e+06 0
2.61506e+06 0
2.61516e+06 0
2.6152e+06 0
2.6153e+06 0
2.61535e+06 0
2.61578e+06 0
2.61592e+06 0
2.61601e+06 0
2.61606e+06 0
2.61616e+06 0
2.61621e+06 0
2.6163e+06 0
2.6164e+06 0
2.61645e+06 0
2.61654e+06 0
2.61664e+06 0
2.61668e+06 0
2.61678e+06 0
2.61683e+06 0
2.61692e+06 0
2.61707e+06 0
2.61721e+06 0
2.61726e+06 0
2.61735e+06 0
2.6174e+06 0
2.61764e+06 0
2.61769e+06 0
2.61773e+06 0
2.61778e+06 0
2.62641e+06 0
2.62651e+06 0
2.6266e+06 0
2.62665e+06 0
2.62674e+06 0
2.62679e+06 0
2.62722e+06 0
2.62736e+06 0
2.62746e+06 0
2.62751e+06 0
2.6276e+06 0
2.62765e+06 0
2.62775e+06 0
2.62784e+06 0
2.62789e+06 0
2.62798e+06 0
2.62808e+06 0
2.62813e+06 0
2.62822e+06 0
2.62827e+06 0
2.62836e+06 0
2.62851e+06 0
2.62865e+06 0
2.6287e+06 0
2.62879e+06 0
2.62884e+06 0
2.62908e+06 0
2.62913e+06 0
2.62917e+06 0
2.62922e+06 0
2.63785e+06 0
2.63795e+06 0
2.63804e+06 0
2.63809e+06 0
2.63819e+06 0
2.63824e+06 0
2.63866e+06 0
2.63881e+06 0
2.6389e+06 0
2.63895e+06 0
2.63905e+06 0
2.6391e+06 0
2.63919e+06 0
2.63929e+06 0
2.63933e+06 0
2.63943e+06 0
2.63952e+06 0
2.63957e+06 0
2.63967e+06 0
2.63971e+06 0
2.63981e+06 0
2.63995e+06 0
2.6401e+06 0
2.64014e+06 0
2.64024e+06 0
2.64029e+06 0
2.64053e+06 0
2.64057e+06 0
2.64062e+06 0
2.64067e+06 0
2.6493e+06 0
2.64939e+06 0
2.64949e+06 0
2.64954e+06 0
2.64963e+06 0
2.64968e+06 0
2.65011e+06 0
2.65025e+06 0
2.65035e+06 0
2.6504e+06 0
2.65049e+06 0
2.65054e+06 0
2.65063e+06 0
2.65073e+06 0
2.65078e+06 0
2.65087e+06 0
2.65097e+06 0
2.65101e+06 0
2.65111e+06 0
2.65116e+06 0
2.65125e+06 0
2.6514e+06 0
2.65154e+06 0
2.65159e+06 0
2.65168e+06 0
2.65173e+06 0
2.65197e+06 0
2.65201e+06 0
2.65206e+06 0
2.65211e+06 0
2.66055e+06 0
2.66065e+06 0
2.66074e+06 0
2.66079e+06 0
2.66088e+06 0
2.66093e+06 0
2.66136e+06 0
2.66151e+06 0
2.6616e+06 0
2.66165e+06 0
2.66175e+06 0
2.66179e+06 0
2.66189e+06 0
2.66198e+06 0
2.66203e+06 0
2.66213e+06 0
2.66222e+06 0
2.66227e+06 0
2.66236e+06 0
2.66246e+06 0
2.66256e+06 0
2.6627e+06 0
2.66275e+06 0
2.66284e+06 0
2.66289e+06 0
2.66313e+06 0
2.66318e+06 0
2.66322e+06 0
2.66327e+06 0
2.67185e+06 0
2.67195e+06 0
2.67204e+06 0
2.67209e+06 0
2.67219e+06 0
2.67223e+06 0
2.67271e+06 0
2.67281e+06 0
2.6729e+06 0
2.673e+06 0
2.67304e+06 0
2.67314e+06 0
2.67319e+06 0
2.67328e+06 0
2.67338e+06 0
2.67343e+06 0
2.67352e+06 0
2.67362e+06 0
2.67366e+06 0
2.67376e+06 0
2.67385e+06 0
2.67395e+06 0
2.67409e+06 0
2.67414e+06 0
2.67424e+06 0
2.67428e+06 0
2.67452e+06 0
2.67457e+06 0
2.67462e+06 0
2.67466e+06 0
2.68334e+06 0
2.68344e+06 0
2.68354e+06 0
2.68358e+06 0
2.68368e+06 0
2.68373e+06 0
2.6842e+06 0
2.6843e+06 0
2.68439e+06 0
2.68449e+06 0
2.68454e+06 0
2.68463e+06 0
2.68468e+06 0
2.68478e+06 0
2.68487e+06 0
2.68492e+06 0
2.68501e+06 0
2.68511e+06 0
2.68516e+06 0
2.68525e+06 0
2.68535e+06 0
2.68544e+06 0
2.68559e+06 0
2.68564e+06 0
2.68573e+06 0
2.68578e+06 0
2.68602e+06 0
2.68606e+06 0
2.68611e+06 0
2.68616e+06 0
2.69479e+06 0
2.69488e+06 0
2.69498e+06 0
2.69503e+06 0
2.69512e+06 0
2.69517e+06 0
2.69565e+06 0
2.69574e+06 0
2.69584e+06 0
2.69593e+06 0
2.69598e+06 0
2.69608e+06 0
2.69612e+06 0
2.69622e+06 0
2.69631e+06 0
2.69636e+06 0
2.69646e+06 0
2.69655e+06 0
2.6966e+06 0
2.69669e+06 0
2.69679e+06 0
2.69689e+06 0
2.69703e+06 0
2.69708e+06 0
2.69717e+06 0
2.69722e+06 0
2.69746e+06 0
2.6975e+06 0
2.69755e+06 0
2.6976e+06 0
2.70623e+06 0
2.70633e+06 0
2.70642e+06 0
2.70647e+06 0
2.70657e+06 0
2.70661e+06 0
2.70709e+06 0
2.70719e+06 0
2.70728e+06 0
2.70738e+06 0
2.70742e+06 0
2.70752e+06 0
2.70757e+06 0
2.70767e+06 0
2.70776e+06 0
2.70781e+06 0
2.7079e+06 0
2.708e+06 0
2.70805e+06 0
2.70814e+06 0
2.70824e+06 0
2.70833e+06 0
2.70848e+06 0
2.70852e+06 0
2.70862e+06 0
2.70867e+06 0
2.7089e+06 0
2.70895e+06 0
2.709e+06 0
2.70905e+06 0
2.71763e+06 0
2.71772e+06 0
2.71782e+06 0
2.71787e+06 0
2.71796e+06 0
2.71801e+06 0
2.71844e+06 0
2.71854e+06 0
2.71863e+06 0
2.71873e+06 0
2.71882e+06 0
2.71887e+06 0
2.71896e+06 0
2.71906e+06 0
2.71911e+06 0
2.7192e+06 0
2.7193e+06 0
2.71934e+06 0
2.71944e+06 0
2.71954e+06 0
2.71963e+06 0
2.71977e+06 0
2.71982e+06 0
2.71992e+06 0
2.71996e+06 0
2.7202e+06 0
2.72025e+06 0
2.7203e+06 0
2.72035e+06 0
2.72893e+06 0
2.72903e+06 0
2.72912e+06 0
2.72917e+06 0
2.72926e+06 0
2.72931e+06 0
2.72974e+06 0
2.72984e+06 0
2.72993e+06 0
2.73008e+06 0
2.73017e+06 0
2.73022e+06 0
2.73031e+06 0
2.73036e+06 0
2.73046e+06 0
2.73051e+06 0
2.7306e+06 0
2.7307e+06 0
2.73074e+06 0
2.73084e+06 0
2.73093e+06 0
2.73103e+06 0
2.73117e+06 0
2.73122e+06 0
2.73132e+06 0
2.73136e+06 0
2.7316e+06 0
2.73165e+06 0
2.7317e+06 0
2.73175e+06 0
2.74037e+06 0
2.74047e+06 0
2.74056e+06 0
2.74061e+06 0
2.74071e+06 0
2.74076e+06 0
2.74118e+06 0
2.74128e+06 0
2.74138e+06 0
2.74152e+06 0
2.74161e+06 0
2.74166e+06 0
2.74176e+06 0
2.7418e+06 0
2.7419e+06 0
2.74195e+06 0
2.74204e+06 0
2.74214e+06 0
2.74219e+06 0
2.74228e+06 0
2.74238e+06 0
2.74247e+06 0
2.74261e+06 0
2.74266e+06 0
2.74276e+06 0
2.7428e+06 0
2.74304e+06 0
2.74309e+06 0
2.74314e+06 0
2.74319e+06 0
2.75182e+06 0
2.75191e+06 0
2.75201e+06 0
2.75206e+06 0
2.75215e+06 0
2.7522e+06 0
2.75263e+06 0
2.75272e+06 0
2.75282e+06 0
2.75296e+06 0
2.75306e+06 0
2.75311e+06 0
2.7532e+06 0
2.75325e+06 0
2.75335e+06 0
2.75339e+06 0
2.75349e+06 0
2.75358e+06 0
2.75363e+06 0
2.75373e+06 0
2.75382e+06 0
2.75392e+06 0
2.75406e+06 0
2.75411e+06 0
2.7542e+06 0
2.75425e+06 0
2.75449e+06 0
2.75454e+06 0
2.75459e+06 0
2.75463e+06 0
2.76326e+06 0
2.76336e+06 0
2.76345e+06 0
2.7635e+06 0
2.7636e+06 0
2.76364e+06 0
2.76407e+06 0
2.76417e+06 0
2.76426e+06 0
2.76441e+06 0
2.7645e+06 0
2.76455e+06 0
2.76464e+06 0
2.76469e+06 0
2.76479e+06 0
2.76483e+06 0
2.76493e+06 0
2.76503e+06 0
2.76507e+06 0
2.76517e+06 0
2.76526e+06 0
2.76536e+06 0
2.7655e+06 0
2.76555e+06 0
2.76565e+06 0
2.76569e+06 0
2.76593e+06 0
2.76598e+06 0
2.76603e+06 0
2.76607e+06 0
2.77466e+06 0
2.77475e+06 0
2.77485e+06 0
2.7749e+06 0
2.77499e+06 0
2.77504e+06 0
2.77547e+06 0
2.77557e+06 0
2.77566e+06 0
2.77581e+06 0
2.7759e+06 0
2.77595e+06 0
2.77604e+06 0
2.77614e+06 0
2.77619e+06 0
2.77628e+06 0
2.77638e+06 0
2.77642e+06 0
2.77652e+06 0
2.77661e+06 0
2.77671e+06 0
2.77685e+06 0
2.7769e+06 0
2.777e+06 0
2.77704e+06 0
2.77728e+06 0
2.77733e+06 0
2.77738e+06 0
2.77743e+06 0
2.78601e+06 0
2.7861e+06 0
2.7862e+06 0
2.78625e+06 0
2.78634e+06 0
2.78639e+06 0
2.78682e+06 0
2.78691e+06 0
2.78701e+06 0
2.78715e+06 0
2.78725e+06 0
2.78729e+06 0
2.78739e+06 0
2.78749e+06 0
2.78753e+06 0
2.78763e+06 0
2.78772e+06 0
2.78777e+06 0
2.78787e+06 0
2.78796e+06 0
2.78806e+06 0
2.7882e+06 0
2.78825e+06 0
2.78834e+06 0
2.78839e+06 0
2.78863e+06 0
2.78868e+06 0
2.78872e+06 0
2.78877e+06 0
2.79736e+06 0
2.79745e+06 0
2.79755e+06 0
2.79759e+06 0
2.79769e+06 0
2.79774e+06 0
2.79817e+06 0
2.79826e+06 0
2.79831e+06 0
2.7984e+06 0
2.79855e+06 0
2.79865e+06 0
2.79869e+06 0
2.79879e+06 0
2.79888e+06 0
2.79893e+06 0
2.79903e+06 0
2.79912e+06 0
2.79917e+06 0
2.79927e+06 0
2.79936e+06 0
2.79946e+06 0
2.7996e+06 0
2.79965e+06 0
2.79974e+06 0
2.79979e+06 0
2.80003e+06 0
2.80008e+06 0
2.80012e+06 0
2.80017e+06 0
2.8088e+06 0
2.8089e+06 0
2.80899e+06 0
2.80904e+06 0
2.80913e+06 0
2.80918e+06 0
2.80961e+06 0
2.80971e+06 0
2.80975e+06 0
2.80985e+06 0
2.80999e+06 0
2.81009e+06 0
2.81014e+06 0
2.81023e+06 0
2.81033e+06 0
2.81037e+06 0
2.81047e+06 0
2.81056e+06 0
2.81061e+06 0
2.81071e+06 0
2.8108e+06 0
2.8109e+06 0
2.81104e+06 0
2.81109e+06 0
2.81118e+06 0
2.81123e+06 0
2.81147e+06 0
2.81152e+06 0
2.81156e+06 0
2.81161e+06 0
2.82005e+06 0
2.82015e+06 0
2.82024e+06 0
2.82029e+06 0
2.82039e+06 0
2.82043e+06 0
2.82086e+06 0
2.82096e+06 0
2.82101e+06 0
2.8211e+06 0
2.82125e+06 0
2.82134e+06 0
2.82139e+06 0
2.82149e+06 0
2.82158e+06 0
2.82163e+06 0
2.82177e+06 0
2.82182e+06 0
2.82191e+06 0
2.82196e+06 0
2.82206e+06 0
2.8222e+06 0
2.82225e+06 0
2.82234e+06 0
2.82239e+06 0
2.82263e+06 0
2.82268e+06 0
2.82273e+06 0
2.82277e+06 0
2.83135e+06 0
2.83145e+06 0
2.83155e+06 0
2.83159e+06 0
2.83169e+06 0
2.83174e+06 0
2.83221e+06 0
2.83231e+06 0
2.83236e+06 0
2.8324e+06 0
2.8325e+06 0
2.83264e+06 0
2.83274e+06 0
2.83278e+06 0
2.83288e+06 0
2.83298e+06 0
2.83302e+06 0
2.83317e+06 0
2.83321e+06 0
2.83331e+06 0
2.83336e+06 0
2.83345e+06 0
2.83359e+06 0
2.83364e+06 0
2.83374e+06 0
2.83378e+06 0
2.83402e+06 0
2.83407e+06 0
2.83412e+06 0
2.83417e+06 0
2.8428e+06 0
2.84289e+06 0
2.84299e+06 0
2.84304e+06 0
2.84313e+06 0
2.84318e+06 0
2.84366e+06 0
2.84375e+06 0
2.8438e+06 0
2.84385e+06 0
2.84394e+06 0
2.84409e+06 0
2.84418e+06 0
2.84423e+06 0
2.84433e+06 0
2.84442e+06 0
2.84447e+06 0
2.84461e+06 0
2.84466e+06 0
2.84476e+06 0
2.8448e+06 0
2.8449e+06 0
2.84504e+06 0
2.84509e+06 0
2.84518e+06 0
2.84523e+06 0
2.84547e+06 0
2.84552e+06 0
2.84557e+06 0
2.84561e+06 0
2.85424e+06 0
2.85434e+06 0
2.85443e+06 0
2.85448e+06 0
2.85458e+06 0
2.85462e+06 0
2.8551e+06 0
2.8552e+06 0
2.85524e+06 0
2.85529e+06 0
2.85539e+06 0
2.85553e+06 0
2.85562e+06 0
2.85567e+06 0
2.85577e+06 0
2.85586e+06 0
2.85591e+06 0
2.85605e+06 0
2.8561e+06 0
2.8562e+06 0
2.85624e+06 0
2.85634e+06 0
2.85648e+06 0
2.85653e+06 0
2.85663e+06 0
2.85667e+06 0
2.85691e+06 0
2.85696e+06 0
2.85701e+06 0
2.85705e+06 0
2.86569e+06 0
2.86578e+06 0
2.86588e+06 0
2.86592e+06 0
2.86602e+06 0
2.86607e+06 0
2.86655e+06 0
2.86664e+06 0
2.86669e+06 0
2.86674e+06 0
2.86683e+06 0
2.86698e+06 0
2.86707e+06 0
2.86712e+06 0
2.86721e+06 0
2.86731e+06 0
2.86736e+06 0
2.8675e+06 0
2.86755e+06 0
2.86764e+06 0
2.86769e+06 0
2.86779e+06 0
2.86793e+06 0
2.86798e+06 0
2.86807e+06 0
2.86812e+06 0
2.86836e+06 0
2.86841e+06 0
2.86845e+06 0
2.8685e+06 0
2.87713e+06 0
2.87723e+06 0
2.87732e+06 0
2.87737e+06 0
2.87746e+06 0
2.87751e+06 0
2.87799e+06 0
2.87808e+06 0
2.87813e+06 0
2.87818e+06 0
2.87827e+06 0
2.87842e+06 0
2.87851e+06 0
2.87856e+06 0
2.87866e+06 0
2.87875e+06 0
2.8788e+06 0
2.87894e+06 0
2.87899e+06 0
2.87908e+06 0
2.87913e+06 0
2.87923e+06 0
2.87937e+06 0
2.87942e+06 0
2.87951e+06 0
2.87956e+06 0
2.8798e+06 0
2.87985e+06 0
2.87989e+06 0
2.87994e+06 0
2.88848e+06 0
2.88858e+06 0
2.88867e+06 0
2.88872e+06 0
2.88881e+06 0
2.88886e+06 0
2.88929e+06 0
2.88939e+06 0
2.88943e+06 0
2.88948e+06 0
2.88967e+06 0
2.88977e+06 0
2.88981e+06 0
2.88991e+06 0
2.89001e+06 0
2.89006e+06 0
2.8902e+06 0
2.89025e+06 0
2.89034e+06 0
2.89039e+06 0
2.89048e+06 0
2.89063e+06 0
2.89068e+06 0
2.89077e+06 0
2.89082e+06 0
2.89106e+06 0
2.8911e+06 0
2.89115e+06 0
2.8912e+06 0
2.89978e+06 0
2.89988e+06 0
2.89997e+06 0
2.90002e+06 0
2.90011e+06 0
2.90016e+06 0
2.90059e+06 0
2.90073e+06 0
2.90078e+06 0
2.90083e+06 0
2.90092e+06 0
2.90107e+06 0
2.90116e+06 0
2.90121e+06 0
2.90131e+06 0
2.9014e+06 0
2.90145e+06 0
2.90159e+06 0
2.90164e+06 0
2.90173e+06 0
2.90178e+06 0
2.90188e+06 0
2.90202e+06 0
2.90207e+06 0
2.90216e+06 0
2.90221e+06 0
2.90245e+06 0
2.9025e+06 0
2.90254e+06 0
2.90259e+06 0
2.91123e+06 0
2.91132e+06 0
2.91142e+06 0
2.91146e+06 0
2.91156e+06 0
2.91161e+06 0
2.91203e+06 0
2.91218e+06 0
2.91223e+06 0
2.91227e+06 0
2.91237e+06 0
2.91251e+06 0
2.91261e+06 0
2.91266e+06 0
2.91275e+06 0
2.91285e+06 0
2.91289e+06 0
2.91304e+06 0
2.91309e+06 0
2.91318e+06 0
2.91323e+06 0
2.91332e+06 0
2.91347e+06 0
2.91352e+06 0
2.91361e+06 0
2.91366e+06 0
2.9139e+06 0
2.91394e+06 0
2.91399e+06 0
2.91404e+06 0
2.92267e+06 0
2.92276e+06 0
2.92286e+06 0
2.92291e+06 0
2.923e+06 0
2.92305e+06 0
2.92348e+06 0
2.92362e+06 0
2.92367e+06 0
2.92372e+06 0
2.92381e+06 0
2.92396e+06 0
2.92405e+06 0
2.9241e+06 0
2.92419e+06 0
2.92429e+06 0
2.92434e+06 0
2.92448e+06 0
2.92453e+06 0
2.92462e+06 0
2.92467e+06 0
2.92477e+06 0
2.92491e+06 0
2.92496e+06 0
2.92505e+06 0
2.9251e+06 0
2.92534e+06 0
2.92539e+06 0
2.92543e+06 0
2.92548e+06 0
2.93411e+06 0
2.93421e+06 0
2.9343e+06 0
2.93435e+06 0
2.93445e+06 0
2.93449e+06 0
2.93492e+06 0
2.93507e+06 0
2.93511e+06 0
2.93516e+06 0
2.93526e+06 0
2.9354e+06 0
2.9355e+06 0
2.93555e+06 0
2.93564e+06 0
2.93574e+06 0
2.93578e+06 0
2.93593e+06 0
2.93597e+06 0
2.93607e+06 0
2.93612e+06 0
2.93621e+06 0
2.93636e+06 0
2.9364e+06 0
2.9365e+06 0
2.93655e+06 0
2.93679e+06 0
2.93683e+06 0
2.93688e+06 0
2.93693e+06 0
2.94551e+06 0
2.9456e+06 0
2.9457e+06 0
2.94575e+06 0
2.94584e+06 0
2.94589e+06 0
2.94632e+06 0
2.94646e+06 0
2.94651e+06 0
2.94656e+06 0
2.94665e+06 0
2.9468e+06 0
2.94689e+06 0
2.94694e+06 0
2.94703e+06 0
2.94713e+06 0
2.94718e+06 0
2.94732e+06 0
2.94737e+06 0
2.94746e+06 0
2.94751e+06 0
2.94761e+06 0
2.94775e+06 0
2.9478e+06 0
2.94789e+06 0
2.94794e+06 0
2.94818e+06 0
2.94823e+06 0
2.94827e+06 0
2.94832e+06 0
2.95686e+06 0
2.95695e+06 0
2.95705e+06 0
2.9571e+06 0
2.95719e+06 0
2.95724e+06 0
2.95767e+06 0
2.95781e+06 0
2.95786e+06 0
2.95791e+06 0
2.958e+06 0
2.95814e+06 0
2.95819e+06 0
2.95829e+06 0
2.95839e+06 0
2.95843e+06 0
2.95858e+06 0
2.95862e+06 0
2.95872e+06 0
2.95877e+06 0
2.95886e+06 0
2.95901e+06 0
2.95905e+06 0
2.95915e+06 0
2.9592e+06 0
2.95944e+06 0
2.95948e+06 0
2.95953e+06 0
2.95958e+06 0
2.96816e+06 0
2.96825e+06 0
2.96835e+06 0
2.9684e+06 0
2.96854e+06 0
2.96859e+06 0
2.96902e+06 0
2.96916e+06 0
2.96921e+06 0
2.96926e+06 0
2.96935e+06 0
2.96949e+06 0
2.96954e+06 0
2.96964e+06 0
2.96968e+06 0
2.96978e+06 0
2.96983e+06 0
2.96997e+06 0
2.97002e+06 0
2.97011e+06 0
2.97016e+06 0
2.97026e+06 0
2.9704e+06 0
2.97045e+06 0
2.97054e+06 0
2.97059e+06 0
2.97083e+06 0
2.97088e+06 0
2.97092e+06 0
2.97097e+06 0
2.9796e+06 0
2.9797e+06 0
2.97979e+06 0
2.97984e+06 0
2.97998e+06 0
2.98003e+06 0
2.98046e+06 0
2.9806e+06 0
2.98065e+06 0
2.9807e+06 0
2.9808e+06 0
2.98094e+06 0
2.98099e+06 0
2.98108e+06 0
2.98113e+06 0
2.98123e+06 0
2.98127e+06 0
2.98142e+06 0
2.98146e+06 0
2.98156e+06 0
2.98161e+06 0
2.9817e+06 0
2.98185e+06 0
2.98189e+06 0
2.98199e+06 0
2.98204e+06 0
2.98228e+06 0
2.98232e+06 0
2.98237e+06 0
2.98242e+06 0
2.99105e+06 0
2.99114e+06 0
2.99124e+06 0
2.99128e+06 0
2.99143e+06 0
2.99148e+06 0
2.99191e+06 0
2.99205e+06 0
2.9921e+06 0
2.99214e+06 0
2.99224e+06 0
2.99238e+06 0
2.99243e+06 0
2.99253e+06 0
2.99257e+06 0
2.99267e+06 0
2.99272e+06 0
2.99286e+06 0
2.99291e+06 0
2.993e+06 0
2.99305e+06 0
2.99314e+06 0
2.99329e+06 0
2.99333e+06 0
2.99343e+06 0
2.99348e+06 0
2.99372e+06 0
2.99376e+06 0
2.99381e+06 0
2.99386e+06 0
