2998.38 2610.38
10450 7451.58
11942.1 8942.7
23113.9 12664
25354.1 13412
35034.9 11920.9
36527 11172.9
37274.1 11918.9
43975.6 8940.7
45465.7 8938.7
46214.7 8940.7
46960.8 9685.75
54411.4 10435.8
56646.6 11180.9
57390.6 11175.9
65582.3 8935.7
66331.3 9683.75
67819.4 10428.8
77508.2 11925.9
78995.3 12664
80485.4 12666
81233.5 13413
92404.3 14896.2
93899.5 14904.2
94643.5 14158.1
95386.6 14153.1
96876.7 15642.2
105820 13416
108053 14153.1
108800 14156.1
109543 14156.1
111033 14156.1
120722 14901.2
122211 16389.3
123702 15649.2
124447 15647.2
125192 15649.2
126679 15646.2
134132 9684.75
134877 9684.75
136365 11171.9
137111 10431.8
144558 10426.8
146054 11176.9
147541 11175.9
157973 11919.9
159462 13407
160208 12667
170639 12666
172130 12668
172876 12668
173621 13412
184050 11174.9
184796 11918.9
186284 12663
195226 10430.8
196714 10430.8
207892 12666
209383 12669
210129 13413
221303 11919.9
222048 11919.9
232479 11175.9
233224 11175.9
233967 11917.9
245145 12666
245890 12666
246633 12666
247378 13410
258556 13411
259301 13411
260047 13414
270477 11175.9
271222 11919.9
271967 11919.9
283143 12666
284631 13409
285378 13411
286121 14153.1
300280 17136.3
301771 17139.3
302515 17136.3
303261 17139.3
304003 17880.4
314436 11920.9
315181 11919.9
315926 11922.9
324866 10430.8
326355 10428.8
336787 11920.9
339023 12668
345728 8940.7
347216 8193.64
347963 8939.7
353925 8196.64
355412 8195.64
356160 8196.64
356902 8937.7
362861 8936.7
363608 8196.64
