3423.23 0
7148.52 0
10873.8 0
12363.9 0
21304.6 1
22049.7 1
23539.8 1
26520 1
33970.6 1
36205.8 1
36950.8 1
43656.4 1
46636.6 1
47381.7 1
48126.7 1
55577.3 1
58557.5 1
68243.3 1
69733.4 1
70478.5 1
80909.3 1
81654.3 1
92085.1 1
92830.2 1
104751 1
106241 1
116672 1
127848 1
129338 1
142004 1
143494 1
152435 1
153925 1
163611 1
165101 1
165846 1
176277 1
177767 1
188198 1
189688 1
201609 1
203099 1
203844 1
215765 1
218000 1
218745 1
219490 1
229921 1
232901 1
233646 1
234391 1
242587 1
244077 1
247057 1
254508 1
255253 1
258233 1
267174 1
267919 1
269409 1
272389 1
281330 1
282075 1
283565 1
292506 1
293996 1
305172 1
306662 1
315603 1
317838 1
319328 1
326778 1
329759 1
333484 1
335719 1
338699 1
339444 1
342425 1
345405 1
346150 1
346895 1
350620 1
353601 1
354346 1
355091 1
360306 1
361051 1
364031 1
364776 1
365521 1
371482 1
372972 1
374462 1
376697 1
377442 1
378187 1
381168 1
381913 1
382658 1
383403 1
384148 1
384893 1
385638 1
