4913.35 0
9383.7 0
13854 0
16089.2 0
27265.1 1
29500.3 1
30245.3 1
31735.4 1
39186 1
41421.2 1
50361.9 1
53342.1 1
60792.7 1
61537.8 1
64518 1
72713.6 1
74203.7 1
74948.8 1
77929 1
83889.5 1
86124.7 1
86869.7 1
88359.9 1
89850 1
95065.4 1
97300.5 1
98045.6 1
99535.7 1
101771 1
102516 1
109967 1
112947 1
113692 1
114437 1
121887 1
124868 1
134553 1
136044 1
137534 1
147219 1
147964 1
148710 1
158395 1
159140 1
170316 1
171806 1
172551 1
182237 1
183727 1
184472 1
185217 1
194903 1
196393 1
197138 1
197883 1
210549 1
211294 1
212785 1
223960 1
224705 1
226196 1
227686 1
238862 1
239607 1
240352 1
250037 1
250783 1
251528 1
253018 1
261213 1
261958 1
262703 1
264194 1
265684 1
275369 1
276114 1
276860 1
278350 1
279840 1
286545 1
288035 1
288780 1
289526 1
290271 1
291016 1
298466 1
299956 1
300701 1
301446 1
302192 1
302937 1
303682 1
310387 1
312622 1
313367 1
314112 1
322308 1
323798 1
324543 1
325288 1
326033 1
331994 1
332739 1
