2441 2000
2683.32 242.323
2684.32 1
7167.97 4483.65
7168.97 1
10131.9 2962.93
11623 1491.12
22799.9 11176.9
25033.1 2233.17
25034.1 1
33972.8 8938.7
35464.9 1492.12
36210.9 746.058
36211.9 1
43661.5 7449.58
44406.6 745.058
45150.6 744.058
46640.7 1490.12
54092.3 7451.58
54093.3 1
54832.4 739.058
55581.4 749.058
57071.6 1490.12
66758.3 9686.75
67498.4 740.058
67499.4 1
68247.4 748.058
69737.5 1490.12
70482.6 745.058
80166.4 9683.75
80909.4 743.058
81658.5 749.058
81659.5 1
95067.5 13408
95815.6 748.058
96559.6 744.058
97304.7 745.058
109222 11916.9
109967 745.058
110716 749.058
110717 1
111461 744.058
124123 12662
124868 745.058
125617 749.058
137536 11918.9
138284 748.058
139028 744.058
149455 10426.8
150200 745.058
150201 1
150947 746.058
162868 11920.9
164360 1492.12
165103 743.058
165104 1
178517 13413
179259 742.058
180006 747.058
190435 10428.8
191180 745.058
191925 745.058
191926 1
202354 10427.8
203848 1494.12
204591 743.058
205338 747.058
205339 1
221730 16391.3
221731 1
234396 12665
234397 1
246312 11914.9
247057 745.058
259723 12666
259724 1
273879 14155.1
274625 745.058
290276 15651.2
290277 1
300702 10424.8
302196 1494.12
311878 9682.75
311879 1
313372 1492.12
321564 8192.64
323057 1493.12
323058 1
324547 1489.12
332740 8192.64
334229 1489.12
334974 745.058
343175 8200.64
343176 1
343920 744.058
352111 8190.64
352856 745.058
354350 1494.12
354351 1
362541 8190.64
366267 3725.29
366268 1
