111.759 0
562.943 1500
674.701 0
1233.49 1500
1345.25 3000
1457.01 1500
1568.77 0
2685.36 1500
2797.12 0
5592.08 1500
5703.84 0
7603.74 0
7715.5 0
8944.85 0
9056.6 1500
9168.36 0
10397.7 0
10509.5 0
10731 1500
10842.7 0
12185.8 0
12297.6 0
14311.3 1500
14423 1500
14534.8 0
16097.4 0
16209.2 0
17773.8 0
17887.5 1500
17999.3 0
19227.6 1500
19339.4 0
19559.9 1500
19671.7 0
20568.8 1500
20680.5 0
20901 0
21124.5 0
22245.1 3000
22356.9 1500
22468.6 0
22689.2 0
22916.7 0
23809.8 3000
23921.5 1500
24033.3 0
25374.4 3000
25486.1 3000
25597.9 1500
25709.7 0
26826.2 0
26938 0
28502.6 0
28614.4 1500
28726.1 0
29955.5 0
30067.2 0
30288.8 0
31857.4 1500
31969.1 0
32973 0
33194.5 0
34425.8 0
34647.3 1500
34759.1 0
35990.5 0
36102.2 0
37668.8 0
38561.9 1500
38673.7 0
39902 0
40123.5 0
41578.4 1500
41690.1 0
43478.3 0
43699.8 0
45715.5 0
45935 1500
46046.7 0
47389.8 0
47611.4 0
48954.5 0
49066.2 0
