111.759 0
453.184 1500
564.943 0
1122.74 1500
1234.49 3000
1346.25 1500
1458.01 0
2351.08 1500
2462.84 3000
2574.6 1500
2686.36 3000
2798.12 1500
2909.88 3000
3021.63 1500
3133.39 0
5925.36 0
6041.12 0
6152.88 1500
6264.64 0
7825.26 0
8164.53 1500
8276.29 0
9166.36 0
9278.12 0
9389.88 0
10619.2 1500
10731 0
10843.7 1500
10955.5 0
12407.4 0
12519.1 1500
12630.9 0
12743.6 0
14754.3 1500
14866.1 1500
14977.8 0
16318.9 0
16430.7 0
16543.4 1500
16655.2 0
17995.3 0
18334.6 1500
18446.3 0
19448.2 0
19672.7 1500
19784.4 0
20789.3 1500
20901 0
21013.8 0
21237.3 0
22804.9 1500
22916.7 1500
23028.4 0
24369.5 0
24590.1 0
25706.7 0
25818.4 1500
25930.2 0
27387 0
27498.8 0
28724.1 0
28835.9 1500
28947.7 0
30404.5 0
30516.3 0
31969.1 3000
32080.9 1500
32192.7 0
33084.7 0
33307.2 3000
33419 1500
33530.8 0
34874.9 1500
34986.6 1500
35098.4 0
36323.7 0
37780.6 1500
37892.4 0
38672.7 0
38894.2 0
40013.8 1500
40125.5 0
41690.1 1500
41801.9 0
43590 0
43812.6 0
46050.7 1500
46162.5 0
47727.1 0
47838.9 0
49176 1500
49287.7 1500
49399.5 0
