561.943 2
1455.01 3
1677.53 4
3243.15 5
3465.67 1
3577.43 2
3805.95 3
6488.15 1
8608.57 2
9502.64 2.5
9724.16 2.9
10843.7 3.24483
11065.3 3.55301
12295.6 3.83446
12518.1 4.09525
12746.6 1
14311.3 2
14534.8 3
14645.5 3.33333
15871.9 1
15986.6 2
16206.2 2.5
17548.3 2.9
17663 3.24483
19005.1 3.55301
19115.9 1
21016.8 2
22133.4 2.5
22352.9 2.9
23252 3.24483
23470.5 3.55301
24704.8 3.83446
24923.3 4.09525
25038.1 4.33944
26153.7 4.56988
26380.2 1
26604.7 2
26714.5 3
27830.1 3.33333
28168.3 3.63333
28279.1 3.90856
29286.9 4.16441
29617.2 4.40454
29733 4.63158
30847.6 4.84749
31071.1 5.05378
31408.3 1
31522.1 2
32523.9 3
32974 3.33333
34204.3 3.63333
34538.6 3.90856
34650.3 4.16441
35653.2 4.40454
35991.5 4.63158
36103.2 4.84749
36322.7 5.05378
37106 5.25165
37445.3 5.44207
37663.8 5.62582
37892.4 5.80357
38002.1 5.97588
39006.9 6.14322
39228.5 1
39457 2
39680.5 3
39790.2 4
40682.3 4.25
40904.8 4.48529
41243.1 4.70824
41468.6 4.92064
42358.7 1
42582.2 2
42920.5 3
44261.6 3.33333
44372.4 3.63333
44481.1 1
45825.2 2
45937 2.5
47278.1 1
49068.2 2
