451.184 24.7701
1121.74 16.6667
1343.25 25.056
2573.6 15.3952
2796.12 20.0239
3019.63 13.3333
3131.39 18.75
5482.33 11.5266
5705.84 10.704
5929.36 7.13374
6152.88 6.65872
8835.09 0
9503.64 16.7165
10622.2 9.99106
10842.7 16.6916
12408.4 12.514
12630.9 12.5
14531.8 5.26316
14646.5 9.9866
14866.1 10
16655.2 11.1277
16767 11.7585
18108.1 15.3846
18219.8 15.3846
18330.6 21.4423
20119.7 11.1111
20231.5 11.1111
20343.2 5.5528
20458 10.5065
22131.4 6.25
22243.1 6.2605
22357.9 11.7647
23475.5 18.1376
23587.2 18.1818
24813.6 16.704
24925.3 16.704
25147.9 14.3223
26266.4 15.3846
26381.2 7.67646
27495.8 9.09091
27607.6 18.2263
28725.1 18.1818
28839.9 18.1376
29845.7 19.9465
29954.5 27.2727
30065.2 27.3618
31295.6 23.1247
31407.3 23.0769
31518.1 28.5897
31741.6 26.6667
33195.5 23.5294
33307.2 23.5294
33418 17.6471
33529.8 18.75
33645.5 17.61
35098.4 11.7462
35207.1 11.7647
36660 14.3132
36771.8 14.2857
36882.5 13.3413
38336.4 13.3333
38448.1 13.3333
40236.3 11.7647
40348 5.88235
42136.2 5.88235
43365.5 9.09091
43588 15.3952
44818.4 15.3846
45152.7 7.14286
46273.3 7.68173
46493.8 13.3413
47837.9 14.2857
48058.4 7.14286
48955.5 10
49845.5 12.5562
