606 1
607 2
1606 2
1607 4
2086 4
2087 8
2806 8
2807 9
3286 9
3287 10
4006 10
4007 11
4486 11
4487 12
5086 12
5087 13
5806 13
5807 14
6406 14
6407 15
6886 15
6887 16
7606 16
7607 17
8201 17
8202 18
8806 18
8807 19
9286 19
9287 1
10006 1
10007 2
10486 2
10487 4
11086 4
11087 8
11566 8
11567 16
12645 16
12646 17
13246 17
13247 1
13721 1
13722 2
14446 2
14447 4
14926 4
14927 8
15641 8
15642 1
16125 1
16126 2
16606 2
16607 4
17326 4
17327 1
17806 1
17807 2
18526 2
18527 1
19006 1
19007 2
19725 2
19726 1
20806 1
20807 2
21286 2
21287 3
21766 3
21767 4
22486 4
22487 5
22966 5
22967 1
35446 1
35447 2
36046 2
36047 1
