2998.38 2
10450 2
11942.1 2.5
23113.9 2.9
25354.1 1
35034.9 2
43230.5 2.5
44720.6 2.9
53661.3 3.24483
55898.5 3.55301
65583.3 3.83446
67072.4 4.09525
69309.5 4.33944
78249.2 1
80483.4 2
81978.5 2
84213.7 3
91659.3 3.33333
92409.3 3.63333
93896.5 3.90856
102091 4.16441
102835 4.40454
104327 4.63158
114012 4.84749
115503 5.05378
116993 5.25165
118483 5.44207
127423 5.62582
128912 5.80357
129657 5.97588
130404 6.14322
131149 6.306
138599 6.46458
140838 6.61927
141583 6.77034
142325 6.91805
143070 7.0626
144560 7.20419
152010 7.343
154994 7.47918
155734 7.61288
156479 7.74424
157226 7.87337
158717 1
159464 2
166915 3
169890 3
171386 4
172131 4
172873 4.25
180326 4.48529
181071 4.70824
181813 4.92064
183303 5.12386
192242 1
192987 2
193732 3
195227 3
195971 3.33333
206398 3.63333
208637 3.90856
209382 4.16441
216829 4.40454
219813 4.63158
220558 4.84749
222046 5.05378
228750 5.25165
232480 5.44207
233225 1
235459 1
236205 2
244401 3
246631 3
255572 3.33333
256322 3.63333
258552 3.90856
265261 4.16441
266003 4.40454
268238 4.63158
276437 4.84749
277179 1
277924 2
280159 3
290593 3.33333
293575 3.63333
294319 1
300279 2
303260 2.5
309964 2.9
312947 3.24483
319647 3.55301
323372 3.83446
324121 4.09525
331573 1
336038 2
336787 3
337533 3.33333
344234 3.63333
344983 3.90856
345729 4.16441
