3745.44 3245.44
11197 7451.58
13431.2 9684.75
24609.1 13412
28334.4 14903.2
35034.9 10425.8
37272.1 8937.7
38020.1 9684.75
44720.6 9685.75
46960.8 9688.75
47702.9 9682.75
49195 11173.9
56641.6 11920.9
59621.8 12661
60368.9 12666
61861 12666
69312.5 12671
70801.7 14159.1
73036.8 13415
74527 14158.1
75270 13409
82718.6 13406
84208.7 13407
85702.8 14900.2
87192.9 14156.1
88681.1 14154.1
89429.1 14159.1
97624.8 14906.2
99859.9 15651.2
100600 14897.2
101350 15646.2
102840 15647.2
104330 15649.2
105072 15643.2
111777 14152.1
115503 11172.9
116248 11175.9
122208 10430.8
123701 11922.9
125934 10430.8
127426 11177.9
134129 11920.9
135622 11920.9
137855 11920.9
138600 12665
140838 13412
148285 14156.1
150519 14897.2
152759 14904.2
160205 9685.75
163187 10427.8
164679 11918.9
172871 12666
176598 13411
178088 13409
186282 13411
187776 14904.2
191499 14901.2
193734 15646.2
202673 16391.3
203418 15642.2
204167 16390.3
216085 13412
216829 13411
217579 13412
228006 11176.9
228750 11170.9
241416 13410
242161 13411
242910 14159.1
257063 15647.2
257812 15651.2
258556 15646.2
259301 16390.3
271963 14900.2
272708 14896.2
282395 10431.8
283888 11179.9
284634 11924.9
295060 12665
296555 12667
297300 12666
304751 7450.58
305496 8194.64
312942 8190.64
313687 8190.64
322627 9685.75
323372 10429.8
324117 10430.8
332313 9685.75
333807 10434.8
334548 11174.9
335297 11179.9
343491 11177.9
344983 11175.9
345729 11180.9
346473 11175.9
347219 11920.9
356902 13411
358390 13407
