2257.32 1946.32
6723.67 4466.35
9704.9 7446.58
19389.7 12666
21628.8 11923.9
33549.8 14160.1
34294.8 12666
43976.6 10426.8
55152.4 11175.9
56641.6 12664
66328.3 11175.9
67817.4 11175.9
80488.4 14160.1
81978.5 15649.2
82723.6 14906.2
91660.3 9681.75
92405.3 9681.75
101346 9685.75
102091 9685.75
103580 11173.9
114012 12666
115501 13410
116991 13411
117738 14157.1
130403 16391.3
131892 16391.3
133383 16391.3
134133 16394.3
146795 16391.3
147540 17135.3
148289 16396.3
149034 15651.2
149774 15641.2
158716 10426.8
159461 10426.8
160205 10430.8
171382 12666
172127 12666
172871 12666
174366 14160.1
186283 14901.2
188522 14156.1
190007 15640.2
201930 13408
203423 13416
214596 11172.9
216089 12665
226517 11920.9
239186 12669
240671 14153.1
249613 10426.8
251102 10430.8
260043 10430.8
260792 11178.9
261538 10435.8
271220 11176.9
271964 11171.9
272708 11914.9
274199 12661
283886 12666
284631 12667
285379 12671
295062 10430.8
295807 11174.9
296550 11170.9
308473 13411
309218 12668
323377 14904.2
324119 14901.2
332318 8940.7
333060 9681.75
334548 10428.8
341256 8937.7
342001 8940.7
343489 10427.8
344238 9689.75
353180 11923.9
353925 11923.9
355410 11920.9
356159 11920.9
356905 12666
362865 9685.75
363610 9685.75
365096 9685.75
365845 9685.75
366591 9685.75
368076 11169.9
372551 9685.75
373296 9685.75
374786 9690.75
375530 9685.75
376271 9680.75
380002 5215.41
380747 5959.46
381487 5956.46
382232 5960.46
382977 2975.23
383722 2975.23
384472 2985.23
385217 3729.29
