2984.38 2
7454.73 3
8942.85 4
17139.5 2
18628.6 2.5
19377.7 2.9
20122.7 3.24483
32785.7 3.55301
33533.8 3.83446
35019.9 4.09525
44707.6 4.33944
45451.7 1
46944.8 2
48434.9 3
54392.4 3.33333
57370.6 3.63333
58115.7 3.90856
64823.2 4.16441
69296.5 1
70040.6 2
78234.2 3
78979.3 3.33333
89410.1 3.63333
90155.2 3.90856
90899.2 4.16441
100586 4.40454
101331 4.63158
102075 4.84749
102820 5.05378
114742 5.25165
115487 5.44207
116231 5.62582
116976 1
117721 1
127408 2
128153 3
128898 3.33333
137839 3.63333
138584 3.90856
139328 4.16441
149015 4.40454
149760 4.63158
150504 4.84749
151249 5.05378
163916 5.25165
164661 1
165406 2
166154 3
166899 3
178072 3
179561 3.33333
180307 3.63333
192231 3.90856
193717 4.16441
194463 4.40454
206384 4.63158
207873 1
208622 2
209367 2
220541 3
221285 3.33333
230227 3.63333
230971 3.90856
231715 4.16441
243637 1
244382 2
245127 3
245875 3.33333
259283 3.63333
260028 3.90856
260772 4.16441
274185 4.40454
274930 4.63158
275675 1
276419 2
287596 3
289085 3.33333
299519 3.63333
301006 3.90856
302497 4.16441
310693 4.40454
312181 4.63158
314418 4.84749
315907 5.05378
320379 5.25165
321869 5.44207
324848 5.62582
326338 5.80357
327086 5.97588
330810 6.14322
333043 6.306
336772 1
338263 1
339753 2
343476 3
344964 4
347203 4.25
353163 4.48529
353909 4.70824
354654 4.92064
