1495.27 2
5216.56 2
5964.61 2.5
14160.3 2
15650.4 2.5
27573.3 2.9
29061.4 3.24483
40979.3 3.55301
42472.5 3.83446
43219.5 1
49925 2
50669.1 2.5
59609.8 2.9
60354.9 3.24483
70040.6 3.55301
71529.7 3.83446
72276.8 4.09525
84197.7 1
84941.8 2
85686.8 3
96858.7 3.33333
97607.8 3.63333
99096.9 3.90856
110270 4.16441
111019 4.40454
112508 4.63158
124426 4.84749
125176 5.05378
125921 5.25165
126664 1
137841 2
138582 3
140077 3.33333
150507 1
151248 2
151993 2.5
162424 2.9
172114 3.24483
172855 3.55301
184780 3.83446
185521 4.09525
186269 4.33944
201171 4.56988
201912 4.78871
202657 1
203405 2
215327 3
216816 3.33333
225758 3.63333
227247 3.90856
227989 4.16441
238425 4.40454
239913 1
240655 2
241405 3
254811 3.33333
256304 3.63333
257051 3.90856
269712 4.16441
270461 4.40454
271205 4.63158
283868 4.84749
284613 5.05378
285361 5.25165
286106 5.44207
296538 5.62582
297284 5.80357
298027 5.97588
298772 6.14322
299517 6.306
309200 6.46458
309945 6.61927
310693 6.77034
311438 6.91805
312183 7.0626
313674 7.20419
324106 7.343
324851 7.47918
325595 7.61288
326340 1
327085 2
327832 3
337517 4
338262 4.25
339006 4.48529
347944 4.70824
348692 4.92064
349436 5.12386
350926 5.31903
360613 5.50703
361358 5.68862
362102 5.86441
362847 6.03493
365085 6.20063
369554 6.36191
370299 6.51909
