487 24
1087 40
1487 24
1967 25
2686 34
3162 36
3887 27
4367 27
4967 24
5686 30
6287 27
6767 28
7487 24
8087 30
8682 28
9166 28
9887 25
10487 24
10967 24
11682 27
12287 26
12887 25
13367 25
13967 24
14447 24
15166 27
15642 27
16247 26
16726 26
17447 24
17927 24
18527 23
19126 23
19487 20
20087 23
20682 22
21163 22
22246 25
22722 26
23327 25
23927 24
24527 23
25007 23
25487 20
26202 22
26682 22
27407 21
28007 20
28847 21
29327 21
30047 20
30642 20
31126 20
31726 19
32567 20
33047 20
33642 20
34367 21
34847 21
35327 21
36047 20
36767 22
37247 22
37847 21
38327 21
38807 22
39287 22
40126 23
40726 22
41087 23
41682 22
42163 22
42527 23
43007 23
43847 25
44567 26
44927 24
45527 27
45887 24
46247 25
46847 25
47327 25
47927 24
48287 25
48767 25
49367 24
49722 26
