367 32
962 40
1324 43
1922 50
2402 42
2764 50
3123 51
3723 53
4322 46
4802 50
5407 45
5765 47
6362 46
6726 43
7203 42
7807 38
8407 35
8887 34
9367 32
9847 30
10447 28
10807 28
11407 26
11642 26
12007 25
12367 24
13327 22
13807 22
14407 22
14887 22
15247 23
15847 22
16327 22
16807 22
17287 22
17642 23
18126 23
18367 22
19206 23
19682 23
20162 23
20642 23
21007 23
21607 23
22087 23
22567 23
23047 23
23527 23
24007 23
24722 25
25202 25
25682 25
26162 25
26642 25
27247 25
27722 25
28202 25
28682 25
29162 25
29642 25
30247 25
30722 25
31202 25
31682 25
32162 25
32643 25
33126 25
33607 25
34087 25
34567 26
35047 26
35527 26
36007 26
36487 24
36967 24
37447 24
37927 24
38407 24
38887 24
39367 24
39847 24
40327 24
40807 24
41287 25
41767 25
42247 25
42722 25
43203 25
43682 25
44162 25
44767 25
45247 25
45722 25
46087 26
46567 26
47047 26
47527 26
48007 26
48487 24
48967 24
