242 49
843 39
1206 50
1803 50
2283 46
2646 50
3005 55
3603 53
4204 49
4685 44
5284 43
5646 44
6244 44
6607 39
7087 43
7682 38
8287 36
9247 32
9722 30
10327 29
10682 28
11287 26
11527 26
11887 24
12847 22
12967 20
13202 21
13682 21
14287 20
14767 21
15722 21
16202 21
16682 21
17162 21
17527 21
18007 21
18724 23
19087 23
19567 23
20047 23
20527 23
21487 24
21967 24
22447 24
22927 24
23407 24
23887 24
24487 24
24607 25
25087 25
25567 26
26047 26
26527 26
27126 25
27607 25
28087 25
28567 26
29047 26
29527 26
30126 25
30607 25
31087 25
31567 26
32047 26
32527 26
33007 26
33487 24
33967 24
34447 24
34927 24
35407 24
35887 24
36367 24
36847 24
37327 24
37807 24
38287 25
38767 25
39247 25
39722 25
40202 25
40682 25
41163 25
41642 25
42126 25
42607 26
43087 26
43567 26
44047 26
44643 25
45126 25
45607 26
45967 24
46447 24
46927 24
47407 24
47887 24
48367 24
48847 24
