2980.38 2
10435 2
11923.1 2.5
23101.9 2.9
25335.1 1
34276.8 2
41726.4 2.5
43215.5 2.9
52157.2 3.24483
53646.3 3.55301
64078.1 3.83446
64825.2 4.09525
66312.3 4.33944
75255 4.56988
75999.1 4.78871
77488.2 4.99753
78234.2 1
85685.8 2
86429.9 3
88665.1 3.33333
98351.8 3.63333
99095.9 3.90856
101331 4.16441
112508 4.40454
113252 4.63158
115489 4.84749
116976 5.05378
127410 1
128153 2
128900 3
129645 3.33333
130387 3.63333
140820 3.90856
141565 4.16441
142308 4.40454
149757 4.63158
150506 4.84749
151251 5.05378
152739 5.25165
161678 5.44207
163173 5.62582
163917 5.80357
165405 5.97588
166151 6.14322
177329 1
179563 2
180308 3
181799 3
182544 4
184031 4.25
195955 4.48529
196699 4.70824
198188 4.92064
199678 5.12386
207126 5.31903
207871 5.50703
208618 5.68862
210109 5.86441
211599 6.03493
218306 6.20063
219052 6.36191
219794 6.51909
221284 1
223523 2
224266 3
230972 4
231713 4.25
232460 4.48529
241399 4.70824
242144 4.92064
242891 5.12386
244381 1
254814 2
255555 3
256305 3.33333
257792 3.63333
269711 1
270456 2
271951 2.5
283871 2.9
285357 3.24483
296537 3.55301
298773 3.83446
300261 1
307709 2
308454 2.5
317400 2.9
318144 3.24483
328571 3.55301
329316 3.83446
330808 4.09525
343476 4.33944
344222 4.56988
345709 4.78871
347199 4.99753
358378 5.19763
359122 5.39003
359865 5.57555
360613 1
368063 2
