4473.5 16.6549
14901.3 7.14491
16391.4 12.5031
30548.5 9.5232
31293.6 9.99933
40234.3 15.3846
40979.3 15.3846
42468.5 20.0018
53645.3 16.6667
54390.4 16.6667
55879.5 16.6667
56628.6 21.0467
66311.3 23.5294
67060.4 23.522
68550.5 23.5201
69294.5 23.5294
78981.3 23.522
79726.4 27.7695
80466.4 27.7881
82701.6 26.3251
83450.7 26.3158
93133.4 26.3232
93878.5 26.3232
94622.5 30.0101
96112.6 28.5714
97602.8 30
99097.9 28.5696
111019 24.9944
111764 24.9944
112509 24.993
113999 26.9161
114743 27.994
115489 29.1585
116229 30.4437
126665 18.7484
127409 23.5294
128150 23.5387
128895 23.5294
137841 26.6667
138585 26.6667
139330 26.6571
140076 26.6547
141561 29.4118
149016 23.0769
149761 23.0793
151247 23.0769
160192 20
160937 20
162423 23.5368
163171 24.9937
174348 21.0526
175093 21.0526
176579 21.0526
177327 24.995
178074 24.9966
190739 22.7273
191484 22.7273
192975 22.7203
193720 22.7245
194465 22.7273
195950 25.007
204895 20.0018
205640 20.0018
207126 23.5387
208621 23.5201
219051 21.0526
219796 21.0526
221282 21.0526
222776 21.0556
233208 21.0511
234693 23.8156
237677 15
246615 16.6716
258536 6.25
259281 11.7647
273440 9.99799
274187 9.99732
287594 10.5285
288339 15.003
289828 14.2903
303243 14.283
303989 14.2821
305474 17.3923
315909 12.501
317395 16.6729
318890 16.6605
326337 21.4347
327082 23.0745
327826 25.014
329316 28.5851
338261 24.9937
339006 24.9937
339752 24.9895
341237 25
341985 29.4048
349437 23.0769
350922 23.0769
351673 23.0722
357632 27.2761
358374 29.996
