2998.38 2610.38
10450 7451.58
11942.1 8942.7
23113.9 12664
25354.1 13412
35034.9 11920.9
36530 11175.9
37275.1 11919.9
43231.5 8196.64
43975.6 7445.58
44720.6 7445.58
46212.7 8936.7
52917.3 9685.75
54408.4 10432.8
55153.4 10432.8
56643.6 10430.8
64093.1 11175.9
65582.3 12664
66327.3 11918.9
67074.4 11920.9
68564.5 11920.9
78249.2 14156.1
80488.4 14906.2
81233.5 15650.2
81975.5 15648.2
83465.7 16391.3
84210.7 15646.2
93150.4 14901.2
94644.5 14156.1
95384.6 14151.1
96131.6 14897.2
97621.8 15646.2
99111.9 15646.2
99858.9 15648.2
105071 11920.9
106561 11916.9
107306 11920.9
108051 11918.9
108801 11178.9
109546 11922.9
118482 10431.8
119226 10425.8
119971 11169.9
121464 11917.9
122954 13407
131148 12666
132639 13413
133383 13411
135622 14158.1
137112 14158.1
144559 13411
145304 14155.1
150523 13411
156480 11920.9
157971 13411
158716 13411
163189 12666
168405 11924.9
169895 11923.9
171383 12667
181814 11918.9
182557 12661
184051 12669
195225 13411
196713 12662
203421 8195.64
205654 8940.7
213852 10430.8
214595 11172.9
216830 11175.9
227263 13411
228006 13411
228752 14156.1
230986 14156.1
242911 15648.2
243652 15646.2
244401 15649.2
252595 8942.7
253338 9684.75
254084 9682.75
263771 11175.9
264516 11177.9
265260 11175.9
276437 12666
277182 13410
277926 13410
278671 13411
289848 13411
290593 13411
291340 14157.1
292082 14156.1
303260 12667
304004 12664
304748 12666
314435 11174.9
315180 11175.9
315924 11175.9
316669 11919.9
327847 13412
328591 13411
