1491.12 0
5216.41 0
5961.46 0
11921.9 0
13412 0
14157.1 0
15647.2 0
26078 0
27568.1 0
29058.3 0
40234.1 0
41724.3 0
42469.3 0
49919.9 0
52155.1 0
53645.2 0
54390.2 0
62585.9 0
64821.1 0
66311.2 0
67056.2 0
75996.9 0
76742 0
79722.2 0
90153 0
90898.1 0
93878.3 0
102819 0
103564 0
105054 0
107289 0
116975 0
117720 0
119210 0
119955 0
123681 0
134111 0
135602 0
137092 0
137837 0
138582 0
140817 0
149758 0
150503 0
151248 0
152738 0
162424 0
163169 0
163914 0
165404 0
166149 0
178815 0
179560 0
180305 0
195206 0
195951 0
196696 0
206382 0
207127 0
217558 0
218303 0
229479 0
230224 0
239910 0
240655 0
252576 0
253321 0
266732 0
267477 0
268222 0
281633 0
282378 0
283123 0
283868 0
292064 0
292809 0
293554 0
303240 0
303985 0
304730 0
313670 0
314416 0
315161 0
324846 0
325591 0
326336 0
336022 0
336767 0
337512 0
338257 0
350178 0
350923 0
351668 0
352413 0
353159 0
364334 0
365825 0
366570 0
367315 0
368060 0
374020 0
375510 0
377000 0
