4957.16 1
9532.86 0.97563
14224.8 0.95217
19032.5 0.929779
23955.9 0.908403
28995.2 0.88799
34150.3 0.868492
39421.2 0.849861
44807.6 0.832056
50309.2 0.815036
55925.8 0.79876
61656.8 0.783194
67501.7 0.768302
73459.9 0.754051
79530.7 0.740411
85713.3 0.727352
92007 0.714847
98410.7 0.70287
104924 0.691395
111545 0.680399
118272 0.66986
125106 0.659756
132045 0.650068
139087 0.640777
146231 0.631864
153475 0.623313
160819 0.615106
168262 0.60723
175800 0.599668
183434 0.592408
191161 0.585436
198981 0.578739
206890 0.572305
214889 0.566124
222975 0.560183
231147 0.554474
239403 0.548985
247741 0.543708
256161 0.538634
264659 0.533754
273236 0.529061
281888 0.524545
290615 0.520201
299415 0.516021
308286 0.511999
317227 0.508127
326236 0.5044
335309 0.500975
344440 0.497677
353632 0.4945
362883 0.491439
372192 0.488491
381557 0.48565
390977 0.482912
400450 0.480274
409975 0.477732
419551 0.475281
429176 0.472919
438850 0.470642
448570 0.468447
458335 0.46633
468145 0.464289
477998 0.462321
487893 0.460423
497829 0.458593
507805 0.456828
517819 0.455125
527870 0.453482
537958 0.451898
548082 0.450369
558239 0.448894
568430 0.447471
578654 0.446098
588909 0.444773
599194 0.443494
609509 0.442261
619853 0.44107
630225 0.439921
640624 0.438811
651049 0.437741
661500 0.436707
671975 0.43571
682475 0.434747
692997 0.433817
703542 0.43292
714109 0.432053
724698 0.431217
735307 0.430409
745935 0.42963
756583 0.428877
767250 0.42815
777935 0.427447
788637 0.42677
799356 0.426115
810092 0.425483
820844 0.424872
831611 0.424283
842393 0.423713
853190 0.423163
864001 0.422632
874825 0.422119
885663 0.421624
896513 0.421145
907375 0.420683
918250 0.420236
929136 0.419805
940033 0.419388
950941 0.418986
961859 0.418597
972788 0.418222
983727 0.417859
994675 0.417508
1.00563e+06 0.41717
1.0166e+06 0.416843
1.02757e+06 0.416527
1.03856e+06 0.416222
1.04955e+06 0.415927
1.06055e+06 0.415642
1.07155e+06 0.415367
1.08257e+06 0.415101
1.09359e+06 0.414844
1.10461e+06 0.414596
1.11565e+06 0.414356
1.12669e+06 0.414124
1.13773e+06 0.4139
1.14879e+06 0.413684
1.15985e+06 0.413475
1.17091e+06 0.413273
1.18198e+06 0.413078
1.19305e+06 0.41289
1.20413e+06 0.412708
1.21522e+06 0.412532
1.22631e+06 0.412361
1.2374e+06 0.412197
1.2485e+06 0.412038
1.2596e+06 0.411885
1.27071e+06 0.411737
1.28182e+06 0.411594
1.29293e+06 0.411455
1.30405e+06 0.411321
1.31517e+06 0.411192
1.3263e+06 0.411067
1.33743e+06 0.410947
1.34856e+06 0.41083
1.3597e+06 0.410717
1.37083e+06 0.410609
1.38198e+06 0.410503
1.39312e+06 0.410402
1.40427e+06 0.410303
1.41542e+06 0.410208
1.42657e+06 0.410117
1.43772e+06 0.410028
1.44888e+06 0.409942
1.46004e+06 0.40986
1.4712e+06 0.40978
1.48236e+06 0.409702
1.49353e+06 0.409628
1.5047e+06 0.409555
1.51587e+06 0.409486
1.52704e+06 0.409418
1.53821e+06 0.409353
1.54939e+06 0.40929
1.56057e+06 0.409229
1.57175e+06 0.40917
1.58293e+06 0.409114
1.59411e+06 0.409059
1.60529e+06 0.409006
1.61648e+06 0.408954
1.62766e+06 0.408905
1.63885e+06 0.408857
1.65004e+06 0.408811
1.66123e+06 0.408766
1.67242e+06 0.408723
1.68361e+06 0.408681
1.69481e+06 0.408641
1.706e+06 0.408602
1.7172e+06 0.408564
1.72839e+06 0.408527
1.73959e+06 0.408492
1.75079e+06 0.408458
1.76199e+06 0.408425
1.77319e+06 0.408394
1.78439e+06 0.408363
1.7956e+06 0.408333
1.8068e+06 0.408304
1.818e+06 0.408277
1.82921e+06 0.40825
1.84041e+06 0.408224
1.85162e+06 0.408199
1.86283e+06 0.408175
1.87404e+06 0.408151
1.88524e+06 0.408129
1.89645e+06 0.408107
1.90766e+06 0.408086
1.91887e+06 0.408066
1.93008e+06 0.408046
1.94129e+06 0.408027
1.95251e+06 0.408008
1.96372e+06 0.407991
1.97493e+06 0.407973
1.98614e+06 0.407957
1.99736e+06 0.407941
2.00857e+06 0.407925
2.01979e+06 0.40791
2.031e+06 0.407896
2.04222e+06 0.407882
2.05343e+06 0.407868
2.06465e+06 0.407855
2.07587e+06 0.407843
2.08708e+06 0.40783
2.0983e+06 0.407818
2.10952e+06 0.407807
2.12073e+06 0.407796
2.13195e+06 0.407785
2.14317e+06 0.407775
2.15439e+06 0.407765
2.16561e+06 0.407756
2.17683e+06 0.407746
2.18805e+06 0.407737
2.19927e+06 0.407729
2.21049e+06 0.40772
2.22171e+06 0.407712
2.23293e+06 0.407704
2.24415e+06 0.407697
2.25537e+06 0.407689
2.26659e+06 0.407682
2.27781e+06 0.407675
2.28903e+06 0.407669
2.30025e+06 0.407662
2.31148e+06 0.407656
2.3227e+06 0.40765
2.33392e+06 0.407645
2.34514e+06 0.407639
2.35637e+06 0.407634
2.36759e+06 0.407628
2.37881e+06 0.407623
2.39003e+06 0.407618
2.40126e+06 0.407614
2.41248e+06 0.407609
2.4237e+06 0.407605
2.43493e+06 0.407601
2.44615e+06 0.407597
2.45737e+06 0.407593
2.4686e+06 0.407589
2.47982e+06 0.407585
2.49104e+06 0.407581
2.50227e+06 0.407578
2.51349e+06 0.407575
2.52472e+06 0.407571
2.53594e+06 0.407568
2.54717e+06 0.407565
2.55839e+06 0.407562
2.56961e+06 0.40756
2.58084e+06 0.407557
2.59206e+06 0.407554
2.60329e+06 0.407552
2.61451e+06 0.407549
2.62574e+06 0.407547
2.63696e+06 0.407545
2.64819e+06 0.407542
2.65941e+06 0.40754
2.67064e+06 0.407538
2.68186e+06 0.407536
2.69309e+06 0.407534
2.70431e+06 0.407532
2.71554e+06 0.407531
2.72676e+06 0.407529
2.73799e+06 0.407527
2.74922e+06 0.407525
2.76044e+06 0.407524
2.77167e+06 0.407522
2.78289e+06 0.407521
2.79412e+06 0.407519
2.80534e+06 0.407518
2.81657e+06 0.407517
2.8278e+06 0.407515
2.83902e+06 0.407514
2.85025e+06 0.407513
2.86147e+06 0.407512
2.8727e+06 0.407511
2.88392e+06 0.40751
2.89515e+06 0.407509
2.90638e+06 0.407508
2.9176e+06 0.407507
2.92883e+06 0.407506
2.94006e+06 0.407505
2.95128e+06 0.407504
2.96251e+06 0.407503
2.97373e+06 0.407502
2.98496e+06 0.407501
2.99619e+06 0.407501
3.00741e+06 0.4075
3.01864e+06 0.407499
3.02986e+06 0.407498
3.04109e+06 0.407498
3.05232e+06 0.407497
3.06354e+06 0.407497
3.07477e+06 0.407496
3.086e+06 0.407495
3.09722e+06 0.407495
3.10845e+06 0.407494
3.11968e+06 0.407494
3.1309e+06 0.407493
3.14213e+06 0.407493
3.15335e+06 0.407492
3.16458e+06 0.407492
3.17581e+06 0.407491
3.18703e+06 0.407491
3.19826e+06 0.40749
3.20949e+06 0.40749
3.22071e+06 0.40749
3.23194e+06 0.407489
3.24317e+06 0.407489
3.25439e+06 0.407489
3.26562e+06 0.407488
3.27685e+06 0.407488
3.28807e+06 0.407488
3.2993e+06 0.407487
3.31053e+06 0.407487
3.32175e+06 0.407487
3.33298e+06 0.407486
3.34421e+06 0.407486
3.35543e+06 0.407486
3.36666e+06 0.407486
3.37789e+06 0.407485
3.38911e+06 0.407485
3.40034e+06 0.407485
3.41157e+06 0.407485
3.42279e+06 0.407485
3.43402e+06 0.407484
3.44525e+06 0.407484
3.45647e+06 0.407484
3.4677e+06 0.407484
3.47893e+06 0.407484
3.49015e+06 0.407483
3.50138e+06 0.407483
3.51261e+06 0.407483
3.52383e+06 0.407483
3.53506e+06 0.407483
3.54629e+06 0.407483
3.55751e+06 0.407482
3.56874e+06 0.407482
3.57997e+06 0.407482
3.59119e+06 0.407482
3.60242e+06 0.407482
3.61365e+06 0.407482
3.62487e+06 0.407482
3.6361e+06 0.407482
3.64733e+06 0.407482
3.65855e+06 0.407481
3.66978e+06 0.407481
3.68101e+06 0.407481
3.69223e+06 0.407481
3.70346e+06 0.407481
3.71469e+06 0.407481
3.72591e+06 0.407481
3.73714e+06 0.407481
3.74837e+06 0.407481
3.75959e+06 0.407481
3.77082e+06 0.407481
3.78205e+06 0.40748
3.79327e+06 0.40748
3.8045e+06 0.40748
3.81573e+06 0.40748
3.82696e+06 0.40748
3.83818e+06 0.40748
3.84941e+06 0.40748
3.86064e+06 0.40748
3.87186e+06 0.40748
3.88309e+06 0.40748
3.89432e+06 0.40748
3.90554e+06 0.40748
3.91677e+06 0.40748
3.928e+06 0.40748
3.93922e+06 0.40748
3.95045e+06 0.40748
3.96168e+06 0.40748
3.9729e+06 0.40748
3.98413e+06 0.40748
3.99536e+06 0.40748
4.00658e+06 0.407479
4.01781e+06 0.407479
4.02904e+06 0.407479
4.04026e+06 0.407479
4.05149e+06 0.407479
4.06272e+06 0.407479
4.07394e+06 0.407479
4.08517e+06 0.407479
4.0964e+06 0.407479
4.10763e+06 0.407479
4.11885e+06 0.407479
4.13008e+06 0.407479
4.14131e+06 0.407479
4.15253e+06 0.407479
4.16376e+06 0.407479
4.17499e+06 0.407479
4.18621e+06 0.407479
4.19744e+06 0.407479
4.20867e+06 0.407479
4.21989e+06 0.407479
4.23112e+06 0.407479
4.24235e+06 0.407479
4.25357e+06 0.407479
4.2648e+06 0.407479
4.27603e+06 0.407479
4.28725e+06 0.407479
4.29848e+06 0.407479
4.30971e+06 0.407479
4.32093e+06 0.407479
4.33216e+06 0.407479
4.34339e+06 0.407479
4.35462e+06 0.407479
4.36584e+06 0.407479
4.37707e+06 0.407479
4.3883e+06 0.407479
4.39952e+06 0.407479
4.41075e+06 0.407479
4.42198e+06 0.407479
4.4332e+06 0.407479
4.44443e+06 0.407479
4.45566e+06 0.407479
4.46688e+06 0.407479
4.47811e+06 0.407479
4.48934e+06 0.407479
4.50056e+06 0.407479
4.51179e+06 0.407479
4.52302e+06 0.407479
4.53424e+06 0.407479
4.54547e+06 0.407479
4.5567e+06 0.407479
4.56793e+06 0.407479
4.57915e+06 0.407479
4.59038e+06 0.407479
4.60161e+06 0.407479
4.61283e+06 0.407479
4.62406e+06 0.407479
4.63529e+06 0.407479
4.64651e+06 0.407479
4.65774e+06 0.407479
4.66897e+06 0.407479
4.68019e+06 0.407479
4.69142e+06 0.407479
4.70265e+06 0.407479
4.71387e+06 0.407479
4.7251e+06 0.407479
4.73633e+06 0.407479
4.74755e+06 0.407479
4.75878e+06 0.407479
4.77001e+06 0.407479
4.78123e+06 0.407479
4.79246e+06 0.407479
4.80369e+06 0.407479
4.81492e+06 0.407479
4.82614e+06 0.407479
4.83737e+06 0.407479
4.8486e+06 0.407479
4.85982e+06 0.407479
4.87105e+06 0.407479
4.88228e+06 0.407479
4.8935e+06 0.407479
4.90473e+06 0.407479
4.91596e+06 0.407479
4.92718e+06 0.407479
4.93841e+06 0.407479
4.94964e+06 0.407479
4.96086e+06 0.407479
4.97209e+06 0.407479
4.98332e+06 0.407479
4.99454e+06 0.407479
5.00577e+06 0.407479
5.017e+06 0.407479
5.02823e+06 0.407479
5.03945e+06 0.407479
5.05068e+06 0.407479
5.06191e+06 0.407479
5.07313e+06 0.407479
5.08436e+06 0.407479
5.09559e+06 0.407478
5.10681e+06 0.407478
5.11804e+06 0.407478
5.12927e+06 0.407478
5.14049e+06 0.407478
5.15172e+06 0.407478
5.16295e+06 0.407478
5.17417e+06 0.407478
5.1854e+06 0.407478
5.19663e+06 0.407478
5.20785e+06 0.407478
5.21908e+06 0.407478
5.23031e+06 0.407478
5.24154e+06 0.407478
5.25276e+06 0.407478
5.26399e+06 0.407478
5.27522e+06 0.407478
5.28644e+06 0.407478
5.29767e+06 0.407478
5.3089e+06 0.407478
5.32012e+06 0.407478
5.33135e+06 0.407478
5.34258e+06 0.407478
5.3538e+06 0.407478
5.36503e+06 0.407478
5.37626e+06 0.407478
5.38748e+06 0.407478
5.39871e+06 0.407478
5.40994e+06 0.407478
5.42116e+06 0.407478
5.43239e+06 0.407478
5.44362e+06 0.407478
5.45485e+06 0.407478
5.46607e+06 0.407478
5.4773e+06 0.407478
5.48853e+06 0.407478
5.49975e+06 0.407478
5.51098e+06 0.407478
5.52221e+06 0.407478
5.53343e+06 0.407478
5.54466e+06 0.407478
5.55589e+06 0.407478
5.56711e+06 0.407478
5.57834e+06 0.407478
5.58957e+06 0.407478
5.60079e+06 0.407478
5.61202e+06 0.407478
5.62325e+06 0.407478
5.63447e+06 0.407478
5.6457e+06 0.407478
5.65693e+06 0.407478
5.66816e+06 0.407478
5.67938e+06 0.407478
5.69061e+06 0.407478
5.70184e+06 0.407478
5.71306e+06 0.407478
5.72429e+06 0.407478
5.73552e+06 0.407478
5.74674e+06 0.407478
5.75797e+06 0.407478
5.7692e+06 0.407478
5.78042e+06 0.407478
5.79165e+06 0.407478
5.80288e+06 0.407478
5.8141e+06 0.407478
5.82533e+06 0.407478
5.83656e+06 0.407478
5.84778e+06 0.407478
5.85901e+06 0.407478
5.87024e+06 0.407478
5.88146e+06 0.407478
5.89269e+06 0.407478
5.90392e+06 0.407478
5.91515e+06 0.407478
5.92637e+06 0.407478
5.9376e+06 0.407478
5.94883e+06 0.407478
5.96005e+06 0.407478
5.97128e+06 0.407478
5.98251e+06 0.407478
5.99373e+06 0.407478
6.00496e+06 0.407478
6.01619e+06 0.407478
6.02741e+06 0.407478
6.03864e+06 0.407478
6.04987e+06 0.407478
6.06109e+06 0.407478
6.07232e+06 0.407478
6.08355e+06 0.407478
6.09477e+06 0.407478
6.106e+06 0.407478
6.11723e+06 0.407478
6.12846e+06 0.407478
6.13968e+06 0.407478
6.15091e+06 0.407478
6.16214e+06 0.407478
6.17336e+06 0.407478
6.18459e+06 0.407478
6.19582e+06 0.407478
6.20704e+06 0.407478
6.21827e+06 0.407478
6.2295e+06 0.407478
6.24072e+06 0.407478
6.25195e+06 0.407478
6.26318e+06 0.407478
6.2744e+06 0.407478
6.28563e+06 0.407478
6.29686e+06 0.407478
6.30808e+06 0.407478
6.31931e+06 0.407478
6.33054e+06 0.407478
6.34177e+06 0.407478
6.35299e+06 0.407478
6.36422e+06 0.407478
6.37545e+06 0.407478
6.38667e+06 0.407478
6.3979e+06 0.407478
6.40913e+06 0.407478
6.42035e+06 0.407478
6.43158e+06 0.407478
6.44281e+06 0.407478
6.45403e+06 0.407478
6.46526e+06 0.407478
6.47649e+06 0.407478
6.48771e+06 0.407478
6.49894e+06 0.407478
6.51017e+06 0.407478
6.52139e+06 0.407478
6.53262e+06 0.407478
6.54385e+06 0.407478
6.55508e+06 0.407478
6.5663e+06 0.407478
6.57753e+06 0.407478
6.58876e+06 0.407478
6.59998e+06 0.407478
6.61121e+06 0.407478
6.62244e+06 0.407478
6.63366e+06 0.407478
6.64489e+06 0.407478
6.65612e+06 0.407478
6.66734e+06 0.407478
6.67857e+06 0.407478
6.6898e+06 0.407478
6.70102e+06 0.407478
6.71225e+06 0.407478
6.72348e+06 0.407478
6.7347e+06 0.407478
6.74593e+06 0.407478
6.75716e+06 0.407478
6.76839e+06 0.407478
6.77961e+06 0.407478
6.79084e+06 0.407478
6.80207e+06 0.407478
6.81329e+06 0.407478
6.82452e+06 0.407478
6.83575e+06 0.407478
6.84697e+06 0.407478
6.8582e+06 0.407478
6.86943e+06 0.407478
6.88065e+06 0.407478
6.89188e+06 0.407478
6.90311e+06 0.407478
6.91433e+06 0.407478
6.92556e+06 0.407478
6.93679e+06 0.407478
6.94801e+06 0.407478
6.95924e+06 0.407478
6.97047e+06 0.407478
6.9817e+06 0.407478
6.99292e+06 0.407478
7.00415e+06 0.407478
7.01538e+06 0.407478
7.0266e+06 0.407478
7.03783e+06 0.407478
7.04906e+06 0.407478
7.06028e+06 0.407478
7.07151e+06 0.407478
7.08274e+06 0.407478
7.09396e+06 0.407478
7.10519e+06 0.407478
7.11642e+06 0.407478
7.12764e+06 0.407478
7.13887e+06 0.407478
7.1501e+06 0.407478
7.16132e+06 0.407478
7.17255e+06 0.407478
7.18378e+06 0.407478
7.19501e+06 0.407478
7.20623e+06 0.407478
7.21746e+06 0.407478
7.22869e+06 0.407478
7.23991e+06 0.407478
7.25114e+06 0.407478
7.26237e+06 0.407478
7.27359e+06 0.407478
7.28482e+06 0.407478
7.29605e+06 0.407478
7.30727e+06 0.407478
7.3185e+06 0.407478
7.32973e+06 0.407478
7.34095e+06 0.407478
7.35218e+06 0.407478
7.36341e+06 0.407478
7.37463e+06 0.407478
7.38586e+06 0.407478
7.39709e+06 0.407478
7.40831e+06 0.407478
7.41954e+06 0.407478
7.43077e+06 0.407478
7.442e+06 0.407478
7.45322e+06 0.407478
7.46445e+06 0.407478
7.47568e+06 0.407478
7.4869e+06 0.407478
7.49813e+06 0.407478
7.50936e+06 0.407478
7.52058e+06 0.407478
7.53181e+06 0.407478
7.54304e+06 0.407478
7.55426e+06 0.407478
7.56549e+06 0.407478
7.57672e+06 0.407478
7.58794e+06 0.407478
7.59917e+06 0.407478
7.6104e+06 0.407478
7.62162e+06 0.407478
7.63285e+06 0.407478
7.64408e+06 0.407478
7.65531e+06 0.407478
7.66653e+06 0.407478
7.67776e+06 0.407478
7.68899e+06 0.407478
7.70021e+06 0.407478
7.71144e+06 0.407478
7.72267e+06 0.407478
7.73389e+06 0.407478
7.74512e+06 0.407478
7.75635e+06 0.407478
7.76757e+06 0.407478
7.7788e+06 0.407478
7.79003e+06 0.407478
7.80125e+06 0.407478
7.81248e+06 0.407478
7.82371e+06 0.407478
7.83493e+06 0.407478
7.84616e+06 0.407478
7.85739e+06 0.407478
7.86862e+06 0.407478
7.87984e+06 0.407478
7.89107e+06 0.407478
7.9023e+06 0.407478
7.91352e+06 0.407478
7.92475e+06 0.407478
7.93598e+06 0.407478
7.9472e+06 0.407478
7.95843e+06 0.407478
7.96966e+06 0.407478
7.98088e+06 0.407478
7.99211e+06 0.407478
8.00334e+06 0.407478
8.01456e+06 0.407478
8.02579e+06 0.407478
8.03702e+06 0.407478
8.04824e+06 0.407478
8.05947e+06 0.407478
8.0707e+06 0.407478
8.08193e+06 0.407478
8.09315e+06 0.407478
8.10438e+06 0.407478
8.11561e+06 0.407478
8.12683e+06 0.407478
8.13806e+06 0.407478
8.14929e+06 0.407478
8.16051e+06 0.407478
8.17174e+06 0.407478
8.18297e+06 0.407478
8.19419e+06 0.407478
8.20542e+06 0.407478
8.21665e+06 0.407478
8.22787e+06 0.407478
8.2391e+06 0.407478
8.25033e+06 0.407478
8.26155e+06 0.407478
8.27278e+06 0.407478
8.28401e+06 0.407478
8.29524e+06 0.407478
8.30646e+06 0.407478
8.31769e+06 0.407478
8.32892e+06 0.407478
8.34014e+06 0.407478
8.35137e+06 0.407478
8.3626e+06 0.407478
8.37382e+06 0.407478
8.38505e+06 0.407478
8.39628e+06 0.407478
8.4075e+06 0.407478
8.41873e+06 0.407478
8.42996e+06 0.407478
8.44118e+06 0.407478
8.45241e+06 0.407478
8.46364e+06 0.407478
8.47486e+06 0.407478
8.48609e+06 0.407478
8.49732e+06 0.407478
8.50855e+06 0.407478
8.51977e+06 0.407478
8.531e+06 0.407478
8.54223e+06 0.407478
8.55345e+06 0.407478
8.56468e+06 0.407478
8.57591e+06 0.407478
8.58713e+06 0.407478
8.59836e+06 0.407478
8.60959e+06 0.407478
8.62081e+06 0.407478
8.63204e+06 0.407478
8.64327e+06 0.407478
8.65449e+06 0.407478
8.66572e+06 0.407478
8.67695e+06 0.407478
8.68817e+06 0.407478
8.6994e+06 0.407478
8.71063e+06 0.407478
8.72186e+06 0.407478
8.73308e+06 0.407478
8.74431e+06 0.407478
8.75554e+06 0.407478
8.76676e+06 0.407478
8.77799e+06 0.407478
8.78922e+06 0.407478
8.80044e+06 0.407478
8.81167e+06 0.407478
8.8229e+06 0.407478
8.83412e+06 0.407478
8.84535e+06 0.407478
8.85658e+06 0.407478
8.8678e+06 0.407478
8.87903e+06 0.407478
8.89026e+06 0.407478
8.90148e+06 0.407478
8.91271e+06 0.407478
8.92394e+06 0.407478
8.93516e+06 0.407478
8.94639e+06 0.407478
8.95762e+06 0.407478
8.96885e+06 0.407478
8.98007e+06 0.407478
8.9913e+06 0.407478
9.00253e+06 0.407478
9.01375e+06 0.407478
9.02498e+06 0.407478
9.03621e+06 0.407478
9.04743e+06 0.407478
9.05866e+06 0.407478
9.06989e+06 0.407478
9.08111e+06 0.407478
9.09234e+06 0.407478
9.10357e+06 0.407478
9.11479e+06 0.407478
9.12602e+06 0.407478
9.13725e+06 0.407478
9.14847e+06 0.407478
9.1597e+06 0.407478
9.17093e+06 0.407478
9.18216e+06 0.407478
9.19338e+06 0.407478
9.20461e+06 0.407478
9.21584e+06 0.407478
9.22706e+06 0.407478
9.23829e+06 0.407478
9.24952e+06 0.407478
9.26074e+06 0.407478
9.27197e+06 0.407478
9.2832e+06 0.407478
9.29442e+06 0.407478
9.30565e+06 0.407478
9.31688e+06 0.407478
9.3281e+06 0.407478
9.33933e+06 0.407478
9.35056e+06 0.407478
9.36178e+06 0.407478
9.37301e+06 0.407478
9.38424e+06 0.407478
9.39547e+06 0.407478
9.40669e+06 0.407478
9.41792e+06 0.407478
9.42915e+06 0.407478
9.44037e+06 0.407478
9.4516e+06 0.407478
9.46283e+06 0.407478
9.47405e+06 0.407478
9.48528e+06 0.407478
9.49651e+06 0.407478
9.50773e+06 0.407478
9.51896e+06 0.407478
9.53019e+06 0.407478
9.54141e+06 0.407478
9.55264e+06 0.407478
9.56387e+06 0.407478
9.57509e+06 0.407478
9.58632e+06 0.407478
9.59755e+06 0.407478
9.60878e+06 0.407478
9.62e+06 0.407478
9.63123e+06 0.407478
9.64246e+06 0.407478
9.65368e+06 0.407478
9.66491e+06 0.407478
9.67614e+06 0.407478
9.68736e+06 0.407478
9.69859e+06 0.407478
9.70982e+06 0.407478
9.72104e+06 0.407478
9.73227e+06 0.407478
9.7435e+06 0.407478
9.75472e+06 0.407478
9.76595e+06 0.407478
9.77718e+06 0.407478
9.7884e+06 0.407478
9.79963e+06 0.407478
9.81086e+06 0.407478
9.82209e+06 0.407478
9.83331e+06 0.407478
9.84454e+06 0.407478
9.85577e+06 0.407478
9.86699e+06 0.407478
9.87822e+06 0.407478
9.88945e+06 0.407478
9.90067e+06 0.407478
9.9119e+06 0.407478
9.92313e+06 0.407478
9.93435e+06 0.407478
9.94558e+06 0.407478
9.95681e+06 0.407478
9.96803e+06 0.407478
9.97926e+06 0.407478
9.99049e+06 0.407478
1.00017e+07 0.407478
1.00129e+07 0.407478
1.00242e+07 0.407478
1.00354e+07 0.407478
1.00466e+07 0.407478
1.00578e+07 0.407478
1.00691e+07 0.407478
1.00803e+07 0.407478
1.00915e+07 0.407478
1.01028e+07 0.407478
1.0114e+07 0.407478
1.01252e+07 0.407478
1.01364e+07 0.407478
1.01477e+07 0.407478
1.01589e+07 0.407478
1.01701e+07 0.407478
1.01813e+07 0.407478
1.01926e+07 0.407478
1.02038e+07 0.407478
1.0215e+07 0.407478
1.02263e+07 0.407478
1.02375e+07 0.407478
1.02487e+07 0.407478
1.02599e+07 0.407478
1.02712e+07 0.407478
1.02824e+07 0.407478
1.02936e+07 0.407478
1.03048e+07 0.407478
1.03161e+07 0.407478
1.03273e+07 0.407478
1.03385e+07 0.407478
1.03497e+07 0.407478
1.0361e+07 0.407478
1.03722e+07 0.407478
1.03834e+07 0.407478
1.03947e+07 0.407478
1.04059e+07 0.407478
1.04171e+07 0.407478
1.04283e+07 0.407478
1.04396e+07 0.407478
1.04508e+07 0.407478
1.0462e+07 0.407478
1.04732e+07 0.407478
1.04845e+07 0.407478
1.04957e+07 0.407478
1.05069e+07 0.407478
1.05181e+07 0.407478
1.05294e+07 0.407478
1.05406e+07 0.407478
1.05518e+07 0.407478
1.05631e+07 0.407478
1.05743e+07 0.407478
1.05855e+07 0.407478
1.05967e+07 0.407478
1.0608e+07 0.407478
1.06192e+07 0.407478
1.06304e+07 0.407478
1.06416e+07 0.407478
1.06529e+07 0.407478
1.06641e+07 0.407478
1.06753e+07 0.407478
1.06866e+07 0.407478
1.06978e+07 0.407478
1.0709e+07 0.407478
1.07202e+07 0.407478
1.07315e+07 0.407478
1.07427e+07 0.407478
1.07539e+07 0.407478
1.07651e+07 0.407478
1.07764e+07 0.407478
1.07876e+07 0.407478
1.07988e+07 0.407478
1.081e+07 0.407478
1.08213e+07 0.407478
1.08325e+07 0.407478
1.08437e+07 0.407478
1.0855e+07 0.407478
1.08662e+07 0.407478
1.08774e+07 0.407478
1.08886e+07 0.407478
1.08999e+07 0.407478
1.09111e+07 0.407478
1.09223e+07 0.407478
1.09335e+07 0.407478
1.09448e+07 0.407478
1.0956e+07 0.407478
1.09672e+07 0.407478
1.09784e+07 0.407478
1.09897e+07 0.407478
1.10009e+07 0.407478
1.10121e+07 0.407478
1.10234e+07 0.407478
1.10346e+07 0.407478
1.10458e+07 0.407478
1.1057e+07 0.407478
1.10683e+07 0.407478
1.10795e+07 0.407478
1.10907e+07 0.407478
1.11019e+07 0.407478
1.11132e+07 0.407478
1.11244e+07 0.407478
1.11356e+07 0.407478
1.11469e+07 0.407478
1.11581e+07 0.407478
1.11693e+07 0.407478
1.11805e+07 0.407478
1.11918e+07 0.407478
1.1203e+07 0.407478
1.12142e+07 0.407478
1.12254e+07 0.407478
1.12367e+07 0.407478
1.12479e+07 0.407478
1.12591e+07 0.407478
1.12703e+07 0.407478
1.12816e+07 0.407478
1.12928e+07 0.407478
1.1304e+07 0.407478
1.13153e+07 0.407478
1.13265e+07 0.407478
1.13377e+07 0.407478
1.13489e+07 0.407478
1.13602e+07 0.407478
1.13714e+07 0.407478
1.13826e+07 0.407478
1.13938e+07 0.407478
1.14051e+07 0.407478
1.14163e+07 0.407478
1.14275e+07 0.407478
1.14387e+07 0.407478
1.145e+07 0.407478
1.14612e+07 0.407478
1.14724e+07 0.407478
1.14837e+07 0.407478
1.14949e+07 0.407478
1.15061e+07 0.407478
1.15173e+07 0.407478
1.15286e+07 0.407478
1.15398e+07 0.407478
1.1551e+07 0.407478
1.15622e+07 0.407478
1.15735e+07 0.407478
1.15847e+07 0.407478
1.15959e+07 0.407478
1.16072e+07 0.407478
1.16184e+07 0.407478
1.16296e+07 0.407478
1.16408e+07 0.407478
1.16521e+07 0.407478
1.16633e+07 0.407478
1.16745e+07 0.407478
1.16857e+07 0.407478
1.1697e+07 0.407478
1.17082e+07 0.407478
1.17194e+07 0.407478
1.17306e+07 0.407478
1.17419e+07 0.407478
1.17531e+07 0.407478
1.17643e+07 0.407478
1.17756e+07 0.407478
1.17868e+07 0.407478
1.1798e+07 0.407478
1.18092e+07 0.407478
1.18205e+07 0.407478
1.18317e+07 0.407478
1.18429e+07 0.407478
1.18541e+07 0.407478
1.18654e+07 0.407478
1.18766e+07 0.407478
1.18878e+07 0.407478
1.18991e+07 0.407478
1.19103e+07 0.407478
1.19215e+07 0.407478
1.19327e+07 0.407478
1.1944e+07 0.407478
1.19552e+07 0.407478
1.19664e+07 0.407478
1.19776e+07 0.407478
1.19889e+07 0.407478
1.20001e+07 0.407478
1.20113e+07 0.407478
1.20225e+07 0.407478
1.20338e+07 0.407478
1.2045e+07 0.407478
1.20562e+07 0.407478
1.20675e+07 0.407478
1.20787e+07 0.407478
1.20899e+07 0.407478
1.21011e+07 0.407478
1.21124e+07 0.407478
1.21236e+07 0.407478
1.21348e+07 0.407478
1.2146e+07 0.407478
1.21573e+07 0.407478
1.21685e+07 0.407478
1.21797e+07 0.407478
1.21909e+07 0.407478
1.22022e+07 0.407478
1.22134e+07 0.407478
1.22246e+07 0.407478
1.22359e+07 0.407478
1.22471e+07 0.407478
1.22583e+07 0.407478
1.22695e+07 0.407478
1.22808e+07 0.407478
1.2292e+07 0.407478
1.23032e+07 0.407478
1.23144e+07 0.407478
1.23257e+07 0.407478
1.23369e+07 0.407478
1.23481e+07 0.407478
1.23594e+07 0.407478
1.23706e+07 0.407478
1.23818e+07 0.407478
1.2393e+07 0.407478
1.24043e+07 0.407478
1.24155e+07 0.407478
1.24267e+07 0.407478
1.24379e+07 0.407478
1.24492e+07 0.407478
1.24604e+07 0.407478
1.24716e+07 0.407478
1.24828e+07 0.407478
1.24941e+07 0.407478
1.25053e+07 0.407478
1.25165e+07 0.407478
1.25278e+07 0.407478
1.2539e+07 0.407478
1.25502e+07 0.407478
1.25614e+07 0.407478
1.25727e+07 0.407478
1.25839e+07 0.407478
1.25951e+07 0.407478
1.26063e+07 0.407478
1.26176e+07 0.407478
1.26288e+07 0.407478
1.264e+07 0.407478
1.26512e+07 0.407478
1.26625e+07 0.407478
1.26737e+07 0.407478
1.26849e+07 0.407478
1.26962e+07 0.407478
1.27074e+07 0.407478
1.27186e+07 0.407478
1.27298e+07 0.407478
1.27411e+07 0.407478
1.27523e+07 0.407478
1.27635e+07 0.407478
1.27747e+07 0.407478
1.2786e+07 0.407478
1.27972e+07 0.407478
1.28084e+07 0.407478
1.28197e+07 0.407478
1.28309e+07 0.407478
1.28421e+07 0.407478
1.28533e+07 0.407478
1.28646e+07 0.407478
1.28758e+07 0.407478
1.2887e+07 0.407478
1.28982e+07 0.407478
1.29095e+07 0.407478
1.29207e+07 0.407478
1.29319e+07 0.407478
1.29431e+07 0.407478
1.29544e+07 0.407478
1.29656e+07 0.407478
1.29768e+07 0.407478
1.29881e+07 0.407478
1.29993e+07 0.407478
1.30105e+07 0.407478
1.30217e+07 0.407478
1.3033e+07 0.407478
1.30442e+07 0.407478
1.30554e+07 0.407478
1.30666e+07 0.407478
1.30779e+07 0.407478
1.30891e+07 0.407478
1.31003e+07 0.407478
1.31115e+07 0.407478
1.31228e+07 0.407478
1.3134e+07 0.407478
1.31452e+07 0.407478
1.31565e+07 0.407478
1.31677e+07 0.407478
1.31789e+07 0.407478
1.31901e+07 0.407478
1.32014e+07 0.407478
1.32126e+07 0.407478
1.32238e+07 0.407478
1.3235e+07 0.407478
1.32463e+07 0.407478
1.32575e+07 0.407478
1.32687e+07 0.407478
1.328e+07 0.407478
1.32912e+07 0.407478
1.33024e+07 0.407478
1.33136e+07 0.407478
1.33249e+07 0.407478
1.33361e+07 0.407478
1.33473e+07 0.407478
1.33585e+07 0.407478
1.33698e+07 0.407478
1.3381e+07 0.407478
1.33922e+07 0.407478
1.34034e+07 0.407478
1.34147e+07 0.407478
1.34259e+07 0.407478
1.34371e+07 0.407478
1.34484e+07 0.407478
1.34596e+07 0.407478
1.34708e+07 0.407478
1.3482e+07 0.407478
1.34933e+07 0.407478
1.35045e+07 0.407478
1.35157e+07 0.407478
1.35269e+07 0.407478
1.35382e+07 0.407478
1.35494e+07 0.407478
1.35606e+07 0.407478
1.35718e+07 0.407478
1.35831e+07 0.407478
1.35943e+07 0.407478
1.36055e+07 0.407478
1.36168e+07 0.407478
1.3628e+07 0.407478
1.36392e+07 0.407478
1.36504e+07 0.407478
1.36617e+07 0.407478
1.36729e+07 0.407478
1.36841e+07 0.407478
1.36953e+07 0.407478
1.37066e+07 0.407478
1.37178e+07 0.407478
1.3729e+07 0.407478
1.37403e+07 0.407478
1.37515e+07 0.407478
1.37627e+07 0.407478
