2000 2000
2240.32 240.323
2240.32 0
6720.97 4480.65
6720.97 0
9690.9 2969.93
11179 1488.12
22355.9 11176.9
23845 1489.12
23845 0
33527.8 9682.75
35020.9 1493.12
35764.9 744.058
35764.9 0
44708.6 8943.7
46196.7 1488.12
46940.8 744.058
47686.9 746.058
58114.7 10427.8
58114.7 0
59607.8 1493.12
60351.9 744.058
61097.9 746.058
70780.7 9682.75
71529.7 749.058
71529.7 0
73018.8 1489.12
73763.9 745.058
74509 745.058
84936.8 10427.8
85685.8 749.058
86429.9 744.058
86429.9 0
87174.9 745.058
87920 745.058
88665.1 745.058
100583 11917.9
104313 3730.29
105058 745.058
117719 12661
117719 0
119212 1493.12
119957 745.058
129640 9682.75
132625 2985.23
140816 8190.64
140816 0
143054 2238.17
150502 7447.58
151992 1490.12
153485 1493.12
153485 0
161678 8192.64
163918 2240.17
165406 1488.12
166152 746.058
166152 0
175834 9681.75
178819 2985.23
180304 1485.12
195205 14901.2
195205 0
196695 1490.12
206381 9685.75
207874 1493.12
209364 1490.12
220541 11176.9
220541 0
222030 1489.12
223521 1490.12
235442 11921.9
236189 746.058
236189 0
236932 743.058
238422 1490.12
248109 9687.75
248854 744.058
249598 744.058
250343 745.058
250343 0
263010 12667
263756 746.058
263756 0
264499 743.058
277166 12667
280147 2981.23
280147 0
292068 11920.9
295045 2977.23
306219 11173.9
309204 2985.23
319635 10430.8
319635 0
320375 740.058
328571 8195.64
330064 1493.12
330064 0
331554 1490.12
340497 8942.7
342732 2235.17
343477 745.058
344220 743.058
