3728.44 2
9687.9 3
11177 4
20863.8 1
22353.9 2
23847 2.5
24592.1 2.9
38003.1 3.24483
38749.2 3.55301
48434.9 3.83446
49179 4.09525
49920 4.33944
60351.9 4.56988
61100.9 4.78871
61846 4.99753
63331.1 5.19763
73762.9 1
75257 2
76747.1 3
78232.2 3.33333
91644.3 3.63333
93138.4 3.90856
94623.5 4.16441
107291 4.40454
108785 4.63158
109528 1
110270 2
121451 3
122936 3.33333
132624 3.63333
133370 3.90856
134112 4.16441
143800 4.40454
144545 4.63158
145287 4.84749
146778 5.05378
157211 5.25165
157956 5.44207
158699 5.62582
160189 1
161684 2
172860 3
173603 3.33333
174345 3.63333
184779 3.90856
185524 4.16441
186266 4.40454
198937 1
199680 2
201912 3
211599 3.33333
213093 3.63333
213835 3.90856
222775 4.16441
224264 4.40454
225009 4.63158
236188 4.84749
237675 5.05378
239170 5.25165
239912 5.44207
248854 5.62582
249597 5.80357
250341 5.97588
252578 6.14322
253326 6.306
259284 6.46458
260027 6.61927
260771 6.77034
262262 6.91805
263009 7.0626
263754 7.20419
270460 7.343
271207 7.47918
271952 7.61288
273437 7.74424
274933 7.87337
275675 8.00038
277163 8.12537
283126 8.24844
283871 8.36968
284613 8.48916
286103 8.60696
287596 8.72314
288341 8.83778
289829 8.95093
290579 9.06265
297282 1
298027 2
298774 3
300265 4
303242 5
303987 5.2
304730 5.39231
306220 5.57776
316653 5.75704
317398 5.93074
318143 1
