367 0
962 0
1324 0
1922 0
2402 0
2764 0
3123 0
3726 0
4323 0
4802 0
5407 0
5764 0
6367 0
6722 0
7087 0
8163 0
9126 0
9847 0
10447 0
10927 0
11287 0
12007 0
12607 0
12967 0
13927 0
14767 0
15367 0
15607 0
16087 0
16567 0
17163 0
17643 0
18607 0
19447 0
19807 0
20407 0
20887 0
21367 0
21847 0
22203 0
23162 0
23642 0
24126 0
24487 0
24967 0
25447 0
26047 0
26407 0
27247 0
27847 0
28327 0
28682 0
29162 0
30007 0
30723 0
31327 0
31803 0
32287 0
32763 0
33722 0
34084 0
34204 0
34564 0
35042 0
35527 0
36247 0
36487 0
36722 0
37683 0
38162 0
38527 0
38767 0
39126 0
39607 0
40087 0
40447 0
41047 0
41527 0
42247 0
42847 0
43202 0
43567 0
44047 0
44527 0
45367 0
45847 0
46202 0
46682 0
47162 0
47643 0
48126 0
48607 0
49087 0
49567 0
49927 0
