2000 2000
6000 4000
6107.26 107.261
6108.26 1
15262.3 9154.02
18315 3052.76
21368.5 3053.5
21369.5 1
24422 3052.5
27475.8 3053.76
30527.3 3051.5
30528.3 1
33579.1 3050.76
36630.8 3051.76
39682.6 3051.76
42734.3 3051.76
45786.1 3051.76
45787.1 1
48837.9 3050.76
51889.6 3051.76
54941.4 3051.76
57993.1 3051.76
61044.9 3051.76
61045.9 1
64096.6 3050.76
67148.4 3051.76
70200.2 3051.76
73251.9 3051.76
76303.7 3051.76
79355.4 3051.76
79356.4 1
82407.2 3050.76
85458.9 3051.76
88510.7 3051.76
91562.5 3051.76
94614.2 3051.76
95647.4 1033.17
106821 11173.9
109874 3052.76
112928 3053.5
115981 3053.5
116580 599.157
122088 5508.1
125141 3052.5
128194 3053.5
130748 2553.51
134302 3553.75
137354 3052.5
140408 3053.5
140409 1
143461 3052.5
146515 3053.76
149566 3051.5
149567 1
152618 3050.76
155670 3051.76
158722 3051.76
161773 3051.76
164825 3051.76
164826 1
167877 3050.76
170929 3051.76
173980 3051.76
177032 3051.76
180084 3051.76
180085 1
183136 3050.76
186187 3051.76
189239 3051.76
192291 3051.76
195343 3051.76
198394 3051.76
198395 1
201446 3050.76
204498 3051.76
207550 3051.76
210601 3051.76
213653 3051.76
214872 1218.98
225860 10988.1
228913 3052.76
231967 3053.5
235020 3053.5
235695 674.644
241127 5432.62
244180 3052.5
247233 3053.5
250016 2782.35
253341 3324.91
256393 3052.5
259447 3053.5
259448 1
262500 3052.5
265554 3053.76
268605 3051.5
268606 1
271657 3050.76
274709 3051.76
277761 3051.76
280812 3051.76
283864 3051.76
283865 1
286916 3050.76
289968 3051.76
293019 3051.76
296071 3051.76
299123 3051.76
299124 1
302175 3050.76
305226 3051.76
308278 3051.76
311330 3051.76
314382 3051.76
317433 3051.76
317434 1
320485 3050.76
323537 3051.76
326589 3051.76
329640 3051.76
332692 3051.76
333929 1236.57
344899 10970.5
347952 3052.76
351006 3053.5
354059 3053.5
354743 684.256
360166 5423
363219 3052.5
366272 3053.5
369078 2805.79
372380 3301.47
375432 3052.5
378486 3053.5
378487 1
381539 3052.5
384593 3053.76
387644 3051.5
387645 1
390696 3050.76
393748 3051.76
396800 3051.76
399851 3051.76
402903 3051.76
402904 1
405955 3050.76
409007 3051.76
412058 3051.76
415110 3051.76
418162 3051.76
418163 1
421214 3050.76
424265 3051.76
427317 3051.76
430369 3051.76
433421 3051.76
436472 3051.76
436473 1
439524 3050.76
442576 3051.76
445628 3051.76
448679 3051.76
451731 3051.76
452970 1238.45
463938 10968.6
466991 3052.76
470045 3053.5
473098 3053.5
473783 685.278
479205 5421.98
482258 3052.5
485311 3053.5
488120 2808.29
491419 3298.97
494471 3052.5
497525 3053.5
497526 1
500578 3052.5
503632 3053.76
506683 3051.5
506684 1
509735 3050.76
512787 3051.76
515839 3051.76
518890 3051.76
521942 3051.76
521943 1
524994 3050.76
528046 3051.76
531097 3051.76
534149 3051.76
537201 3051.76
537202 1
540253 3050.76
543304 3051.76
546356 3051.76
549408 3051.76
552460 3051.76
555511 3051.76
555512 1
558563 3050.76
561615 3051.76
564667 3051.76
567718 3051.76
570770 3051.76
572009 1238.65
582977 10968.4
586030 3052.76
589084 3053.5
592137 3053.5
592822 685.387
598244 5421.87
601297 3052.5
604350 3053.5
607159 2808.56
610458 3298.7
613510 3052.5
