1490.27 1490.27
1490.27 0
4470.8 2980.53
4470.8 0
5216.56 745.76
7451.33 2234.77
8943.85 1492.52
13091.4 4147.57
17141.5 4050.07
20866.8 3725.29
32037.6 11170.9
32787.7 750.058
32787.7 0
40234.3 7446.58
40978.3 744.058
42472.5 1494.12
42472.5 0
50665.1 8192.64
52158.2 1493.12
53648.3 1490.12
64820.2 11171.9
64820.2 0
78976.3 14156.1
90897.2 11920.9
90897.2 0
102073 11175.9
102818 745.058
113994 11175.9
113994 0
115488 1494.12
128900 13412
130389 1489.12
142311 11921.9
143800 1489.12
143800 0
151993 8192.64
152737 744.058
153486 749.058
153486 0
163169 9682.75
163913 744.058
164658 745.058
165407 749.058
175835 10427.8
175835 0
177324 1489.12
178069 745.058
188501 10431.8
189994 1493.12
190740 746.058
201912 11171.9
204891 2979.23
217558 12667
219792 2234.17
231714 11921.9
233948 2234.17
233948 0
242889 8940.7
245869 2980.23
246614 745.058
246614 0
257790 11175.9
261516 3725.29
262261 745.058
263006 745.058
273441 10435.8
273441 0
275676 2234.17
277166 1490.12
277907 741.058
283123 5216.41
285362 2239.17
285362 0
286852 1489.12
288342 1490.12
289832 1490.12
296534 6702.52
302499 5964.46
302499 0
303988 1489.12
311435 7447.58
314415 2979.23
315160 745.058
315909 749.058
322615 6706.52
327826 5210.41
334532 6706.52
334532 0
339752 5219.41
347947 8195.64
352413 4465.35
353903 1490.12
359118 5215.41
359118 0
360612 1494.12
366569 5956.46
368063 1494.12
368063 0
369553 1490.12
375510 5957.46
376259 749.058
377004 744.058
377749 745.058
