1495.27 2
5216.56 2
5964.61 2.5
14160.3 2
15650.4 2.5
27573.3 2.9
29061.4 1
40979.3 2
51414.2 2.5
53649.3 2.9
63336.1 3.24483
67805.4 3.55301
75257 3.83446
75997.1 4.09525
80469.4 4.33944
86432.9 4.56988
87172.9 4.78871
88666.1 4.99753
92393.3 5.19763
99843.9 5.39003
100584 1
102079 2
104313 2
105804 3
111760 3.33333
116977 3.63333
118467 3.90856
124426 4.16441
131133 4.40454
133369 4.63158
140073 1
141567 1
146780 2
149015 3
161681 3.33333
164661 3.63333
165405 1
175837 2
179562 2.5
191483 1
195956 2
210855 2.5
211600 1
225010 2
239167 2.5
239915 2.9
252578 3.24483
253323 3.55301
263754 3.83446
265245 4.09525
265989 4.33944
277165 1
278658 2
280148 3
280890 3.33333
295791 3.63333
296536 3.90856
297282 4.16441
310692 4.40454
311440 4.63158
312183 4.84749
312929 5.05378
326339 5.25165
327084 5.44207
327829 5.62582
328575 1
329320 2
339005 3
340495 3.33333
341240 3.63333
350180 3.90856
352419 4.16441
353164 4.40454
360614 4.63158
361359 4.84749
362102 5.05378
362847 5.25165
363592 5.44207
364338 5.62582
365083 5.80357
365828 5.97588
366573 6.14322
367318 6.306
368063 6.46458
368808 6.61927
369553 6.77034
370298 6.91805
371043 7.0626
371788 7.20419
372533 7.343
373278 7.47918
374023 7.61288
374768 7.74424
375513 7.87337
376258 8.00038
377004 8.12537
377749 8.24844
378494 8.36968
379241 8.48916
379986 8.60696
