4917.5 4095.5
13856.6 8939.13
16090.4 11171.9
30250.5 16393.8
31737.6 15647.2
39189.2 8938.7
39932.2 8194.64
40677.3 8938.7
50365 11175.9
51857.2 11924.9
52602.2 11924.9
53347.3 12669
64523.1 11920.9
65264.2 12661
66755.3 13408
74952 10428.8
76441.1 11176.9
77931.2 11175.9
79421.3 12665
87617.9 12666
89106.1 12665
90600.2 12669
91340.2 11918.9
92087.3 12665
101029 13411
102518 13412
104008 13408
104751 13411
105498 13411
115932 14903.2
116673 15643.2
118167 15649.2
119657 15649.2
120397 15646.2
121145 15646.2
129341 9683.75
130083 10424.8
130828 10430.8
132320 11175.9
140515 11173.9
142006 11922.9
142754 11925.9
144241 13412
144988 12668
153181 12666
155415 13409
156160 13406
157652 13411
158399 14157.1
159146 14157.1
165847 12666
168826 13411
169571 13411
178513 12666
180007 14159.1
182237 13411
183727 14156.1
196398 14161.1
197886 15647.2
199376 15648.2
209064 12666
210552 12666
212785 13409
213530 14153.1
220236 11171.9
221725 11173.9
223966 11180.9
224711 11180.9
226201 12670
233647 13411
235886 14161.1
238862 12661
247058 13411
247802 11915.9
250783 11920.9
261214 14156.1
261959 14899.2
262706 14903.2
266434 15651.2
279100 17885.4
279845 17886.4
280590 18630.5
281335 18629.5
285055 18621.5
293256 11920.9
294001 12665
296976 11920.9
303685 10428.8
304428 10426.8
312625 8940.7
313369 8940.7
323801 11175.9
325290 11921.9
326035 12665
334977 11175.9
336466 11175.9
337956 11921.9
338701 12665
346153 11175.9
347645 11178.9
