3424.38 2955.38
10877 7452.58
12365.1 8939.7
23544.9 12668
26524.2 14159.1
34715.8 11170.9
36955 10430.8
37700.1 11174.9
44405.6 9689.75
47385.8 10430.8
48130.9 10430.8
48874.9 11173.9
57816.6 13411
60797.9 13412
61541.9 13411
62286 13411
71227.7 13411
71968.7 14151.1
73461.8 12664
83893.7 12666
84634.7 12666
86127.8 12666
96559.6 12666
97300.7 12666
98793.8 14158.1
99539.9 13412
110717 14157.1
112207 14906.2
113697 14903.2
114442 15647.2
127103 13406
136789 9685.75
138282 11177.9
149460 12671
150950 12668
162125 11174.9
163614 12663
174043 11917.9
175535 11920.9
188199 14156.1
188948 14904.2
190436 14901.2
203848 15649.2
204590 15642.2
206082 17133.3
206825 16389.3
217259 13411
218001 13411
229925 12666
230667 12666
231414 13412
243336 13411
244081 13414
244823 13409
255999 12663
257491 14154.1
258234 14153.1
258979 14156.1
272393 16394.3
273882 16391.3
275373 17880.4
276120 17885.4
276865 17885.4
289530 17136.3
291020 17137.3
291762 14897.2
299960 10430.8
302196 11175.9
308897 8936.7
311136 8940.7
319332 10434.8
321567 10430.8
322309 11171.9
329763 10430.8
331998 10430.8
332740 10430.8
333487 11176.9
340940 11176.9
343173 11174.9
343916 11175.9
344661 11173.9
349135 8195.64
349876 8935.7
351368 8195.64
352859 8942.7
353602 8940.7
356582 7446.58
357327 7450.58
358819 8941.7
359562 8193.64
361054 8195.64
362544 8942.7
365523 8940.7
366268 8940.7
367762 8942.7
368503 9682.75
369252 9689.75
370742 9687.75
372977 10432.8
375957 10434.8
