2388 2000
2998.38 610.381
2999.38 1
8219.14 5219.76
8220.14 1
10450 2229.82
11942.1 1492.12
23113.9 11171.9
25354.1 2240.17
25355.1 1
35034.9 9679.75
36525 1490.12
37274.1 749.058
37275.1 1
44720.6 7445.58
46960.8 2240.17
47705.9 745.058
48447.9 742.058
58131.7 9683.75
58132.7 1
60368.9 2236.17
61111.9 743.058
61859 747.058
71542.7 9683.75
73034.8 1492.12
73035.8 1
74525 1489.12
75268 743.058
76015.1 747.058
84208.7 8193.64
84953.8 745.058
88684.1 3730.29
88685.1 1
96874.7 8189.64
97619.8 745.058
99111.9 1492.12
100602 1490.12
108801 8198.64
108802 1
110286 1484.12
111778 1492.12
113268 1490.12
121462 8193.64
122954 1492.12
122955 1
124444 1489.12
125932 1488.12
127424 1492.12
132637 5213.41
134130 1492.12
134878 748.058
136365 1487.12
136366 1
148289 11922.9
149034 745.058
149776 742.058
149777 1
157969 8192.64
158715 745.058
159460 745.058
160952 1492.12
169145 8193.64
169146 1
170637 1491.12
171383 745.058
172873 1490.12
183302 10429.8
184794 1491.12
184795 1
195967 11172.9
195968 1
196712 744.058
197460 747.058
206398 8938.7
207143 745.058
207888 745.058
207889 1
208635 746.058
219814 11178.9
220559 745.058
221301 742.058
233220 11918.9
233965 745.058
233966 1
246636 12670
246637 1
247381 744.058
257062 9680.75
257808 746.058
259299 1491.12
259300 1
271968 12668
271969 1
273455 1486.12
288360 14904.2
289103 743.058
302514 13411
303259 745.058
303260 1
313692 10431.8
314437 745.058
315924 1487.12
