4473.5 2
11922.1 3
13411.2 4
23843 5
24588.1 6
26077.2 7
26822.2 8
38744.2 8.125
40238.3 1
41728.4 2
43218.5 2
43963.6 2
44708.6 3
46198.7 4
48428.9 4
54390.4 5
55135.4 5.2
56624.6 5.39231
58862.7 5.57776
66311.3 5.75704
67056.4 1
68550.5 2
69294.5 3
71528.7 3.33333
81216.5 1
83450.7 2
85684.8 2.5
97606.8 1
99840.9 1
111017 2
124430 2.5
125175 1
137095 2
146781 2.5
149016 2.9
158702 3.24483
160933 3.55301
172114 3.83446
173599 1
175093 1
186266 1
197445 2
207875 2.5
209361 2.9
222031 3.24483
223522 3.55301
234697 3.83446
236933 1
237678 1
248105 1
260030 2
271202 2.5
272696 2.9
281633 3.24483
283122 1
295044 2
296533 2.5
310693 2.9
312179 1
319634 2
326338 2.5
327831 2.9
336023 3.24483
336771 3.55301
342732 3.83446
343477 4.09525
344217 4.33944
347945 4.56988
348690 4.78871
349432 4.99753
350922 5.19763
354651 5.39003
355398 5.57555
356143 5.75491
357628 5.92867
358378 6.09735
361358 6.26135
362103 6.42106
362843 6.5768
363588 6.72885
364334 6.87746
365079 7.02286
365824 7.16526
366569 7.30482
367314 7.44171
368059 7.57609
368804 7.70809
369549 7.83782
370294 7.96541
371039 8.09095
371784 8.21454
372529 8.33628
373274 8.45624
374019 8.57449
374764 8.69112
375509 8.80618
376259 8.91974
377005 9.03185
377750 9.14257
378495 9.25194
