4473.5 2
10433 3
12667.1 4
21608.8 5
23097.9 2
25333.1 2
26828.2 3
35019.9 3.33333
36510 3.63333
39489.2 1
46195.7 2
47688.9 2.5
55136.4 2.9
55881.5 3.24483
62587 3.55301
64080.1 3.83446
65570.3 4.09525
73762.9 1
76002.1 2
77488.2 3
78981.3 3.33333
91644.3 3.63333
93137.4 3.90856
93883.5 4.16441
105800 4.40454
106549 4.63158
107294 1
108785 2
119211 2
119956 2
129642 3
130387 3.33333
141563 3.63333
143056 3.90856
144546 4.16441
154233 4.40454
154974 4.63158
156467 4.84749
157208 5.05378
166896 5.25165
167640 5.44207
169133 5.62582
169874 1
170619 2
178816 3
179561 3.33333
181054 3.63333
189992 3.90856
190737 4.16441
192230 4.40454
202658 4.63158
203403 4.84749
204148 5.05378
205641 5.25165
216073 5.44207
217562 5.62582
218304 5.80357
219052 5.97588
219797 6.14322
227246 6.306
228738 6.46458
229480 6.61927
230228 6.77034
230973 6.91805
231718 7.0626
239911 7.20419
241404 1
242146 2
242891 3
243640 4
244385 4.25
245129 4.48529
254812 4.70824
257047 4.92064
257792 5.12386
258537 5.31903
268972 5.50703
271952 5.68862
273441 5.86441
274184 6.03493
274932 6.20063
282380 6.36191
283872 6.51909
285362 6.67249
286104 6.82236
286853 6.96893
287598 7.11243
296535 7.25303
298028 7.3909
299518 7.5262
300265 7.65907
301009 7.78963
301754 7.91801
302499 1
314417 2
315911 3
316656 4
317401 4
318146 4.25
318891 4.48529
