3728.44 2
9687.9 3
11177 4
20863.8 5
22353.9 2
23843 3
24592.1 3.33333
34278.8 3.63333
36510 3.90856
39494.2 4.16441
43961.6 4.40454
46195.7 4.63158
47689.9 4.84749
49175 5.05378
55137.4 5.25165
57371.6 5.44207
58865.7 5.62582
60350.9 5.80357
61100.9 5.97588
69292.5 1
71527.7 2
72275.8 3
73021.8 3.33333
73761.9 3.63333
84193.7 3.90856
84941.8 4.16441
85687.8 4.40454
94624.5 4.63158
95369.6 4.84749
96113.6 5.05378
97603.8 5.25165
108784 5.44207
109529 5.62582
110270 1
111765 2
112509 3
125172 1
125920 1
127411 2
138586 2.5
139331 2.9
151252 3.24483
151997 3.55301
163174 3.83446
164659 4.09525
166154 1
175840 2
176584 3
177330 3.33333
190737 3.63333
191482 3.90856
192971 1
207132 2
207877 2.5
222029 2.9
222775 3.24483
236186 3.55301
236935 3.83446
238420 4.09525
248106 4.33944
248852 4.56988
250341 4.78871
251090 4.99753
263008 1
263753 1
265247 2
265991 3
277164 3.33333
277909 3.63333
279398 3.90856
292069 4.16441
292813 4.40454
294299 4.63158
309205 4.84749
309949 5.05378
311435 1
312180 1
322612 2
323360 3
324846 3.33333
334533 3.63333
335278 3.90856
336022 4.16441
344219 4.40454
344964 4.63158
345709 4.84749
347198 5.05378
352415 5.25165
353904 5.44207
354650 5.62582
356139 5.80357
356887 5.97588
361355 6.14322
362845 6.306
363590 6.46458
365085 6.61927
365830 6.77034
370296 6.91805
371786 7.0626
373280 7.20419
