4172.44 21.2969
13110.1 8.33613
14604.7 14.2838
28013.3 9.99866
30995.5 9.09115
37699.1 15.3846
38444.1 20.0054
39932.2 25.0112
48874.9 20
49620 20
51108.1 20
51854.2 24.9979
60795.9 25
61540.9 25
63774.1 23.5294
64520.1 23.5294
75697 20
76442.1 23.8095
77930.2 22.73
80169.4 22.7217
93578.4 13.0435
94323.5 13.6347
95066.5 15.004
106989 16.6667
107735 16.6667
108480 16.6642
109223 21.0526
117420 28.5714
118908 26.6714
127106 15.3846
128594 20.0036
130084 20
140517 16.6667
142005 16.6667
155418 10
156906 10
172556 8.69514
174043 8.69565
174792 12.4972
188202 14.2857
188947 14.997
189692 15.001
191179 18.1863
200869 13.3321
201614 18.7484
203100 18.75
211297 21.4347
212044 21.4306
212786 23.0769
223965 17.6443
224710 22.2189
225455 22.2222
226942 21.0526
238121 11.7647
238866 16.6667
239611 17.6429
249297 20
250784 18.7547
251529 18.7547
260472 20
261960 23.535
262708 24.9937
263454 24.9916
273883 22.2222
275371 22.2222
276120 26.3084
276865 26.3139
277606 26.3232
288040 26.3158
288785 27.7716
289527 27.7861
290272 27.7861
291017 31.5879
291762 31.5789
301451 33.3333
302196 33.3333
302941 33.3259
303687 33.3234
304432 33.3234
305177 36.8317
305922 36.8317
315608 36.8395
317094 18.7563
317839 18.7563
325290 23.0841
326036 28.5796
326780 30.7692
327525 30.7692
335724 28.5632
336469 28.5632
337210 28.5714
337955 33.3333
338701 33.3333
348387 29.4187
349132 29.4187
349880 29.4025
350625 29.4025
351370 33.3234
352861 31.57
358821 27.2727
