228.666 2
783.46 3
895.219 4
1789.29 5
2015.81 6
2128.56 7
2351.08 8
3916.7 8.125
4028.46 1
4475.5 2
4588.26 3
5035.29 4
6823.43 1
7157.71 2
7269.47 2.5
7382.22 2.9
8606.57 3.24483
8722.33 3.55301
9951.67 3.83446
10063.4 4.09525
10175.2 4.33944
11517.3 4.56988
11738.8 4.78871
11851.6 4.99753
11962.3 5.19763
13528 5.39003
13750.5 5.57555
13863.2 5.75491
13974 1
14085.7 2
15651.4 3
17327.7 3.33333
17440.5 3.63333
17550.3 1
20345.2 2
21910.9 1
23586.2 2
25035.1 1
25150.9 2
26604.7 2.5
28164.3 2.9
28276.1 3.24483
29510.4 3.55301
29622.2 3.83446
29732 4.09525
31075.1 4.33944
31185.8 4.56988
31296.6 1
31522.1 2
32638.7 3
32750.5 3.33333
33979.8 3.63333
34091.6 3.90856
34202.3 1
35652.2 2
35767.9 2.5
37216.8 2.9
37332.6 1
38338.4 2
39567.7 2.5
39679.5 2.9
41240.1 3.24483
41355.9 3.55301
43032.3 3.83446
43144 4.09525
43254.8 4.33944
45155.7 4.56988
45268.4 4.78871
45378.2 1
45489.9 2
47055.6 3
47167.3 3.33333
48508.4 3.63333
48620.2 3.90856
48731.9 4.16441
49962.3 4.40454
