2240.32 2
6705.67 3
8198.79 2
15650.4 2.5
16395.4 2
29057.4 2.5
31297.6 2.9
47688.9 3.24483
49177 1
63330.1 2
64075.1 2.5
75996.1 2.9
76745.1 3.24483
84940.8 3.55301
85685.8 3.83446
86429.9 4.09525
96116.6 4.33944
96861.7 4.56988
97605.8 4.78871
98350.8 4.99753
110273 1
111018 2
111764 2
112509 3
125170 3.33333
125919 3.63333
127408 3.90856
141561 4.16441
142306 1
143799 2
157957 1
159448 1
173604 2
185520 2.5
186265 2.9
197441 3.24483
198186 3.55301
210112 3.83446
211600 4.09525
212342 1
224264 2
225758 3
226498 3.33333
238423 3.63333
239912 3.90856
241402 4.16441
253324 4.40454
254813 1
255555 2
256305 2
267480 3
268969 1
279402 2
280142 2.5
292068 2.9
292813 3.24483
301753 3.55301
302498 3.83446
303987 4.09525
309948 4.33944
311437 4.56988
312928 4.78871
314418 4.99753
321124 1
322614 2
324105 2
325594 3
335280 3.33333
336766 3.63333
337511 3.90856
344966 4.16441
347200 4.40454
347947 4.63158
353907 4.84749
354652 5.05378
355397 5.25165
356141 5.44207
361358 5.62582
362846 5.80357
363593 5.97588
364337 6.14322
365082 6.306
365827 6.46458
366572 6.61927
367317 6.77034
368062 6.91805
368807 7.0626
369552 7.20419
370297 7.343
371042 7.47918
371787 7.61288
372532 7.74424
373277 7.87337
374022 8.00038
374767 8.12537
375512 8.24844
376257 8.36968
377005 8.48916
377750 8.60696
378495 8.72314
