607 19
1607 79
2087 122
2807 118
3287 152
4007 154
4487 170
5087 187
5807 174
6407 179
6887 198
7607 194
8202 197
8807 199
9287 214
10007 209
10607 210
11087 224
11682 225
12162 238
12887 226
13367 238
14087 227
14682 228
15166 238
15887 228
16367 238
17447 240
17927 250
18646 244
19126 253
19847 243
20927 245
21287 262
21767 271
22487 261
23087 260
23682 260
24767 261
25126 277
25607 286
26206 284
27162 294
27642 303
28607 312
28967 328
29447 337
30162 324
31007 345
31487 351
32567 353
32927 371
33887 382
34722 413
35202 423
36287 419
37126 449
37726 442
38202 453
38682 463
39887 446
40607 494
41202 487
41686 497
42162 508
42767 499
43247 510
44447 487
44927 497
45642 477
46126 486
46722 480
47327 473
48407 469
48767 493
49367 487
49847 495
