2388 2000
2998.38 610.381
2999.38 1
8219.14 5219.76
8220.14 1
10450 2229.82
11942.1 1492.12
23113.9 11171.9
25354.1 2240.17
25355.1 1
35034.9 9679.75
36525 1490.12
37274.1 749.058
37275.1 1
45465.7 8190.64
49196 3730.29
59621.8 10425.8
59622.8 1
61113.9 1491.12
70797.7 9683.75
73782.9 2985.23
84953.8 11170.9
88684.1 3730.29
104325 15641.2
104326 1
114011 9684.75
115503 1492.12
123697 8193.64
123698 1
125934 2236.17
134873 8938.7
137113 2240.17
137114 1
138600 1486.12
154249 15649.2
154250 1
154994 744.058
163185 8190.64
163934 749.058
164680 746.058
172126 7445.58
172127 1
172875 748.058
173620 745.058
180321 6701.52
181813 1492.12
181814 1
182560 746.058
183303 743.058
192247 8943.7
196717 4470.35
196718 1
204163 7444.58
207148 2985.23
208635 1487.12
215339 6703.52
215340 1
227265 11924.9
227266 1
228010 744.058
236946 8935.7
237691 745.058
239183 1492.12
239184 1
246631 7447.58
247376 745.058
248869 1492.12
260042 11173.9
262282 2239.17
262283 1
274199 11915.9
276438 2239.17
277926 1488.12
292083 14157.1
292084 1
303259 11174.9
304004 745.058
314435 10430.8
314436 1
315180 744.058
322627 7447.58
323375 748.058
323376 1
324864 1488.12
333063 8198.64
333808 745.058
335295 1487.12
336043 748.058
336044 1
342749 6704.52
343494 745.058
344236 742.058
344981 745.058
346471 1490.12
346472 1
350198 3726.29
350943 745.058
351687 743.058
352432 745.058
353922 1490.12
355412 1490.12
355413 1
