223.666 0
787.46 0
1223.67 0
2234.49 0
2346.25 0
2905.05 0
3910.88 0
4022.63 0
5028.46 0
5135.22 0
5698.01 0
6703.84 0
6816.6 0
7822.43 0
7934.19 0
8492.98 0
9498.81 0
9610.57 0
10616.4 0
10727.2 0
11287 0
12292.8 0
12404.5 0
13410.4 0
13969.2 0
14528 0
15086.7 0
16092.6 0
16650.4 0
17205.2 0
17652.2 0
18662 0
18774.8 0
19333.6 0
19780.6 0
20786.4 0
20898.2 0
21457 0
22351.1 0
22909.9 0
23356.9 0
23915.7 0
24362.7 0
25368.5 0
25480.3 0
25927.3 0
26933.2 0
27044.9 0
27603.7 0
28161.5 0
29163.3 0
29615.4 0
30169.2 0
30616.8 0
31176 0
31291.8 0
32184.8 0
32409.3 0
33415.2 0
33526.9 0
33974 0
34868 0
34979.8 0
36432.7 0
36544.4 0
37550.2 0
38109 0
39114.9 0
39561.9 0
40116.8 0
40232.5 0
40791.2 0
41350 0
42128.4 0
42686.1 0
42802.9 0
43361.7 0
43808.7 0
44697.8 0
44814.6 0
45148.8 0
45703.6 0
46154.7 0
46709.5 0
48055.6 0
48162.3 0
49168.2 0
49284.9 0
