4470.35 0
11920.9 0
13411 0
23841.9 0
24586.9 0
26077 0
26822.1 0
38743 0
40233.1 0
41723.3 0
43213.4 0
43958.4 0
45448.5 0
46193.6 0
47683.7 0
53644.2 0
55134.3 0
56624.4 0
59604.6 0
63329.9 0
65565.1 0
67055.2 0
67800.3 0
71525.6 0
75250.9 0
78231.1 0
79721.2 0
80466.3 0
84936.6 0
86426.7 0
93132.3 0
93877.3 0
98347.7 0
101328 0
105798 0
106543 0
111014 0
112504 0
116229 0
120699 0
121444 0
125170 0
132620 0
134110 0
138581 0
145286 0
148267 0
156462 0
160187 0
161678 0
169128 0
174344 0
175834 0
176579 0
181794 0
184774 0
187010 0
187755 0
194460 0
195950 0
198185 0
201166 0
201911 0
207871 0
210106 0
211596 0
213087 0
217557 0
218302 0
223517 0
226498 0
227988 0
228733 0
230968 0
233948 0
234693 0
238419 0
241399 0
242889 0
243634 0
245124 0
245869 0
248849 0
254810 0
255555 0
257045 0
257790 0
260770 0
268221 0
268966 0
270456 0
271946 0
273436 0
275671 0
282377 0
283122 0
284612 0
286847 0
295788 0
296533 0
