2241.32 33.2419
6709.67 16.6741
8199.79 25.0084
14906.3 18.1796
16394.4 23.0793
28317.4 11.1111
31296.6 9.99933
40979.3 11.7684
43216.5 12.501
49924 16.6592
51410.2 21.4286
52902.3 23.0769
60354.9 21.4286
63334.1 18.7453
64823.2 22.2189
65569.3 23.5276
74507 21.0586
78237.2 19.9973
79724.4 20
80470.4 20
81214.5 23.811
91643.3 21.7391
94626.5 22.73
96118.6 22.7231
96861.7 22.7273
97608.8 22.7231
98350.8 26.087
108783 18.75
109528 23.5294
110272 23.535
111017 23.5294
122194 22.2222
122939 22.2222
123684 22.2206
124431 22.2173
125176 26.3102
134862 14.2857
135605 20.0036
137094 18.7547
146036 20.0036
146781 20
147525 21.4286
148270 26.6667
158699 23.535
159447 23.5294
160191 23.5294
160936 23.5294
162426 26.3158
172860 26.3065
173603 26.3158
174347 26.3158
175092 26.3158
175837 27.7778
186271 27.7778
187014 31.5834
187758 31.5812
188503 31.5789
189248 31.5789
190738 30
199677 33.3458
200425 33.3333
201169 36.8447
201914 36.8421
202659 36.8421
204149 35
204894 36.8421
213833 36.8421
214581 36.8421
215326 36.8395
216073 39.9919
216815 40
218305 38.0952
226499 26.6738
227247 26.6714
227991 31.2579
229481 29.4118
230974 29.4048
240655 26.3158
241403 26.3158
242150 26.3102
254066 11.7675
254814 16.6667
256303 15.7928
266737 17.6401
267480 17.6471
269714 16.6667
280888 15.7951
281633 20.0067
282381 20
293559 12.4948
294302 12.5
295791 16.6679
305478 18.7531
306223 18.75
307712 18.75
313674 27.2727
314419 33.3333
315911 30.7629
316655 33.3259
323359 30.7692
