2441 2000
2683.32 242.323
2684.32 1
7167.97 4483.65
7168.97 1
10131.9 2962.93
11623 1491.12
22799.9 11176.9
25033.1 2233.17
25034.1 1
33970.8 8936.7
35460.9 1490.12
36208.9 748.058
36209.9 1
44401.6 8191.64
46641.7 2240.17
47384.8 743.058
48130.9 746.058
58557.7 10426.8
58558.7 1
63031 4472.35
72713.8 9682.75
74207.9 1494.12
86124.8 11916.9
86869.9 745.058
96555.6 9685.75
97300.7 745.058
97301.7 1
109222 11919.9
110712 1490.12
112206 1494.12
112207 1
125613 13406
130088 4475.35
142005 11916.9
142006 1
144243 2237.17
152436 8192.64
153929 1493.12
155419 1490.12
155420 1
165847 10426.8
167340 1493.12
180002 12662
180003 1
181496 1493.12
192669 11172.9
194162 1493.12
194908 746.058
209064 14156.1
209065 1
210554 1488.12
223216 12662
223217 1
223966 749.058
234391 10425.8
235141 750.058
235885 744.058
235886 1
250043 14156.1
250044 1
250788 744.058
259724 8936.7
260469 745.058
261963 1493.12
261964 1
269410 7446.58
270155 745.058
281331 11175.9
281332 1
282824 1492.12
293999 11174.9
294742 743.058
295490 748.058
295491 1
308898 13407
309647 749.058
309648 1
323058 13410
323799 741.058
325292 1493.12
336467 11174.9
336468 1
337958 1490.12
339449 1490.12
349133 9684.75
349876 743.058
349877 1
356584 6706.52
357327 743.058
358075 748.058
364778 6702.52
365523 745.058
365524 1
366268 744.058
374467 8199.64
375956 1489.12
376702 746.058
376703 1
377447 743.058
381173 3726.29
381918 745.058
