2984.38 2
7454.73 3
8942.85 4
17139.5 2
18628.6 2.5
19377.7 2.9
32785.7 1
33533.8 2
43217.5 2.5
44705.6 2.9
52903.3 3.24483
54391.4 3.55301
63333.1 3.83446
64822.2 4.09525
65570.3 4.33944
77489.2 4.56988
78978.3 1
79726.4 2
80472.4 3
95370.6 3.33333
96859.7 3.63333
98352.8 3.90856
109527 1
111020 2
113254 2.5
125918 2.9
128900 3.24483
136349 3.55301
139331 3.83446
140818 4.09525
149760 4.33944
152742 4.56988
154229 4.78871
154977 4.99753
166154 1
169878 2
171369 3
172114 3.33333
187761 3.63333
188505 1
189247 2
199681 2.5
200427 2.9
210857 3.24483
211602 3.55301
221287 3.83446
222032 4.09525
222775 4.33944
232463 4.56988
233209 4.78871
233950 4.99753
234695 5.19763
244382 5.39003
245129 5.57555
245871 5.75491
246616 5.92867
248106 6.09735
258540 1
259285 2
260031 3
260776 4
262263 4.25
274187 4.48529
274932 1
275677 2
276423 3
286851 3.33333
288343 3.63333
289830 3.90856
299516 1
301754 2
302499 2.5
310694 2.9
312181 1
321870 2
334537 1
336027 2
344220 2.5
345713 2.9
349435 3.24483
350180 3.55301
353161 3.83446
354650 4.09525
356140 4.33944
358376 4.56988
360611 4.78871
362100 4.99753
362846 5.19763
365081 5.39003
367317 5.57555
369552 5.75491
370297 5.92867
371786 6.09735
373280 6.26135
375515 6.42106
378496 6.5768
379241 6.72885
379986 6.87746
