4489.5 2
12687.1 2
14921.3 2.5
29079.4 2.9
29823.5 3.24483
38019.1 3.55301
38764.2 3.83446
39508.2 4.09525
49195 4.33944
49940 4.56988
50684.1 4.78871
51429.2 4.99753
62607 5.19763
63352.1 5.39003
64095.1 5.57555
64840.2 5.75491
74527 5.92867
75272 6.09735
76016.1 6.26135
76761.1 1
78251.2 2
87938 3
88683.1 3
89428.1 4
90172.2 4.25
102094 4.48529
102839 4.70824
103583 4.92064
104328 5.12386
116995 5.31903
117740 5.50703
118484 5.68862
119229 5.86441
119974 6.03493
130406 6.20063
131151 6.36191
131895 6.51909
132640 6.67249
133386 6.82236
134131 6.96893
143817 7.11243
144562 7.25303
145307 1
146052 2
146797 2
147544 3
154993 4
156482 4.25
157227 4.48529
165424 4.70824
166169 4.92064
166913 5.12386
167658 5.31903
178833 5.50703
179581 5.68862
180324 5.86441
181069 6.03493
181814 6.20063
192246 6.36191
192989 6.51909
193735 1
194480 2
195227 3
196717 4
204912 4.25
205655 4.48529
207146 4.70824
208636 4.92064
216089 5.12386
216831 5.31903
218322 5.50703
219812 5.68862
227262 5.86441
228007 6.03493
229498 6.20063
230241 6.36191
230988 6.51909
239928 6.67249
240673 6.82236
241418 6.96893
242909 7.11243
243652 7.25303
244397 7.3909
254831 7.5262
256320 7.65907
257064 7.78963
258555 7.91801
260045 8.0443
260792 1
261536 2
268987 2
270478 3
271223 4
272711 4
273454 4
274202 5
280159 5.2
281653 5.39231
282399 5.57776
283144 5.75704
