3745.44 2
11197 2
13431.2 2.5
24609.1 2.9
28334.4 3.24483
35779.9 3.55301
36525 3.83446
37272.1 4.09525
45467.7 4.33944
46959.8 4.56988
47702.9 4.78871
48449.9 4.99753
58881.7 5.19763
60366.9 5.39003
61115.9 1
61861 1
70052.6 2
72292.8 3
73781.9 3.33333
84953.8 3.63333
86445.9 3.90856
87190.9 4.16441
97621.8 4.40454
99856.9 4.63158
100602 4.84749
101347 5.05378
110288 5.25165
113271 5.44207
114760 5.62582
115503 5.80357
116248 5.97588
124442 6.14322
125936 6.306
127426 6.46458
128916 6.61927
129662 6.77034
137853 1
139348 2
140093 3
141583 4
142325 4
143072 4
152754 4.25
153501 4.48529
154246 1
155739 2
163185 3
164679 3.33333
175108 3.63333
176600 3.90856
178090 1
189267 2
190756 2.5
201183 1
203423 2
213854 2.5
214599 1
225770 1
237693 2
251847 1
252592 2
267493 2.5
268238 1
279414 2
289100 2.5
290594 2.9
298040 3.24483
300280 3.55301
308476 3.83446
309965 4.09525
311451 4.33944
318162 4.56988
319651 4.78871
321141 4.99753
322631 5.19763
329335 5.39003
330080 5.57555
330827 5.75491
332317 1
333808 2
339021 3
339766 3.33333
340511 3.63333
344981 3.90856
346473 4.16441
347216 4.40454
352432 4.63158
354667 4.84749
355412 5.05378
356157 5.25165
362117 5.44207
364353 5.62582
365845 5.80357
366588 5.97588
367335 6.14322
371803 6.306
374038 6.46458
376273 6.61927
377019 6.77034
377767 6.91805
