2980.38 24.9988
10435 9.99463
11923.1 16.6629
23101.9 11.7638
25335.1 11.1103
34276.8 13.3345
36511 13.3333
37256.1 18.75
44707.6 21.4286
47686.9 20
48431.9 20
49176 25.0021
58118.7 22.2222
61097.9 22.2222
61843 22.2222
73018.8 12.5
73763.9 17.6471
74508 17.6485
88665.1 14.2857
89410.1 14.2857
90155.2 14.2848
90899.2 18.1818
100586 25
102075 23.5313
113252 11.7647
113997 16.6667
114742 17.6457
125173 18.75
126662 17.6485
127408 17.6471
128152 22.2239
137094 25
139331 23.5238
140074 23.5294
150505 13.3357
151250 13.3333
152739 17.6485
163171 17.6471
163916 17.6471
165405 17.6471
175837 17.6471
177326 21.0541
178072 21.0526
179561 21.0526
192228 18.1818
193717 18.1818
194465 21.7353
195207 21.7404
196697 21.7391
210856 19.9989
211600 20.8322
212344 20.8368
213089 20.8333
213837 23.9961
214582 24.9958
225757 30
226501 30
227245 17.6512
239168 16.6667
239912 16.6667
240656 21.0541
241401 21.0526
253324 21.0526
254068 21.0526
254815 21.0482
255560 21.0482
256302 25
265245 21.4306
265989 21.4327
266733 21.4286
277911 17.6471
278655 17.6471
279399 22.2239
280144 22.2222
289832 25
290576 25
291320 25
292065 29.4118
292810 29.4118
302498 29.4118
303242 29.4118
303986 29.4118
304731 29.4118
305476 29.4118
306221 33.3333
317399 30
318143 30
318887 30
319632 30
320377 30
321122 30
321867 33.3333
333045 33.3333
333789 33.3333
334536 33.3269
335281 33.3269
336026 33.3269
336771 33.3269
337516 33.3269
338262 36.357
