111.759 0
340.425 1500
452.184 0
895.219 1500
1006.98 3000
1118.74 1500
1230.49 0
1901.05 1500
2012.81 0
2127.56 1500
2239.32 3000
2351.08 1500
2462.84 3000
2574.6 1500
2686.36 0
4699.01 0
4921.53 0
5145.05 0
5368.57 0
8611.57 1500
8723.33 0
9724.16 1500
9835.92 1500
9947.67 0
11177 0
11403.5 0
11516.3 1500
11628.1 0
13417.2 0
13529 1500
13640.7 0
14529.8 0
14641.5 0
14756.3 0
15982.6 1500
16094.4 1500
16206.2 1500
16317.9 0
17659 0
17770.8 1500
17882.5 1500
17994.3 0
20011 0
20122.7 0
21570.6 1500
21682.3 1500
21794.1 0
23135.2 0
23247 1500
23358.7 1500
23470.5 0
24699.8 0
24811.6 0
24923.3 0
26376.2 1500
26488 1500
26599.7 0
28169.3 0
28387.9 0
30069.2 0
30290.8 0
31522.1 1500
31633.9 1500
31745.6 0
32974 0
33196.5 3000
33308.2 1500
33420 0
34316.1 0
34537.6 0
34761.1 0
34874.9 1500
34986.6 0
35767.9 0
35990.5 0
36211 0
36322.7 0
36549.2 1500
36661 0
37220.8 0
37443.3 0
37775.6 0
37887.4 0
38113.9 0
38448.1 1500
38559.9 0
39232.5 0
39455 0
40462.8 1500
40574.6 0
41468.6 0
41690.1 0
42357.7 0
42471.5 1500
42583.2 0
43810.6 0
44037.1 1500
44148.8 0
45377.2 0
45712.5 0
