4487.35 0
8957.7 0
12683 0
14918.2 0
26094 1
26839.1 1
29074.3 1
29819.3 1
38760 1
39505.1 1
40250.1 1
47700.7 1
48445.8 1
49190.8 1
49935.9 1
59621.6 1
60366.7 1
61111.8 1
61856.8 1
72287.6 1
73032.7 1
73777.7 1
74522.8 1
75267.9 1
86443.7 1
87188.8 1
87933.9 1
98364.7 1
99854.8 1
109541 1
110286 1
120716 1
121461 1
134127 1
134873 1
146793 1
147538 1
148284 1
160950 1
161695 1
162440 1
163185 1
172870 1
173616 1
174361 1
185536 1
186282 1
187027 1
195967 1
197457 1
198948 1
199693 1
207888 1
208633 1
210123 1
211613 1
212359 1
221299 1
222044 1
223534 1
225025 1
233220 1
234710 1
236200 1
246631 1
247376 1
248121 1
248866 1
258552 1
259297 1
260042 1
260787 1
261532 1
271963 1
273453 1
274198 1
286864 1
289100 1
300275 1
308471 1
309216 1
316667 1
317412 1
324862 1
326352 1
327843 1
336038 1
337528 1
338273 1
339763 1
346469 1
348704 1
349449 1
350194 1
350939 1
357645 1
360625 1
361370 1
362115 1
362860 1
363605 1
367331 1
371056 1
