1495.27 2
5216.56 2
5964.61 2.5
14160.3 2
15650.4 2.5
27573.3 1
29063.4 2
41724.4 2.5
42471.5 2.9
50670.1 3.24483
52158.2 3.55301
61095.9 3.83446
62589 4.09525
64079.1 4.33944
73761.9 4.56988
75257 4.78871
75999.1 4.99753
77490.2 5.19763
87918 5.39003
89413.1 5.57555
90901.2 1
92393.3 2
93135.4 3
103568 3.33333
104314 3.33333
106546 1
114744 2
115489 2.5
127410 2.9
128151 3.24483
140821 3.55301
141562 1
142310 1
154233 2
167643 2.5
169132 2.9
184034 3.24483
185524 3.55301
197446 3.83446
198191 4.09525
199680 4.33944
207876 4.56988
208621 4.78871
209366 1
210111 2
218307 3
219796 3.33333
229480 3.63333
230972 3.90856
231718 4.16441
244384 4.40454
245873 4.63158
246619 4.84749
248108 5.05378
259285 5.25165
260774 5.44207
261521 5.62582
263010 5.80357
263756 5.97588
273442 6.14322
274931 1
275676 1
277168 2
277912 3
286850 4
287598 4.25
289832 4.48529
300265 4.70824
301009 4.92064
302498 1
303244 2
312184 3
312930 3
323360 3.33333
324105 3.63333
325595 3.90856
337517 4.16441
338263 4.40454
339751 4.63158
347203 4.84749
347948 5.05378
349436 5.25165
350181 5.44207
353906 5.62582
354651 5.80357
356142 5.97588
356889 6.14322
357632 6.306
360611 6.46458
361356 6.61927
362101 6.77034
362847 6.91805
363592 7.0626
364338 7.20419
366572 7.343
368062 7.47918
368807 7.61288
369555 7.74424
370300 7.87337
371045 8.00038
