2984.38 24.9652
7454.73 16.6667
8942.85 25.0084
17139.5 15.3862
18628.6 20.0036
19377.7 21.4204
20122.7 26.6571
32785.7 11.1136
33533.8 11.1111
35023.9 15
43962.6 19.9982
44706.6 15.3894
53648.3 15.3846
54392.4 15.3846
64079.1 14.2857
64823.2 20.0018
66312.3 18.7516
76000.1 18.75
77488.2 17.6485
78978.3 21.0541
79726.4 22.2173
89413.1 22.2189
90899.2 22.2222
92393.3 22.2156
93137.4 22.2222
93882.5 26.3158
101331 31.2579
104313 20
105058 20
113252 18.75
116234 18.75
116979 18.75
117721 23.535
128898 19.0476
131880 19.0476
132625 19.0476
133368 19.0476
134113 22.7273
144547 23.805
147528 23.808
148272 23.8095
155721 20.0036
158703 20.0018
159448 20
166897 20
170623 18.75
171369 23.5294
172111 23.535
180308 22.2222
184780 21.0526
185525 21.0526
186267 25.005
187012 25
194466 26.3121
199681 25
200426 25
201168 25
201913 25
202658 28.5714
208620 31.5834
213837 31.5789
214582 31.5789
215324 31.5789
216069 31.5789
216814 31.5789
217559 35
224267 33.3333
230973 30.4348
231718 30.4348
232460 30.4348
233205 30.4348
233950 30.4348
234695 30.4348
235440 33.3333
243640 30.7661
251835 28.5714
252581 28.5701
253326 28.566
254067 28.5714
254812 28.5714
266736 21.0541
267481 25.0017
268226 25.0017
268968 25
280147 17.6471
280893 17.6457
281634 17.6471
292068 18.75
292813 18.7516
293555 18.75
295045 22.2222
303244 26.6667
303989 26.6667
304734 26.6595
306225 26.6571
308455 27.7798
314420 33.3333
315907 31.2579
325596 13.3333
327087 17.6457
