1507.12 0
5232.41 0
5977.46 0
14173.1 1
15663.2 1
16408.3 1
17898.4 1
27584.1 2
31309.4 2
32054.5 3
32799.6 3
41740.3 3
42485.3 3
43230.4 3
55151.3 3
55896.4 3
56641.4 3
57386.5 3
67817.3 3
68562.3 3
79738.2 3
80483.3 3
81973.4 3
90169 3
90914.1 3
93149.3 3
94639.4 3
102090 3
102835 3
105815 3
114756 3
116246 3
118481 3
128167 3
129657 3
131892 3
133382 3
144558 3
146048 3
147538 3
157969 3
160204 3
168400 3
170635 3
181066 3
182556 3
184046 3
195967 3
196712 3
208633 3
209378 3
221299 3
222044 3
230985 3
231730 3
241416 3
242161 3
253337 3
254082 3
254827 3
268983 3
269728 3
270473 3
271218 3
282394 3
283884 3
284629 3
285374 3
286119 3
292825 3
293570 3
299530 3
300275 3
301020 3
308471 3
309216 3
309961 3
310706 3
320392 3
321137 3
321882 3
322627 3
323372 3
332313 3
333058 3
333803 3
342744 3
343489 3
344234 3
352429 3
353175 3
353920 3
355410 3
361370 3
362115 3
369566 3
371056 3
371801 3
379997 3
381487 3
382232 3
382977 3
384467 3
385212 3
