2241.32 2241.32
6709.67 4468.35
8199.79 5958.46
14906.3 8196.64
16394.4 9684.75
28317.4 13411
31296.6 14902.2
41724.4 13407
43961.6 12665
51410.2 9685.75
52902.3 11177.9
55137.4 11175.9
64079.1 12669
65568.3 12666
67058.4 14156.1
68548.5 13411
76742.1 12663
78234.2 12666
79724.4 12666
81214.5 12666
81960.5 13412
93138.4 16396.3
94625.5 16391.3
96115.6 16391.3
97605.8 16391.3
98351.8 16391.3
99096.9 17136.3
106548 13410
107293 12667
108038 11921.9
109527 11920.9
111017 12665
120706 12668
122193 12666
122939 13412
123684 12667
131880 11174.9
133369 11175.9
134859 11919.9
135607 11922.9
136349 12665
146782 14901.2
148270 14901.2
149016 14157.1
149760 14153.1
150505 14156.1
151995 15646.2
160193 13411
161684 13414
162427 13411
163174 13414
163916 13411
173603 11175.9
174348 11920.9
175092 11917.9
175837 11920.9
187759 14156.1
188504 14156.1
189249 14157.1
189996 14904.2
190738 14901.2
205642 16393.3
206385 16389.3
207130 16392.3
219051 12666
219796 12666
230227 11175.9
230972 11175.9
243638 13411
244383 14156.1
245127 14155.1
257794 14156.1
258539 14156.1
259284 14901.2
260028 14901.2
269717 11922.9
271204 12665
279402 9684.75
280890 11172.9
281636 10431.8
291324 11921.9
293556 12666
294302 12666
305475 14151.1
306970 15646.2
309203 15647.2
309948 15646.2
322616 13413
323359 13411
324103 14155.1
336772 14156.1
337515 14156.1
338260 14156.1
344221 7448.58
344966 8193.64
352418 8196.64
353162 8940.7
353906 8939.7
363592 11174.9
364338 11175.9
