2241.32 33.2419
6709.67 11.1042
8199.79 18.1726
14906.3 9.99655
16394.4 13.6337
28317.4 5.2622
31296.6 4.76127
41728.4 3.57099
43961.6 3.38959
52904.3 2.81663
54392.4 4.10935
56627.6 3.94715
64825.2 3.448
66313.3 3.37063
67803.4 4.3954
68549.5 4.34756
75252 3.96034
76747.1 3.88318
78980.3 3.77339
79725.4 3.73812
80469.4 4.62945
88668.1 4.20139
90155.2 4.13209
92391.3 4.03208
93136.4 3.99982
93880.5 3.96812
94625.5 4.72425
102078 4.37934
104312 4.28554
106547 4.19564
107293 4.16651
108037 4.13781
108782 4.10947
109527 4.76177
117724 4.43019
120706 4.32077
122939 4.24228
123684 4.21673
124429 4.19148
125173 4.16656
134860 2.20988
136349 2.18574
137095 2.17385
137839 2.16211
147527 2.02013
149015 1.99996
149761 1.98999
150505 2.4752
151253 2.46295
162429 2.29349
163916 2.27268
175838 0.847438
177327 1.26048
178073 1.2552
191484 1.16729
193719 1.15382
194464 1.1494
195209 1.52669
207876 1.43366
210856 0.7067
211601 1.05632
222777 1.00333
225757 0.990081
226502 0.986824
238423 0.937484
239913 1.24221
242147 1.23075
254814 0.584786
255559 0.874621
256303 0.872082
268227 0.833314
268972 0.831006
269714 0.82872
270459 1.10192
279403 1.06664
280146 1.06381
280890 1.061
281635 1.05819
283125 1.31577
292812 1.27225
293557 1.26902
294302 1.2658
295046 1.26261
295791 1.25943
303990 1.22547
305477 1.4634
306223 1.45983
306967 1.4563
307712 1.45277
308457 1.44926
317397 1.40844
318891 1.40184
319634 1.63168
320379 1.62789
321123 1.62411
330065 0.677192
330810 0.90089
331554 0.898868
332302 0.896844
342731 0.869555
