367 32
962 40
1324 43
1922 50
2402 42
2764 50
3126 51
3723 53
4323 46
4802 45
5407 37
5765 39
6007 39
6607 37
7203 35
7807 32
8407 29
9126 28
10087 25
10327 24
10927 22
11287 22
11644 21
11887 20
12487 19
13087 19
13567 19
14047 19
14887 20
15847 20
16202 20
16682 20
16927 19
17164 20
18247 20
18722 20
19087 20
19682 20
20527 21
21126 20
21607 20
21967 18
22927 18
23527 18
23887 16
24487 16
25327 16
25927 16
26287 16
27126 17
27967 18
28447 18
29407 18
30007 17
30367 15
31327 15
31683 16
32287 15
33126 16
34087 16
35162 16
35407 14
36007 17
36847 17
37804 18
38764 21
39126 19
39967 20
40684 19
41527 19
42007 17
42847 18
43567 17
44163 17
44887 18
45722 19
46202 19
46807 18
47642 19
48126 19
48487 17
49447 17
49927 21
