2441 2000
2683.32 242.323
2684.32 1
7167.97 4483.65
7168.97 1
10131.9 2962.93
11623 1491.12
22799.9 11176.9
25033.1 2233.17
25034.1 1
33972.8 8938.7
35464.9 1492.12
36208.9 744.058
36209.9 1
43656.5 7446.58
45150.6 1494.12
45894.7 744.058
46640.7 746.058
55582.4 8941.7
55583.4 1
57071.6 1488.12
57815.6 744.058
58560.7 745.058
68243.4 9682.75
68988.5 745.058
68989.5 1
70482.6 1493.12
84639.7 14157.1
84640.7 1
85384.8 744.058
98045.8 12661
98046.8 1
99539.9 1493.12
109967 10426.8
111461 1494.12
123378 11916.9
125616 2238.17
125617 1
136044 10426.8
140519 4475.35
148710 8190.64
162871 14161.1
162872 1
171062 8190.64
172556 1493.12
180003 7447.58
180004 1
181496 1492.12
191928 10431.8
193417 1489.12
193418 1
194158 740.058
205335 11176.9
206828 1493.12
207574 746.058
208318 744.058
208319 1
220236 11916.9
221729 1493.12
222475 746.058
223220 744.058
224710 1490.12
224711 1
235882 11171.9
236632 749.058
237376 744.058
238121 745.058
239611 1490.12
241101 1490.12
241102 1
249294 8191.64
250039 745.058
250787 748.058
251532 745.058
253022 1490.12
254512 1490.12
255253 741.058
263451 8197.64
263452 1
264195 743.058
264940 745.058
265688 748.058
266433 745.058
279100 12667
279101 1
279845 744.058
279846 1
280589 743.058
289528 8938.7
290272 744.058
291017 745.058
292510 1493.12
293996 1486.12
293997 1
301449 7451.58
302941 1492.12
303687 746.058
305176 1489.12
307412 2236.17
319329 11916.9
319330 1
320822 1492.12
