2980.23 0
6705.52 0
10430.8 0
11920.9 0
20116.6 0
21606.7 1
23096.8 1
25332 1
34272.7 1
36507.8 1
37252.9 1
44703.5 1
46193.6 1
55879.4 1
57369.5 1
58114.5 1
69290.4 1
70780.5 1
71525.6 1
72270.6 1
82701.4 1
84936.6 1
85681.7 1
86426.7 1
95367.4 1
96112.5 1
96857.5 1
97602.6 1
98347.7 1
107288 1
108033 1
108778 1
109524 1
110269 1
120699 1
121444 1
122190 1
122935 1
133365 1
134110 1
134856 1
135601 1
136346 1
147521 1
148267 1
149012 1
149757 1
150502 1
151247 1
161678 1
162423 1
163168 1
163913 1
172853 1
174344 1
175089 1
175834 1
176579 1
185519 1
186265 1
187010 1
198931 1
199676 1
200421 1
201166 1
213832 1
214577 1
215322 1
216067 1
217557 1
230223 1
230968 1
231713 1
232458 1
233948 1
234693 1
246614 1
247359 1
248104 1
248849 1
259280 1
260025 1
260770 1
271946 1
272691 1
273436 1
285357 1
286102 1
286847 1
287592 1
298023 1
298768 1
299513 1
300258 1
301003 1
312179 1
312924 1
313669 1
314415 1
315160 1
327080 1
327826 1
328571 1
