4489.5 2
12687.1 2
14921.3 2
29079.4 2.5
29823.5 2.9
39509.2 3.24483
40254.3 3.55301
49195 3.83446
50684.1 4.09525
51430.2 4.33944
61861 1
63352.1 2
64096.1 3
64842.2 3.33333
75272 3.63333
76018.1 3.90856
76761.1 4.16441
87938 4.40454
88683.1 4.63158
89428.1 4.84749
90917.2 5.05378
97623.8 5.25165
99113.9 5.44207
99858.9 5.62582
101348 5.80357
103581 5.97588
109545 6.14322
111779 6.306
112525 6.46458
114014 1
115502 2
122957 3
124447 4
126680 4.25
127426 4.48529
134877 4.70824
136366 4.92064
137856 5.12386
138602 1
146794 2
149033 3
150522 3.33333
151268 3.63333
160210 3.90856
161698 4.16441
162444 4.40454
170635 4.63158
172129 4.84749
172875 5.05378
173619 5.25165
183305 1
185541 2
186287 2
187032 3
187777 3.33333
197458 3.63333
198207 3.90856
199696 4.16441
207893 4.40454
208637 1
210129 2
210870 3
220554 1
222049 2
222791 2.5
233220 2.9
233966 3.24483
245886 3.55301
246631 3.83446
247377 4.09525
258557 4.33944
260045 4.56988
260788 4.78871
261534 4.99753
270477 5.19763
271966 5.39003
273454 1
274200 2
281649 3
282398 3.33333
283887 3.63333
293570 3.90856
294320 4.16441
295065 4.40454
304750 4.63158
305496 4.84749
306239 5.05378
307729 5.25165
319647 5.44207
320392 5.62582
321140 5.80357
322630 5.97588
323377 1
336783 2
337528 3
338279 3.33333
339024 3.63333
353175 1
353920 2
354665 2.5
