4473.5 4473.5
11922.1 7448.58
13411.2 8937.7
23843 11920.9
24588.1 12666
26077.2 12666
26822.2 13411
38748.2 14905.2
40233.3 16390.3
41728.4 17140.3
43218.5 18630.5
43963.6 17886.4
44708.6 18631.5
46198.7 19376.5
48433.9 21611.7
55136.4 16388.3
55880.5 15647.2
57369.6 11170.9
58114.7 9680.75
65566.3 10429.8
67055.4 11918.9
68545.5 12665
70040.6 12671
70784.7 12670
78236.2 12670
79721.4 12666
81211.5 12666
81960.5 13415
83451.7 13411
84195.7 13411
92392.3 14156.1
93877.5 14156.1
95367.6 14156.1
103568 11175.9
105053 11175.9
106543 11175.9
107293 11924.9
116975 13407
118464 13411
119954 13411
120704 13411
132625 15650.2
134111 17135.3
134857 16392.3
147524 14898.2
149012 14901.2
149758 14901.2
161680 14156.1
175091 13411
175835 14155.1
190740 15649.2
191481 15646.2
202657 11916.9
203402 12662
204891 13410
215323 12666
216068 12666
217562 14160.1
229479 13411
230224 14156.1
232459 14897.2
240655 11175.9
241400 11175.9
244380 11920.9
245870 13411
254815 14160.1
255560 14160.1
268223 13408
268968 14153.1
269711 14151.1
280889 12666
281634 12666
282377 12666
283867 14156.1
295793 14904.2
296538 14904.2
297283 14906.2
303989 6705.52
305474 8190.64
310692 6703.52
312179 8190.64
312926 7451.58
320378 9685.75
321865 9685.75
322615 9689.75
324100 11174.9
331554 11175.9
332299 10433.8
333041 10425.8
333786 9685.75
334531 10430.8
341240 9685.75
341985 9685.75
342727 9685.75
343472 9685.75
344217 9685.75
352416 11175.9
353161 11920.9
353908 11922.9
354653 11925.9
