4473.5 4473.5
10433 5959.46
12667.1 8193.64
21608.8 11175.9
23097.9 12665
25338.1 12671
26828.2 14161.1
35763.9 14155.1
37258.1 15649.2
40239.3 13411
46194.7 10430.8
46944.8 9686.75
48433.9 8194.64
49924 9684.75
54391.4 8196.64
55135.4 8190.64
56629.6 8195.64
58863.7 8939.7
59608.8 9684.75
65567.3 11175.9
67060.4 11924.9
68550.5 11920.9
70784.7 11920.9
72275.8 12667
78978.3 13411
80472.4 14905.2
81962.5 14902.2
83451.7 14901.2
85686.8 14902.2
90899.2 8936.7
93138.4 9686.75
93878.5 10426.8
95372.6 9685.75
101330 10430.8
103564 10425.8
104309 10430.8
105803 10430.8
113251 11920.9
114744 13414
116979 13415
117720 13411
119215 13412
128152 14901.2
128897 14153.1
129645 14901.2
137838 9685.75
138583 10430.8
139328 10430.8
140076 10430.8
149759 11920.9
151253 12670
151998 12670
152743 12667
153487 13411
165405 13407
166150 13407
166898 13411
178071 12666
178816 12666
179564 13414
180309 13411
191482 13411
192227 13411
192972 13408
193720 14156.1
194465 14156.1
205638 14156.1
207128 14901.2
207873 14901.2
208621 14901.2
209367 14902.2
210113 15647.2
223520 17881.4
225759 18630.5
226504 16391.3
227249 17136.3
236931 13411
239911 12662
240656 13407
248852 11920.9
251832 11920.9
260776 11924.9
263757 11924.9
271204 10427.8
271949 8192.64
272694 8937.7
279400 8195.64
280892 8942.7
281635 8940.7
282382 9687.75
290576 11175.9
292811 11918.9
293556 11920.9
294301 11918.9
305477 11920.9
306222 11920.9
306969 12668
315163 9685.75
315908 9685.75
316653 9683.75
