1338.89 0
2539.89 0
3329.62 0
4340.89 0
4531.62 0
5129.62 0
6140.89 0
6331.62 0
6929.62 0
7940.89 0
8131.62 0
8729.62 0
9740.89 0
9931.62 0
10529.6 0
11540.9 0
11731.6 0
12329.6 0
13340.9 0
13531.6 0
14129.6 0
15140.9 0
15331.6 0
15929.6 0
16940.9 0
17131.6 0
17729.6 0
18740.9 0
18931.6 0
19529.6 0
20540.9 0
20731.6 0
21329.6 0
22340.9 0
22531.6 0
23129.6 0
24140.9 0
24331.6 0
24929.6 0
25940.9 0
26131.6 0
26729.6 0
27740.9 0
27931.6 0
28529.6 0
29540.9 0
29731.6 0
30329.6 0
31340.9 0
31531.6 0
32129.6 0
33140.9 0
33331.6 0
33929.6 0
34940.9 0
35131.6 0
35729.6 0
36740.9 0
36931.6 0
37529.6 0
38540.9 0
38731.6 0
39329.6 0
40340.9 0
40531.6 0
41129.6 0
42140.9 0
42331.6 0
42929.6 0
43940.9 0
44131.6 0
44729.6 0
45740.9 0
45931.6 0
46529.6 0
47540.9 0
47731.6 0
48329.6 0
49340.9 0
49531.6 0
50129.6 0
51140.9 0
51331.6 0
51929.6 0
52940.9 0
53131.6 0
53729.6 0
54740.9 0
54931.6 0
55529.6 0
56540.9 0
56731.6 0
57329.6 0
58340.9 0
58531.6 0
59129.6 0
60140.9 0
60331.6 0
60929.6 0
61530.6 0
