1495.27 2
5216.56 2
5964.61 2.5
14160.3 2
15650.4 2.5
27573.3 2.9
29061.4 3.24483
40979.3 3.55301
42473.5 3.83446
43219.5 4.09525
51414.2 4.33944
54394.4 1
55137.4 2
56630.6 3
64821.2 3.33333
70038.6 3.63333
71528.7 3.90856
78232.2 4.16441
82704.6 1
84197.7 2
90153.2 3
92391.3 3.33333
104313 3.63333
105802 3.90856
108040 4.16441
119214 4.40454
120704 4.63158
122941 1
124431 2
131880 3
133370 3.33333
144547 3.63333
145291 1
146783 2
158704 2.5
160192 2.9
172114 3.24483
173603 3.55301
187016 3.83446
187760 4.09525
189249 4.33944
201171 4.56988
201916 4.78871
203405 4.99753
204147 5.19763
213092 5.39003
213837 5.57555
215326 5.75491
216068 5.92867
216816 6.09735
228738 6.26135
229483 6.42106
230972 6.5768
231714 1
232462 2
233209 3
245874 4
246619 4.25
248108 4.48529
257050 4.70824
258539 4.92064
259285 5.12386
260029 5.31903
270461 5.50703
272696 5.68862
273441 5.86441
274186 6.03493
274931 6.20063
285363 6.36191
288343 6.51909
289088 1
289833 2
290579 3
291324 4
298029 4.25
301010 4.48529
303244 4.70824
309201 4.92064
311440 5.12386
312929 5.31903
314419 1
323356 2
324850 3
325596 3.33333
337516 3.63333
338262 3.90856
339007 1
345712 2
347201 2.5
353905 2.9
356143 3.24483
364336 3.55301
366575 3.83446
367320 4.09525
374025 4.33944
374766 4.56988
375511 4.78871
376260 4.99753
