4473.5 16.6549
10433 12.5021
12667.1 18.1863
21608.8 13.3333
23097.9 17.6485
25338.1 17.6401
26828.2 21.0452
35023.9 22.2156
36513 24.995
39494.2 17.6471
46940.8 18.7563
48434.9 18.7484
49925 21.4286
52155.2 23.5387
61096.9 13.3381
62590 17.6485
64821.2 17.6471
73016.8 18.7516
74511 18.75
76001.1 19.9928
76742.1 25
84192.7 26.6667
85682.8 26.6762
95369.6 13.3321
96858.7 17.6471
97603.8 18.75
108036 17.6471
110275 16.6605
111015 16.6667
111764 21.0467
120702 23.5294
123681 22.2305
124426 22.2222
125171 22.2289
126665 25
134113 27.7778
136352 29.4002
137842 27.7674
138582 27.7778
140076 27.7778
149013 20.009
149758 20
150507 21.4286
159444 21.4286
160189 21.4286
160934 21.4368
161683 26.6667
172855 22.2222
174345 21.0526
175090 21.0526
175839 21.0526
176585 24.9983
189246 22.7273
191486 21.7328
192226 14.2903
203407 15.7839
206382 10.5263
216814 11.1144
219052 11.761
228735 12.5
230228 16.6629
231718 17.6471
243636 15
245875 14.2848
246615 18.1863
248109 18.1818
262263 16
265247 15.3846
265987 15.3846
267481 15.3846
268971 17.8571
277164 19.9982
278653 20.0072
280147 20
286104 25
288344 23.065
289833 26.6571
290579 28.5687
298025 25
301005 23.5387
303242 22.2255
303987 26.3195
304732 26.3214
310691 29.4118
313671 29.4118
316653 27.7778
318145 26.3121
318888 26.3158
319635 29.996
324847 31.5789
327832 31.5678
330812 31.5723
332299 31.5834
333044 31.5789
333792 31.5767
334537 34.9977
339748 35.0023
341983 36.8551
344965 26.6738
345710 26.6738
