3728.44 3728.44
9687.9 5959.46
11177 7448.58
20863.8 11175.9
22353.9 12666
23843 12666
24592.1 13415
34278.8 13415
36514 15650.2
39494.2 14902.2
47685.9 8191.64
49180 9685.75
58116.7 10430.8
59605.8 10425.8
70040.6 11923.9
71531.7 13415
84938.8 13407
86432.9 14901.2
98349.8 13411
99843.9 13411
108781 10430.8
109526 11175.9
111764 11919.9
122941 14160.1
134113 11171.9
135603 12662
142308 8195.64
144542 8939.7
153484 11175.9
154973 12665
156463 11920.9
167640 14156.1
169134 14161.1
169879 14906.2
171365 14901.2
186271 16391.3
187756 16391.3
188506 17141.3
196697 10426.8
197443 9686.75
198187 9680.75
207128 10430.8
207873 11175.9
208617 11174.9
210108 11920.9
221284 14156.1
222029 14156.1
222775 14901.2
224269 15651.2
225013 14905.2
237680 13411
238424 13411
239910 14897.2
248106 10426.8
248852 10427.8
250341 10430.8
260775 12669
261521 13414
263007 14155.1
263752 13411
274184 13408
274932 13411
276418 14897.2
277167 14160.1
277913 14161.1
289834 15650.2
291319 16387.3
292814 16396.3
293558 16391.3
294299 17132.3
295044 17131.3
301008 11173.9
301755 10435.8
303989 11174.9
304734 11175.9
305479 11179.9
306220 11920.9
312929 8939.7
314416 9681.75
315165 9685.75
315910 9689.75
324106 11177.9
325592 11175.9
327087 12671
327831 12666
328572 12662
334536 10429.8
336027 10435.8
338258 11170.9
339007 11919.9
344220 8192.64
344967 8939.7
346453 8195.64
347202 8195.64
351671 7450.58
352418 7450.58
353909 7455.58
354653 8199.64
355399 8196.64
359866 8195.64
