673.701 16.5888
1566.77 25.028
1905.05 27.2284
3354.91 25
3689.19 26.3282
4141.22 19.9911
4252.98 14.2796
6823.43 9.66626
7158.71 5.87617
7493.98 3.44828
9054.6 7.16116
10283 9.09831
11848.6 14.2766
11959.3 13.3333
13636.7 6.25
14977.8 16.6667
15204.3 14.2584
16766 6.25
18554.1 12.5
18780.6 11.0946
20342.2 12.5
20454 20.0359
21795.1 23.0769
21906.9 21.4286
22021.6 28.5168
23471.5 26.6667
23583.2 26.6667
23698 24.9581
23809.8 25
25594.9 15.7895
25706.7 10.5263
25818.4 5.2706
27941.8 10.5263
28053.6 10
29506.4 7.14286
30624 10
31741.6 20
31968.1 16.6295
33422 13.3016
33753.3 18.7815
35207.1 18.7815
35318.9 17.675
35653.2 23.5294
36993.3 25.028
37110 18.7186
37221.8 11.7462
37556.1 17.6192
38557.9 25.0936
38669.7 23.1566
38897.2 25
40122.5 28.5714
40234.3 28.5714
40461.8 28.5714
40682.3 25.042
41798.9 33.3333
41910.7 33.3333
42139.2 26.6508
42474.5 18.7082
42586.2 17.61
43698.8 17.6471
43810.6 16.729
43922.3 16.729
45263.4 15.3846
45375.2 15.3846
46604.5 8.33333
48169.2 14.2857
48392.7 12.5
49738.8 14.2402
