4487.35 0
8957.7 0
12683 0
14918.2 0
26094 1
26839.1 1
29074.3 1
29819.3 1
38760 1
39505.1 1
40250.1 1
49935.9 1
50680.9 1
51426 1
52171.1 1
64092 1
64837.1 1
65582.1 1
66327.2 1
77503 1
78248.1 1
78993.2 1
90169 1
90914.1 1
91659.1 1
102090 1
102835 1
103580 1
104325 1
116246 1
116991 1
117736 1
125932 1
126677 1
127422 1
136363 1
137853 1
138598 1
139343 1
150519 1
152754 1
153499 1
154244 1
154989 1
166910 1
167655 1
168400 1
178831 1
179576 1
190752 1
191497 1
204908 1
205653 1
206398 1
216084 1
216829 1
217574 1
219064 1
226515 1
227260 1
228005 1
229495 1
238436 1
239181 1
239926 1
240671 1
242906 1
252592 1
253337 1
254082 1
254827 1
256317 1
257807 1
266748 1
268238 1
269728 1
270473 1
278669 1
280159 1
282394 1
283139 1
283884 1
292080 1
294315 1
295805 1
296550 1
306236 1
307726 1
308471 1
318157 1
319647 1
320392 1
321137 1
332313 1
334548 1
335293 1
336038 1
347214 1
348704 1
349449 1
359135 1
360625 1
361370 1
362115 1
375526 1
376271 1
377761 1
393408 1
394898 1
404584 1
406819 1
415014 1
415759 1
417995 1
428425 1
429170 1
429916 1
443327 1
444072 1
444817 1
453012 1
453757 1
454502 1
463443 1
464188 1
464933 1
465678 1
476854 1
478344 1
479089 1
479834 1
494736 1
495481 1
496226 1
508892 1
509637 1
510382 1
517087 1
517832 1
519322 1
526028 1
526773 1
528263 1
529008 1
537949 1
539439 1
540929 1
541674 1
543164 1
554340 1
555085 1
556575 1
564026 1
564771 1
565516 1
566261 1
575202 1
575947 1
576692 1
577437 1
578927 1
588613 1
589358 1
590848 1
599789 1
601279 1
611710 1
614690 1
625866 1
637787 1
639277 1
651943 1
653433 1
663864 1
664609 1
675785 1
676530 1
689941 1
690686 1
691431 1
701117 1
701862 1
702607 1
703352 1
710802 1
712293 1
713038 1
713783 1
721978 1
722723 1
724213 1
724958 1
725704 1
733154 1
734644 1
735389 1
736134 1
736879 1
745820 1
746565 1
747310 1
748055 1
758486 1
759976 1
760721 1
761466 1
762211 1
773387 1
774877 1
776367 1
777113 1
777858 1
778603 1
789779 1
791269 1
800209 1
801699 1
803190 1
812875 1
814365 1
824051 1
833737 1
834482 1
846403 1
847148 1
858324 1
859069 1
859814 1
870245 1
870990 1
871735 1
873225 1
883656 1
884401 1
885146 1
886636 1
888126 1
900047 1
900792 1
901537 1
903027 1
903772 1
904517 1
913458 1
914203 1
914948 1
916438 1
924634 1
925379 1
926124 1
927614 1
936555 1
938045 1
938790 1
939535 1
951456 1
952201 1
952946 1
966357 1
967102 1
979023 1
980513 1
981258 1
990944 1
992434 1
993179 1
993924 1
1.00659e+06 1
1.00734e+06 1
1.00808e+06 1
1.01777e+06 1
1.01926e+06 1
1.02e+06 1
1.02075e+06 1
1.03043e+06 1
1.03192e+06 1
1.03341e+06 1
1.03416e+06 1
1.0349e+06 1
1.04384e+06 1
1.04533e+06 1
1.04682e+06 1
1.058e+06 1
1.05949e+06 1
1.06098e+06 1
1.07216e+06 1
1.0729e+06 1
1.07365e+06 1
1.07439e+06 1
1.08408e+06 1
1.08482e+06 1
1.08557e+06 1
1.09749e+06 1
1.09823e+06 1
1.09898e+06 1
1.11313e+06 1
1.11388e+06 1
1.11462e+06 1
1.11537e+06 1
1.12878e+06 1
1.12953e+06 1
1.13027e+06 1
1.13102e+06 1
1.13251e+06 1
1.14368e+06 1
1.14443e+06 1
1.14592e+06 1
1.1556e+06 1
1.15709e+06 1
1.1705e+06 1
1.17125e+06 1
1.18242e+06 1
1.18317e+06 1
1.19435e+06 1
1.19584e+06 1
1.19733e+06 1
1.20627e+06 1
1.2085e+06 1
1.20999e+06 1
1.21074e+06 1
1.22042e+06 1
1.22266e+06 1
1.22415e+06 1
1.22489e+06 1
1.22638e+06 1
1.23532e+06 1
1.23756e+06 1
1.2383e+06 1
1.23905e+06 1
1.23979e+06 1
1.24054e+06 1
1.24873e+06 1
1.25097e+06 1
1.25171e+06 1
1.25246e+06 1
1.2532e+06 1
1.26438e+06 1
1.26513e+06 1
1.26587e+06 1
1.26736e+06 1
1.27928e+06 1
1.28077e+06 1
1.28152e+06 1
1.28226e+06 1
1.28375e+06 1
1.29418e+06 1
1.29642e+06 1
1.29791e+06 1
1.30834e+06 1
1.30908e+06 1
1.31057e+06 1
1.32026e+06 1
1.32175e+06 1
1.3225e+06 1
1.32399e+06 1
1.33367e+06 1
1.33591e+06 1
1.33665e+06 1
1.34634e+06 1
1.34708e+06 1
1.35751e+06 1
1.359e+06 1
1.37018e+06 1
1.37912e+06 1
1.37986e+06 1
1.39104e+06 1
1.39253e+06 1
1.40371e+06 1
1.40445e+06 1
1.40594e+06 1
1.41414e+06 1
1.41563e+06 1
1.41637e+06 1
1.41786e+06 1
1.42606e+06 1
1.4268e+06 1
1.42755e+06 1
1.42904e+06 1
1.43127e+06 1
1.44096e+06 1
1.44394e+06 1
1.44543e+06 1
1.45437e+06 1
1.45586e+06 1
1.46704e+06 1
1.46853e+06 1
1.46927e+06 1
1.48045e+06 1
1.48194e+06 1
1.49237e+06 1
1.49311e+06 1
1.5028e+06 1
1.50354e+06 1
1.50429e+06 1
1.51248e+06 1
1.51397e+06 1
1.51472e+06 1
1.51547e+06 1
1.52441e+06 1
1.5259e+06 1
1.53409e+06 1
1.53633e+06 1
1.53707e+06 1
1.54527e+06 1
1.54676e+06 1
1.5475e+06 1
1.55495e+06 1
1.5557e+06 1
1.55719e+06 1
1.55793e+06 1
1.56613e+06 1
1.56687e+06 1
1.56762e+06 1
1.56911e+06 1
1.5706e+06 1
1.58103e+06 1
1.58178e+06 1
1.58252e+06 1
1.58401e+06 1
1.58476e+06 1
1.58699e+06 1
1.59593e+06 1
1.59742e+06 1
1.59817e+06 1
1.59891e+06 1
1.60562e+06 1
1.60785e+06 1
1.6086e+06 1
1.60934e+06 1
1.61605e+06 1
1.61679e+06 1
1.61903e+06 1
1.62052e+06 1
1.62126e+06 1
1.62946e+06 1
1.6302e+06 1
1.63095e+06 1
1.63318e+06 1
1.63542e+06 1
1.63616e+06 1
1.64362e+06 1
1.64436e+06 1
1.64511e+06 1
1.65479e+06 1
1.65554e+06 1
1.65628e+06 1
1.65703e+06 1
1.6682e+06 1
1.66969e+06 1
1.67044e+06 1
1.67118e+06 1
1.67193e+06 1
1.6831e+06 1
1.68459e+06 1
1.68534e+06 1
1.69577e+06 1
1.698e+06 1
1.69875e+06 1
1.71067e+06 1
1.71365e+06 1
1.7144e+06 1
1.71514e+06 1
1.72483e+06 1
1.72632e+06 1
1.72781e+06 1
1.72855e+06 1
1.73004e+06 1
1.73675e+06 1
1.73973e+06 1
1.74047e+06 1
1.74122e+06 1
1.74941e+06 1
1.75016e+06 1
1.7509e+06 1
1.75984e+06 1
1.76133e+06 1
1.76208e+06 1
1.76282e+06 1
1.77475e+06 1
1.77624e+06 1
1.77698e+06 1
1.77773e+06 1
1.77847e+06 1
1.79188e+06 1
1.79412e+06 1
1.79486e+06 1
1.79561e+06 1
1.79635e+06 1
1.80529e+06 1
1.80678e+06 1
1.80827e+06 1
1.80976e+06 1
1.81051e+06 1
1.82168e+06 1
1.82317e+06 1
1.82392e+06 1
1.82466e+06 1
1.83957e+06 1
1.84031e+06 1
1.85074e+06 1
1.85149e+06 1
1.85968e+06 1
1.86043e+06 1
