606 1
607 2
1606 2
1607 4
2086 4
2087 8
2806 8
2807 9
3286 9
3287 10
4006 10
4007 11
4486 11
4487 12
5086 12
5087 13
5806 13
5807 1
6406 1
6407 2
6886 2
6887 4
7606 4
7607 8
8201 8
8202 9
8806 9
8807 10
9286 10
9287 11
10006 11
10007 12
10606 12
10607 13
11086 13
11087 1
11806 1
11807 2
12406 2
12407 1
12766 1
12767 2
13486 2
13487 1
15286 1
15287 2
15645 2
15646 3
16366 3
16367 1
17326 1
17327 2
18046 2
18047 3
18526 3
18527 1
19245 1
19246 2
19846 2
19847 1
22366 1
22367 2
23086 2
23087 1
44086 1
44087 2
44926 2
44927 3
46006 3
46007 1
46486 1
46487 2
47566 2
47567 1
48526 1
48527 2
49245 2
49246 1
49721 1
49722 2
