4917.5 2
13856.6 2
16090.4 2.5
30250.5 2.9
31737.6 3.24483
39189.2 3.55301
40678.3 3.83446
42168.4 4.09525
51857.2 1
53347.3 2
54837.4 3
56324.5 3.33333
66754.3 3.63333
68244.4 3.90856
68989.5 4.16441
77934.2 4.40454
80165.4 4.63158
80910.4 4.84749
81656.5 5.05378
89108.1 5.25165
91341.2 5.44207
92086.3 5.62582
92831.3 5.80357
93577.4 5.97588
101774 6.14322
104007 6.306
105498 6.46458
106242 6.61927
106987 6.77034
117422 6.91805
118163 7.0626
120399 7.20419
121890 1
123383 1
124128 1
132323 2
133064 3
134556 4
136046 4.25
146476 4.48529
147221 4.70824
147967 4.92064
148712 5.12386
160632 5.31903
161377 5.50703
162122 5.68862
162868 5.86441
163613 6.03493
173298 6.20063
174788 1
175533 2
176282 3
177027 4
177772 4.25
188203 4.25
190434 1
191179 2
192673 3
200869 3.33333
204590 3.63333
205335 3.90856
213535 4.16441
215767 4.40454
217257 4.63158
224706 4.84749
226198 5.05378
227688 5.25165
229178 5.44207
238117 5.62582
239609 5.80357
240357 5.97588
241844 6.14322
243334 6.306
253021 6.46458
253766 6.61927
254510 6.77034
255255 6.91805
256000 7.0626
256745 7.20419
266434 7.343
267179 7.47918
267921 7.61288
268666 1
269411 2
270159 3
270904 3
279840 3
280585 4
281330 4.25
291019 4.48529
292506 4.70824
293251 4.92064
293998 5.12386
302942 5.31903
305172 5.50703
305917 5.68862
306662 1
307412 1
314116 2
316353 3
