4172.44 2
13110.1 2
14604.7 2.5
28013.3 2.9
30995.5 3.24483
38444.1 3.55301
39932.2 3.83446
41422.3 4.09525
51110.1 4.33944
52598.2 4.56988
54092.3 4.78871
55578.4 4.99753
64522.1 5.19763
65266.2 5.39003
66009.3 5.57555
67499.4 5.75491
75697 5.92867
76442.1 1
77185.1 2
78679.2 3
79421.3 3.33333
88363 3.63333
89851.1 3.90856
90597.2 4.16441
101029 4.40454
102517 4.63158
103263 4.84749
104752 5.05378
116677 5.25165
118909 5.44207
119654 5.62582
121144 5.80357
122634 5.97588
131576 6.14322
133810 1
135304 2
136791 3
137536 4
144989 4.25
145732 4.48529
149457 4.70824
150202 4.92064
159144 5.12386
159889 5.31903
164358 5.50703
165103 5.68862
171810 5.86441
172555 6.03493
174043 6.20063
178514 6.36191
179259 1
186713 2
187458 3
188948 4
189690 4.25
191924 4.48529
201614 1
202356 2
203104 3
203849 3.33333
214278 3.63333
215022 3.90856
216511 4.16441
225454 4.40454
226942 4.63158
228432 4.84749
229922 5.05378
238865 1
241099 2
242592 2
244079 2
244824 3
257490 3.33333
258235 3.63333
259724 3.90856
271649 4.16441
272394 4.40454
273135 4.63158
282077 4.84749
282822 5.05378
283566 5.25165
285056 5.44207
294743 5.62582
295488 5.80357
296232 5.97588
297722 1
299216 2
308157 3
308902 3.33333
309643 3.63333
317843 3.90856
318588 4.16441
319329 4.40454
327529 1
328274 2
329019 3
330505 3.33333
335722 3.63333
337214 3.90856
337958 4.16441
