1490.12 0
5215.41 0
8940.7 0
13411 1
15646.2 1
17136.3 1
18626.5 2
20861.6 2
27567.1 3
32037.5 3
32782.6 3
40978.2 3
42468.3 3
52154.1 3
53644.2 3
55134.3 3
64820.1 3
66310.2 3
67055.2 3
68545.3 3
78976.2 3
80466.3 3
81211.3 3
82701.4 3
83446.5 3
93877.3 3
95367.4 3
96112.5 3
107288 3
108033 3
119209 3
120699 3
121444 3
132620 3
134856 3
135601 3
136346 3
149012 3
151992 3
152737 3
163913 3
164658 3
175834 3
177324 3
188500 3
189990 3
190735 3
203401 3
204146 3
214577 3
215322 3
225008 3
226498 3
234693 3
235438 3
236928 3
247359 3
248104 3
248849 3
250340 3
260770 3
262260 3
263005 3
264496 3
265986 3
277907 3
278652 3
279397 3
289828 3
290573 3
292063 3
303984 3
305474 3
306964 3
315905 3
317395 3
318885 3
321120 3
330061 3
331551 3
332296 3
338256 3
339746 3
340492 3
341237 3
347197 3
349432 3
350177 3
350922 3
351667 3
358373 3
361353 3
362843 3
363588 3
364333 3
371784 3
372529 3
376254 3
377744 3
378489 3
379235 3
381470 3
382215 3
382960 3
