2624 2000
4489.5 1865.5
4490.5 1
12220.5 7729.99
12221.5 1
12687.1 465.644
14921.3 2234.17
29079.4 14158.1
29823.5 744.058
29824.5 1
39507.2 9682.75
40254.3 747.058
40998.3 744.058
40999.3 1
49193 8193.64
49940 747.058
50684.1 744.058
51429.2 745.058
61861 10431.8
61862 1
64095.1 2233.17
76017.1 11921.9
76762.1 745.058
77506.2 744.058
90918.2 13412
90919.2 1
91663.3 744.058
92407.3 744.058
105819 13412
106564 745.058
106565 1
107309 743.058
108054 745.058
119231 11177.9
119232 1
119976 744.058
129661 9684.75
130406 745.058
131895 1489.12
131896 1
143072 11175.9
143818 746.058
145306 1488.12
157973 12667
157974 1
159463 1488.12
172131 12668
172875 744.058
186284 13409
199695 13411
199696 1
212361 12665
213106 745.058
227262 14156.1
227263 1
228007 744.058
240673 12666
241421 748.058
241422 1
242164 742.058
254827 12663
255574 747.058
256320 746.058
257810 1490.12
257811 1
266753 8941.7
267495 742.058
268241 746.058
269731 1490.12
270474 743.058
270475 1
280164 9688.75
280906 742.058
281652 746.058
283142 1490.12
284632 1490.12
285375 743.058
285376 1
293570 8193.64
299531 5961.46
299532 1
300281 748.058
308475 8194.64
311452 2977.23
312197 745.058
312943 745.058
320392 7449.58
320393 1
322630 2237.17
324120 1490.12
324863 743.058
333803 8939.7
340510 6706.52
348708 8198.64
348709 1
352431 3721.29
360629 8198.64
362861 2232.17
368080 5218.41
370312 2232.17
370313 1
374040 3727.29
