4473.5 2
14901.3 2
16391.4 2.5
30552.5 1
31297.6 2
38000.1 2.5
38745.2 2.9
46195.7 3.24483
46939.8 3.55301
55135.4 3.83446
55880.5 4.09525
57369.6 4.33944
67056.4 4.56988
67801.4 4.78871
69290.5 4.99753
70039.6 5.19763
80467.4 5.39003
81212.5 1
82706.6 2
83450.7 3
84196.7 3.33333
96117.6 1
98352.8 2
99096.9 2.5
111761 2.9
112508 3.24483
121447 3.55301
122935 1
124430 2
134115 2.5
137095 2.9
146034 3.24483
149016 1
159448 2
160192 2.5
170619 2.9
171365 3.24483
181050 3.55301
181795 3.83446
183284 1
194465 2
195206 2.5
207872 1
208617 2
217558 2.5
218303 2.9
227989 3.24483
228734 3.55301
240659 3.83446
241400 4.09525
242889 4.33944
253321 4.56988
254066 4.78871
255555 4.99753
257050 5.19763
264501 5.39003
265242 5.57555
266731 5.75491
268970 5.92867
270456 1
277163 2
277908 3
279397 3.33333
281637 3.33333
290574 3.63333
291319 3.90856
292063 4.16441
303240 4.40454
303985 4.63158
304729 4.84749
305474 5.05378
315161 5.25165
315906 5.44207
316650 5.62582
317395 5.80357
318885 5.97588
328572 6.14322
329317 6.306
330061 6.46458
330806 1
332296 2
339752 3
340493 4
341242 4.25
341987 4.48529
350182 4.70824
350923 4.92064
351668 5.12386
352413 5.31903
361354 5.50703
362099 5.68862
362844 5.86441
363588 6.03493
365079 6.20063
371040 6.36191
372534 6.51909
373279 6.67249
374024 6.82236
375514 6.96893
376257 7.11243
