245 0
843 0
1443 0
1563 0
2523 0
2763 0
3727 0
3968 0
4088 0
4326 0
5528 0
5766 0
7087 0
7327 0
8048 0
8286 0
9367 0
10088 0
10326 0
11287 0
11885 0
12126 0
12248 0
14045 0
14286 0
14403 0
16085 0
16205 0
16446 0
16563 0
18608 0
18848 0
18965 0
19206 0
21005 0
21248 0
21486 0
23045 0
23165 0
23285 0
24725 0
24966 0
25085 0
25206 0
26887 0
27125 0
27245 0
27366 0
29048 0
29165 0
29286 0
31205 0
31328 0
31446 0
33367 0
33485 0
33605 0
35647 0
35886 0
36005 0
37808 0
38165 0
38285 0
39847 0
40208 0
40446 0
40565 0
42127 0
42366 0
42606 0
44287 0
44407 0
44527 0
44766 0
46687 0
46807 0
47046 0
48607 0
48727 0
48966 0
49085 0
