4489.5 2
12687.1 2
14921.3 2.5
29079.4 2.9
29823.5 3.24483
38762.2 3.55301
39509.2 3.83446
40253.3 4.09525
48447.9 4.33944
49195 4.56988
49939 4.78871
50684.1 4.99753
61115.9 5.19763
61861 5.39003
62605 5.57555
63350.1 5.75491
73036.8 5.92867
73781.9 6.09735
74526 6.26135
75271 6.42106
76016.1 1
87192.9 2
87938 3
88683.1 4
89429.1 4.25
90172.2 4.48529
102840 1
103585 2
104330 3
105075 3.33333
116250 3.63333
116995 3.90856
118484 4.16441
126681 4.40454
127426 4.63158
128915 4.84749
129658 5.05378
139347 5.25165
140092 1
141583 2
142324 3
143069 3
154248 3.33333
156480 3.63333
157229 3.90856
167659 4.16441
169893 4.40454
170636 4.63158
178835 4.84749
179580 5.05378
181069 5.25165
182559 5.44207
190754 5.62582
192245 5.80357
192991 5.97588
194480 6.14322
195968 6.306
204165 6.46458
205656 6.61927
206402 6.77034
207891 6.91805
209381 7.0626
210872 1
219068 2
220559 2
221303 3
222795 4
225026 4
225771 4.25
233969 4.48529
234714 4.70824
236947 4.92064
238439 5.12386
243655 1
244400 2
246632 3
247377 3.33333
248124 3.63333
257063 3.90856
257808 4.16441
258553 4.40454
267494 1
268988 2
269733 3
270478 3.33333
282395 1
283140 2
283889 2.5
296551 2.9
297296 1
311452 1
324118 2
331569 2.5
333061 2.9
341259 3.24483
342747 3.55301
351686 3.83446
352431 4.09525
353925 4.33944
361371 4.56988
