1510.27 2
5234.56 2
5978.61 2.5
16411.4 2
17899.5 2.5
31312.6 2.9
32800.7 3.24483
40998.3 3.55301
41743.4 3.83446
42486.5 4.09525
51429.2 4.33944
52174.2 1
52917.3 2
53666.3 3
64095.1 3.33333
64840.2 3.63333
65583.3 3.90856
76761.1 4.16441
77506.2 1
78249.2 2
90917.2 3
91662.3 3.33333
105818 3.63333
106563 1
107309 2
117739 2
119227 2.5
128170 2.9
130405 1
140836 2
154993 2.5
155738 1
169148 2
180325 2.5
181812 2.9
193735 3.24483
195223 3.55301
207146 3.83446
208634 4.09525
210125 1
222049 2
223540 2
224283 3
235458 3.33333
236204 3.63333
237692 1
245145 2
245891 2.5
255576 2.9
256321 3.24483
266007 3.55301
266752 3.83446
268239 4.09525
279418 4.33944
280163 4.56988
280905 4.78871
281650 4.99753
293574 5.19763
294319 5.39003
295061 5.57555
295806 5.75491
308476 5.92867
309221 6.09735
309962 6.26135
310707 1
312197 2
321139 2
321884 2
322632 3
323377 4
330083 4.25
330828 4.48529
332314 4.70824
334551 4.92064
339766 5.12386
340514 5.31903
342004 5.50703
344237 5.68862
349454 5.86441
350199 6.03493
350940 6.20063
353176 6.36191
355415 6.51909
359140 6.67249
359885 6.82236
360626 6.96893
362116 7.11243
362865 7.25303
364356 7.3909
365841 7.5262
366586 7.65907
367332 7.78963
368077 7.91801
368822 8.0443
369567 8.16862
371061 8.29104
373296 8.41165
374036 8.53053
374781 8.64776
375531 8.76339
