1035 0
2080 0
2592 0
3126 0
3639 0
4151 0
4663 0
5175 0
5687 0
6199 0
6711 0
7223 0
7735 0
8247 0
8759 0
9271 0
9783 0
10295 0
10807 0
11319 0
11831 0
12343 0
12855 0
13367 0
13879 0
14391 0
14903 0
15415 0
15927 0
16439 0
16951 0
17463 0
17975 0
18487 0
18999 0
19511 0
20023 0
20535 0
21047 0
21559 0
22071 0
22583 0
23095 0
23607 0
24119 0
24631 0
25143 0
25655 0
26167 0
26679 0
27191 0
27703 0
28215 0
28727 0
29239 0
29751 0
30263 0
30775 0
31287 0
31799 0
32311 0
32823 0
33335 0
33847 0
34359 0
34871 0
35383 0
35895 0
36407 0
36919 0
37431 0
37943 0
38455 0
38967 0
39479 0
39991 0
40503 0
41015 0
41527 0
42039 0
42551 0
43063 0
43575 0
44087 0
44599 0
45111 0
45623 0
46135 0
46647 0
47159 0
47671 0
48183 0
48695 0
49207 0
49719 0
50231 0
50743 0
51255 0
51767 0
52279 0
52791 0
53303 0
53815 0
54327 0
54839 0
55351 0
55863 0
56375 0
56887 0
57399 0
57911 0
58423 0
58935 0
59447 0
59959 0
60471 0
60983 0
61495 0
62007 0
62519 0
63031 0
63543 0
64055 0
64567 0
65079 0
