4473.5 4473.5
10433 5959.46
12667.1 8193.64
21608.8 11175.9
23097.9 12665
25338.1 12671
26828.2 14161.1
35763.9 14155.1
37255.1 15646.2
40239.3 13411
47689.9 11925.9
49921 12666
51414.2 11174.9
57370.6 9680.75
58864.7 11174.9
60354.9 10433.8
61096.9 9682.75
67802.4 10431.8
69295.5 10430.8
70041.6 11176.9
71530.7 11175.9
73020.8 11923.9
81213.5 13411
82707.6 13412
83452.7 13411
84942.8 13412
86431.9 14901.2
87922 14901.2
97604.8 12662
99098.9 12667
100589 14157.1
101334 13412
112506 11916.9
113251 12662
114744 13410
125172 12666
126662 13411
128155 13411
128901 14157.1
137838 12666
140076 13414
151249 13411
151994 14156.1
152742 12666
163915 12666
164660 12666
165408 12666
177326 13411
178075 14160.1
178819 14159.1
179564 14156.1
189993 12667
190737 12662
191482 13407
192230 13411
204149 13412
204893 13411
205641 13411
217559 13410
218308 13415
219052 14159.1
219797 14156.1
229481 11921.9
230225 11916.9
240660 11178.9
241401 11175.9
242146 11920.9
253323 12663
254815 13414
255560 13414
267479 14156.1
268971 15648.2
270461 15646.2
271206 15646.2
281635 14156.1
283124 14153.1
283869 14898.2
284618 14157.1
285363 14157.1
295046 13411
297284 12666
298025 12662
309202 14156.1
310694 12669
321123 11920.9
322612 11917.9
334534 13411
336026 14903.2
337516 14904.2
346455 11920.9
348693 12667
349434 13408
359869 11175.9
360610 11175.9
362103 12669
367316 6705.52
368809 6705.52
371041 3725.29
373280 4471.35
374021 5212.41
