2240.32 2240.32
9690.9 7450.58
11179 8938.7
22355.9 12665
23845 12666
33527.8 11171.9
35020.9 11175.9
35764.9 11919.9
44707.6 11179.9
46197.7 11176.9
46940.8 11175.9
47686.9 11921.9
58863.7 14156.1
61097.9 14900.2
61845 14904.2
62588 14901.2
73765.9 14902.2
75254 16390.3
76000.1 14902.2
76745.1 14900.2
77491.2 14903.2
88662.1 14896.2
90901.2 13410
91646.3 14155.1
101332 12670
103567 12666
104312 12666
113253 11920.9
115488 11920.9
116233 12666
116977 12665
125919 12666
128154 12666
128899 12666
129643 13410
130388 13411
139330 13411
142310 14156.1
143055 14156.1
143799 14156.1
144544 14156.1
145289 14901.2
154976 15646.2
158703 16392.3
159448 16392.3
160193 16393.3
160938 16393.3
161683 16393.3
162426 17136.3
170622 9684.75
171368 10429.8
172112 10428.8
173602 11175.9
181798 11175.9
182543 11175.9
183287 11175.9
184778 11175.9
186270 12668
193719 11920.9
194464 11920.9
195208 11920.9
206385 12666
207130 12666
207875 12667
221287 14902.2
222777 15646.2
223522 16391.3
224268 16392.3
235442 11920.9
236188 11919.9
237677 13409
248108 12666
248855 12667
250343 12666
260774 11919.9
262264 11920.9
273440 12666
274932 12668
276422 14158.1
288343 11920.9
289831 13409
298772 10429.8
300262 10430.8
311439 12667
312184 13412
313673 13411
323355 11915.9
324105 11920.9
325594 13409
327084 13411
332296 8940.7
333041 8935.7
334534 8940.7
336024 8940.7
336768 9684.75
341242 8945.7
341987 8945.7
343477 8942.7
344967 8942.7
345709 8940.7
