4917.5 2
13856.6 2
16090.4 2.5
30250.5 2.9
31737.6 3.24483
38444.1 3.55301
39933.2 3.83446
41423.3 4.09525
49620 4.33944
51109.1 4.56988
52599.2 4.78871
54089.3 4.99753
63776.1 5.19763
65264.2 1
66758.3 2
68248.4 3
77934.2 3.33333
79421.3 3.63333
82400.5 3.90856
89853.1 4.16441
91342.2 4.40454
95070.5 1
103264 2
104011 3
104756 3.33333
115186 3.63333
115930 3.90856
116674 4.16441
127852 4.40454
128596 4.63158
129340 4.84749
130085 5.05378
143497 5.25165
144242 1
144986 2
145734 3
146480 3.33333
159144 3.63333
159889 3.90856
160633 4.16441
175535 4.40454
176280 4.63158
177024 4.84749
177769 1
189692 2
190437 3
191181 3.33333
203103 3.63333
203847 1
204591 2
218750 2.5
219493 2.9
229179 3.24483
229924 3.55301
240355 3.83446
241100 4.09525
241844 4.33944
255256 1
256001 2
256746 3
257493 3.33333
271647 1
272392 2
273137 2.5
285058 2.9
285803 3.24483
300705 3.55301
301450 3.83446
302194 4.09525
314116 4.33944
314861 4.56988
315605 4.78871
316350 4.99753
328272 5.19763
329017 1
329761 2
330506 3
340938 3
341683 3.33333
342427 3.63333
352114 3.90856
352859 4.16441
353604 4.40454
362544 4.63158
364033 1
364780 2
365527 3
372977 3.33333
374464 3.63333
375212 3.90856
378938 4.16441
379683 4.40454
380425 4.63158
381170 4.84749
381915 5.05378
382660 5.25165
383405 5.44207
384150 5.62582
384895 5.80357
385643 5.97588
