1495.27 2
5216.56 2
5964.61 2.5
14160.3 2
15650.4 2.5
27573.3 2.9
29061.4 3.24483
40234.3 3.55301
41727.4 3.83446
42471.5 4.09525
51410.2 4.33944
52903.3 4.56988
54393.4 4.78871
55137.4 4.99753
65571.3 5.19763
67059.4 5.39003
68549.5 5.57555
70039.6 5.75491
82702.6 5.92867
84192.7 1
84939.8 1
86432.9 2
87923 3
100589 3.33333
102819 3.63333
103564 3.90856
111015 4.16441
113997 4.40454
114742 4.63158
123681 4.84749
124431 5.05378
128156 5.25165
128901 5.44207
138587 5.62582
139332 1
140075 1
144544 2
145289 2
152739 3
156465 3.33333
161680 3.63333
163172 3.90856
166899 4.16441
172111 4.40454
173601 4.63158
177327 4.84749
178072 5.05378
182541 5.25165
184777 5.44207
189248 5.62582
190739 5.80357
192228 5.97588
196697 6.14322
199678 6.306
204894 6.46458
206385 1
207877 1
212344 1
213089 2
216818 3
222028 4
227990 4.25
228734 4.48529
230969 4.70824
231714 4.92064
237680 5.12386
238420 5.31903
240658 5.50703
242148 5.68862
248852 5.86441
249597 6.03493
251089 6.20063
252579 1
254816 2
262263 3
263012 4
263757 4
264500 4.25
274929 4.48529
275674 4.70824
276419 4.92064
277911 5.12386
289086 5.31903
290577 1
291324 2
292814 3
294302 3.33333
304732 3.33333
306221 3.63333
307710 3.90856
314418 4.16441
316652 1
318891 1
325597 2
326342 3
334533 3.33333
335278 3.63333
336770 3.90856
344965 4.16441
346458 4.40454
