2240.32 2240.32
6705.67 4465.35
8198.79 5958.46
15650.4 8944.7
16395.4 9689.75
29057.4 13407
31297.6 14902.2
48428.9 19371.5
49924 18626.5
64824.2 16395.3
65565.3 17136.3
76746.1 11921.9
77491.2 11925.9
88662.1 11915.9
99092.9 10430.8
100586 11923.9
112504 13411
113997 13411
124425 11920.9
125918 13414
126665 12668
138581 14156.1
140076 14158.1
140821 14903.2
141566 14901.2
153482 12661
154232 13411
155720 14154.1
167638 14156.1
168383 14151.1
169131 13411
180309 12671
181054 13416
181797 13414
182542 13411
193719 13410
194465 13411
195208 14154.1
195955 14158.1
196700 14158.1
205636 11916.9
206381 9680.75
207129 10428.8
216071 10434.8
216817 10435.8
217560 10430.8
226502 10430.8
227247 11175.9
227991 11173.9
228736 11175.9
239913 13411
240658 13411
241403 14156.1
254069 14156.1
255558 14900.2
264501 10431.8
266735 11176.9
274928 10426.8
277166 10430.8
277911 11175.9
286107 11179.9
289088 11921.9
289832 11920.9
290576 12665
300264 14156.1
301752 12664
302497 12665
303242 12666
312180 11916.9
313673 13409
314419 12667
315163 12666
315908 12666
324104 11923.9
325594 11920.9
326340 12667
327084 12665
327829 12666
328574 12666
337515 13411
339006 13412
339751 13411
340495 14155.1
349436 10430.8
350181 11175.9
350925 11174.9
351671 11175.9
362102 12666
362847 12666
363592 12667
364337 12666
365082 13411
371044 8941.7
372532 9684.75
373279 9686.75
374022 9685.75
374769 9687.75
376259 11177.9
377750 6705.52
378495 5962.46
