2235.17 0
6705.52 0
8195.64 0
15646.2 0
16391.3 0
17881.4 2
29057.3 2
29802.3 3
31292.4 3
43958.4 3
45448.5 3
58114.5 3
58859.6 3
70035.5 3
71525.6 3
83446.5 3
84936.6 3
86426.7 3
100583 3
102073 3
102818 3
104308 3
117719 3
119209 3
131875 3
144541 3
160187 3
160933 3
174344 3
175834 3
185519 3
187010 3
187755 3
197440 3
199676 3
200421 3
201166 3
212342 3
215322 3
216067 3
216812 3
218302 3
224262 3
226498 3
227988 3
228733 3
230223 3
230968 3
238419 3
241399 3
242889 3
243634 3
245124 3
256300 3
257045 3
257790 3
259280 3
268966 3
271201 3
272691 3
281632 3
283122 3
284612 3
292063 3
292808 3
294298 3
295788 3
304729 3
306219 3
306964 3
308454 3
309944 3
319630 3
320375 3
321120 3
330061 3
330806 3
331551 3
339746 3
340492 3
341237 3
341982 3
349432 3
350177 3
350922 3
351667 3
353158 3
358373 3
359118 3
359863 3
360608 3
361353 3
362843 3
368059 3
369549 3
370294 3
371039 3
371784 3
372529 3
374019 3
377744 3
378489 3
