1045 1045
1562 1562
2091 1046
2603 1558
3114 1552
3627 2065
4138 2047
4651 2560
5162 2559
5675 3072
6186 3072
6699 3585
7210 3583
7723 4096
8234 4096
8747 4609
9258 4607
9771 4609
10282 4607
10795 4609
11306 4607
11820 4610
12352 1046
12867 1047
13398 1046
13911 1559
14423 1556
14935 2068
15446 2048
15959 2561
16470 2559
16983 3072
17494 3071
18007 3072
18518 3072
19031 3072
19542 3072
20055 3072
20566 3583
21079 3585
21590 3583
22103 3585
22614 3583
23127 3585
23638 3583
24151 4096
24662 4096
25175 4096
25687 4097
26199 4096
26711 4097
27223 4096
27737 4099
28269 1046
28786 1049
29315 1046
29826 1557
30339 1553
30850 2064
31363 2048
31874 2559
32387 2561
32898 2559
33411 2561
33922 2559
34435 2561
34946 3072
35459 3072
35970 3072
36483 3072
36994 3072
37507 3072
38019 3584
38531 3585
39044 3585
39556 3586
40068 3585
40580 3586
41092 3585
41604 3585
42116 4097
42628 4097
43140 4096
43652 4096
44164 4096
44676 4096
45188 4096
45700 4096
46214 4610
46746 1046
47261 1047
47791 1045
48302 1556
48815 1554
49327 2066
49843 2052
50356 2565
50867 2565
51379 3077
51892 3077
