1490.12 0
5215.41 0
8940.7 0
13411 1
15646.2 1
17136.3 1
18626.5 2
20861.6 2
27567.1 3
32037.5 3
32782.6 3
37998 3
39488.1 3
46938.7 3
48428.8 3
49173.8 3
56624.4 3
58859.6 3
59604.6 3
60349.7 3
68545.3 3
71525.6 3
72270.6 3
73015.7 3
74505.8 3
81956.4 3
84936.6 3
86426.7 3
87171.8 3
88661.9 3
90152 3
96857.5 3
100583 3
102818 3
111014 3
111759 3
115484 3
124425 3
126660 3
135601 3
137091 3
139326 3
149757 3
151992 3
153482 3
154972 3
162423 3
164658 3
172108 3
175089 3
176579 3
184774 3
187755 3
189990 3
198931 3
199676 3
207871 3
208616 3
209361 3
219047 3
219792 3
220537 3
221282 3
233203 3
233948 3
234693 3
235438 3
236183 3
250340 3
251085 3
251830 3
262260 3
263005 3
271201 3
271946 3
272691 3
282377 3
283122 3
283867 3
284612 3
295788 3
296533 3
297278 3
309199 3
309944 3
310689 3
321120 3
321865 3
322610 3
323355 3
333786 3
334531 3
335276 3
347942 3
348687 3
349432 3
359863 3
360608 3
361353 3
362098 3
368804 3
370294 3
371039 3
376999 3
