3745.44 22.9571
11197 9.99866
13431.2 15.3846
24609.1 11.1103
28334.4 9.99866
35779.9 13.3393
36525 18.1929
37272.1 25.0084
43977.6 27.2661
45469.7 24.9888
46212.7 25
46959.8 30.7629
54406.4 28.5769
55900.5 28.5714
56645.6 28.566
57390.6 28.5714
67074.4 23.5257
68566.5 26.3084
69312.5 27.7757
70057.6 27.7757
70802.7 27.7757
83465.7 22.7273
84953.8 15.005
85700.8 15.003
97621.8 15.7895
99859.9 14.995
101349 14.2839
102092 18.1818
110288 23.5294
112526 23.5294
114015 23.5294
114758 23.5294
115505 27.7736
121464 33.3333
124442 31.2631
126682 29.4094
127424 29.4118
128171 29.4118
134875 27.7778
135623 31.5723
138598 31.5789
140093 33.3333
140838 33.3259
141582 33.3333
152756 17.6512
153501 22.2272
154248 22.2239
154993 22.2222
166910 21.0556
167657 21.0526
168405 21.0511
169150 24.9983
169894 25
181071 17.6471
181813 17.6512
182560 17.6471
193737 17.6471
194482 17.6429
195226 22.2189
196716 21.0526
204908 26.6786
205653 26.6786
206403 26.6643
207892 29.4118
217574 13.3393
219068 13.3333
219812 18.7516
228005 21.4286
229495 21.4368
230243 21.4286
236948 24.9944
238440 28.5605
239930 28.5605
240674 28.5714
248123 26.6667
250357 25.0084
251102 29.4211
252596 29.4118
254087 27.7736
261535 27.7778
263773 27.7674
264518 27.7674
275689 12.5052
276434 17.654
277928 16.6679
290595 14.995
292084 14.2821
292825 15.004
293574 19.0476
304001 22.2305
305495 22.2222
306236 22.2222
306985 22.2222
307730 26.3158
315179 33.3274
316671 33.3333
317417 33.3184
318162 33.3304
318907 33.3304
327100 31.25
