4473.5 4473.5
10433 5959.46
12667.1 8193.64
21608.8 11175.9
23097.9 12665
25338.1 12671
26828.2 14161.1
35019.9 13411
36513 14904.2
39494.2 12666
46195.7 11175.9
47685.9 11172.9
49179 9684.75
50669.1 11174.9
57371.6 11175.9
59610.8 11924.9
61846 12667
63335.1 12666
64079.1 13410
71531.7 14160.1
74508 14897.2
77487.2 15641.2
79727.4 16392.3
80472.4 16393.3
85684.8 14153.1
86428.9 14897.2
89409.1 14901.2
92388.3 14901.2
93133.4 13406
93883.5 13411
99095.9 13411
99839.9 13411
100585 14156.1
103565 14156.1
113255 13415
114000 14160.1
114744 14159.1
116976 13411
123683 10427.8
124428 10427.8
134859 11175.9
136351 12668
137094 12666
149760 14901.2
151995 15644.2
152740 15646.2
153485 16391.3
166154 16394.3
168386 16391.3
169876 17136.3
179560 11173.9
181797 11920.9
182545 12669
192231 12671
193720 11922.9
194465 11919.9
204147 11915.9
205641 13410
207131 13411
207874 13409
216073 11925.9
217560 11918.9
218305 12664
219797 12666
220540 12666
230969 14896.2
233209 15649.2
233954 15649.2
235443 15646.2
236190 16392.3
236934 16393.3
248107 17138.3
250346 17136.3
251088 17133.3
251835 16391.3
260773 10427.8
261519 11172.9
262266 11177.9
263756 11920.9
271949 11175.9
272694 11175.9
273439 11173.9
274932 11175.9
285360 13411
286853 14903.2
287596 14901.2
288341 14901.2
289834 14902.2
301755 16394.3
304732 14898.2
306225 16391.3
319633 13408
320377 14152.1
331554 11920.9
332298 11920.9
341240 9685.75
341984 10429.8
342732 10433.8
354651 13411
355396 13412
