4172.44 2
13110.1 2
14604.7 2.5
28015.3 2.9
30995.5 3.24483
36954 3.55301
38442.1 3.83446
39188.2 4.09525
45895.7 4.33944
48128.9 4.56988
48873.9 4.78871
49618 4.99753
56326.5 5.19763
58558.7 5.39003
59304.7 5.57555
60048.8 5.75491
68991.5 5.92867
70479.6 6.09735
72714.8 6.26135
73460.8 6.42106
74204.9 6.5768
85382.8 6.72885
86870.9 1
88365 2
90597.2 3
91342.2 3
92087.3 3
104011 4
108479 4.25
109224 4.48529
116676 4.70824
117421 4.92064
119654 5.12386
121144 5.31903
129341 5.50703
130087 5.68862
132320 5.86441
133810 6.03493
134556 6.20063
143498 6.36191
144243 6.51909
147225 6.67249
148711 6.82236
149457 6.96893
150201 7.11243
158399 7.25303
159145 7.3909
161378 7.5262
162867 7.65907
163613 7.78963
164357 7.91801
165102 1
173301 2
174046 3
176279 4
178517 4.25
179259 4.48529
180003 4.70824
188202 4.92064
190435 5.12386
191180 5.31903
191924 5.50703
202359 1
204594 2
205339 3
206084 3.33333
206825 3.63333
218002 3.90856
218747 4.16441
219492 4.40454
228433 4.63158
229922 4.84749
230668 1
231412 2
241844 3
244078 3.33333
255257 3.63333
256000 3.90856
256744 4.16441
267921 4.40454
268666 4.63158
269410 4.84749
270155 5.05378
281335 5.25165
282080 5.44207
282821 5.62582
283566 5.80357
284311 5.97588
296233 6.14322
296981 6.306
297726 6.46458
298471 6.61927
299216 6.77034
308154 6.91805
308899 7.0626
309644 7.20419
310392 7.343
311137 7.47918
311882 7.61288
320078 7.74424
