3424.38 2
10877 2
12365.1 2.5
23544.9 2.9
26524.2 1
34720.8 2
42166.4 2.5
43659.5 2.9
52597.2 3.24483
54090.3 3.55301
64518.1 3.83446
66011.3 4.09525
66757.3 4.33944
80168.4 4.56988
81658.5 4.78871
82403.5 4.99753
83892.7 5.19763
98794.8 5.39003
101030 1
101775 2
102521 2
103266 2
113692 3
115931 3.33333
124868 1
125613 2
127852 2
139029 2.5
141263 2.9
153185 3.24483
155418 3.55301
167341 3.83446
168829 4.09525
170319 4.33944
182237 4.56988
182982 4.78871
183727 4.99753
184475 5.19763
194158 5.39003
195651 5.57555
196398 5.75491
197141 5.92867
198632 6.09735
209059 6.26135
211300 6.42106
212040 6.5768
212785 1
214280 2
215024 3
220981 4
222473 4.25
223964 4.48529
232906 4.70824
234391 4.92064
235136 5.12386
236630 5.31903
245572 5.50703
247807 5.68862
248552 5.86441
249296 1
250788 2
258234 3
261218 3.33333
261959 3.63333
271645 3.90856
273137 4.16441
273884 4.40454
285801 1
287296 2
288041 3
288786 3.33333
299961 3.63333
300707 3.90856
302195 1
312627 1
313373 2
321565 2.5
322310 2.9
329016 3.24483
329761 3.55301
337956 3.83446
339448 4.09525
340192 4.33944
349132 4.56988
350623 4.78871
352114 4.99753
352858 5.19763
358818 5.39003
360308 5.57555
361799 5.75491
362543 5.92867
363289 6.09735
369994 6.26135
372229 6.42106
373720 6.5768
374467 6.72885
375212 6.87746
375957 7.02286
383408 7.16526
385643 7.30482
