2984.38 2984.38
7454.73 4470.35
8942.85 5958.46
17139.5 9684.75
18628.6 11173.9
19377.7 10434.8
20122.7 11179.9
32785.7 13408
33533.8 13411
35019.9 14897.2
44707.6 11173.9
46195.7 11175.9
53648.3 8940.7
55136.4 8940.7
62589 8940.7
63333.1 9684.75
64822.2 9685.75
75254 12665
75999.1 12666
76743.1 13410
78233.2 13411
91645.3 16391.3
92390.3 16391.3
93135.4 16392.3
110272 17881.4
111017 17881.4
119957 9685.75
120703 9685.75
121447 10429.8
133369 13411
134114 13411
134858 13411
135603 14156.1
149015 15646.2
149760 15646.2
150504 15646.2
151249 15646.2
166154 17139.3
166896 17881.4
167640 16391.3
178072 11917.9
178817 11920.9
179561 11920.9
189248 11175.9
189993 11920.9
190737 11919.9
191482 11920.9
203404 14156.1
204149 14156.1
204893 14900.2
205638 14901.2
206383 14901.2
221285 17881.4
222033 17884.4
222779 17885.4
223524 17885.4
224269 18630.5
225014 18630.5
236187 11917.9
236932 12663
238421 13407
239910 14896.2
247362 11175.9
248107 11175.9
249597 11175.9
251836 11925.9
260776 13414
261519 14156.1
262263 14155.1
263753 14156.1
265243 13407
274930 14153.1
275675 14156.1
276419 14900.2
277909 15646.2
278653 14900.2
280144 14901.2
290576 15646.2
291321 15646.2
292065 15646.2
293555 15646.2
294299 16390.3
295045 16392.3
296539 16395.3
301752 11175.9
302497 11175.9
303241 11175.9
304731 11175.9
311437 9685.75
312182 9685.75
312927 9685.75
314417 9685.75
322613 11175.9
323358 11175.9
324102 11919.9
324847 11920.9
326342 11924.9
336024 13411
336769 13411
337514 13412
