3745.44 2
11197 2
13431.2 2.5
24609.1 2.9
28334.4 3.24483
35779.9 3.55301
38017.1 3.83446
38762.2 4.09525
46210.7 4.33944
48447.9 4.56988
49940 4.78871
50683.1 4.99753
59621.8 5.19763
61859 5.39003
63351.1 5.57555
64094.1 5.75491
70802.7 1
72287.8 2
74525 2
76018.1 3
76760.1 3.33333
87190.9 3.63333
87936 1
89429.1 2
96129.6 2.5
97623.8 2.9
106560 3.24483
108055 3.55301
119973 3.83446
120719 4.09525
122211 4.33944
134130 4.56988
134878 1
135622 2
137113 2
149031 3
150523 3.33333
160950 3.63333
161697 3.90856
163189 4.16441
173621 4.40454
174363 4.63158
175110 4.84749
175855 5.05378
186282 5.25165
187027 5.44207
187776 5.62582
188521 5.80357
190011 5.97588
198950 1
199698 2
200443 3
201188 3.33333
202677 3.63333
210124 3.90856
210869 4.16441
212363 4.40454
219809 4.63158
220554 4.84749
221303 5.05378
222794 5.25165
231730 5.44207
232475 5.62582
233224 1
233969 2
235460 3
246631 3.33333
247381 3.63333
248871 3.90856
259299 4.16441
260042 4.40454
261537 1
271220 1
272713 2
273453 3
283886 3.33333
285378 3.63333
286124 3.90856
295807 4.16441
297295 1
298040 2
306241 3
307730 3.33333
314435 3.63333
315926 3.90856
317416 4.16441
324117 1
325613 2
327103 3
327848 3.33333
335293 3.63333
336038 3.90856
337532 4.16441
343489 4.40454
344234 4.63158
345728 4.84749
347218 5.05378
353920 5.25165
354665 1
356160 2
