4489.5 2
12687.1 2
14921.3 2.5
29079.4 2.9
29823.5 3.24483
39507.2 3.55301
40254.3 3.83446
40998.3 4.09525
51430.2 1
52175.2 1
52921.3 2
53666.3 3
64841.2 3.33333
65586.3 3.63333
67075.4 1
77507.2 2
78252.2 2.5
88683.1 2.9
90172.2 3.24483
96876.7 3.55301
98367.8 3.83446
99113.9 4.09525
107308 4.33944
108799 4.56988
109545 4.78871
110289 4.99753
121466 5.19763
122955 5.39003
123700 5.57555
124445 5.75491
136368 5.92867
137856 6.09735
138602 6.26135
139346 6.42106
140091 6.5768
149779 6.72885
151267 6.87746
152013 7.02286
152757 7.16526
153502 1
154247 2
162444 3
163935 3
164679 4
165424 4.25
166168 4.48529
176600 4.70824
177345 4.92064
178090 5.12386
178834 5.31903
189266 5.50703
190755 5.68862
191501 1
192245 2
192992 3
201932 3.33333
203421 3.63333
204167 3.90856
211618 4.16441
213107 4.40454
213852 4.63158
222048 4.84749
223538 5.05378
224284 5.25165
225028 5.44207
234715 5.62582
236204 5.80357
236950 5.97588
237694 6.14322
238439 6.306
248125 6.46458
249615 6.61927
250361 6.77034
251105 6.91805
251850 1
252595 1
260787 2
262282 2
263028 3
263773 4
274199 1
274948 2
276439 2.5
277927 2.9
287614 3.24483
289101 3.55301
299535 3.83446
301767 4.09525
302516 4.33944
309961 4.56988
311454 4.78871
312201 4.99753
312945 5.19763
319647 5.39003
320392 5.57555
321138 5.75491
321885 5.92867
323377 6.09735
330824 6.26135
332313 6.42106
