4489.5 3865.5
12687.1 8197.64
14921.3 10430.8
29079.4 16392.3
29823.5 14902.2
39507.2 9683.75
40254.3 10429.8
49940 10432.8
50685.1 10430.8
61115.9 11175.9
61861 11919.9
62605 11919.9
73779.9 12664
74528 12667
75271 13409
76018.1 13413
88683.1 14903.2
89429.1 13411
99856.9 11173.9
100602 11917.9
101348 11918.9
110288 10430.8
111033 10430.8
122209 11920.9
123700 12667
133385 11175.9
134130 10429.8
134875 11173.9
144558 11173.9
146052 11921.9
146796 11920.9
147541 12665
155739 11180.9
157972 10431.8
167660 11920.9
169148 13408
170638 12666
180326 12666
181814 12666
183304 12666
184048 13409
195972 15646.2
197461 15646.2
198950 15645.2
199695 15646.2
200441 16391.3
207892 11919.9
209381 11920.9
211616 12666
212361 12666
213106 12665
220558 12666
221300 13407
222793 13411
225027 13411
233224 11923.9
233966 12665
235458 12666
236949 11921.9
242910 9685.75
244399 10432.8
245889 10430.8
246633 11173.9
248124 11175.9
255576 12666
257065 12666
258555 12666
260045 13412
260789 14155.1
262281 14156.1
270478 14902.2
271966 14901.2
273456 14901.2
274947 14901.2
276437 15647.2
277929 15648.2
278674 16392.3
285378 14900.2
286870 14903.2
288358 14901.2
289848 14901.2
299531 12662
300277 13406
301022 12664
302514 12666
312197 12666
313690 13413
314433 13411
315925 13411
316669 14154.1
324122 11924.9
325611 11920.9
326354 11920.9
327846 11920.9
329336 12667
330080 13410
338279 14156.1
339769 14158.1
340514 14160.1
341259 13413
