2998.38 2610.38
10450 7451.58
11942.1 8942.7
23113.9 12664
25354.1 13412
35034.9 11920.9
36530 11175.9
37274.1 11918.9
43976.6 8941.7
45467.7 8937.7
46214.7 8940.7
47702.9 10427.8
55152.4 11175.9
56641.6 11173.9
57390.6 11175.9
58878.7 11175.9
69311.5 11920.9
70799.7 13408
71546.7 12668
84213.7 14902.2
85700.8 14901.2
86447.9 14901.2
87936 16388.3
95384.6 11170.9
97623.8 11922.9
98369.8 11921.9
108055 10430.8
108800 11174.9
109543 11172.9
119976 11921.9
120722 11921.9
121464 11920.9
122954 13410
131151 11174.9
131892 11170.9
132637 11173.9
143073 11180.9
143813 11919.9
145305 12668
153499 10425.8
154991 11177.9
156481 11175.9
157227 11920.9
165425 11925.9
166912 11920.9
168402 11920.9
169892 12665
171383 14154.1
178831 13406
179581 12669
181071 12669
182558 12666
184795 13412
193733 14902.2
194482 15650.2
195227 15646.2
196717 15646.2
198205 15646.2
201186 16391.3
208634 11916.9
210126 13407
210872 12667
213854 12668
222049 13415
223537 13411
224283 13411
225775 14902.2
226518 12664
234711 12662
236203 12666
237693 11174.9
245142 10430.8
247378 11175.9
248869 11175.9
257808 12666
259299 14156.1
261535 14156.1
263025 14156.1
272709 14901.2
274201 14901.2
275691 16390.3
277181 15646.2
279419 16394.3
287611 14901.2
289103 14902.2
290592 14901.2
301769 12666
303258 14154.1
304004 13412
315180 13411
317414 14156.1
318160 14156.1
327101 11920.9
328593 13412
330825 13411
342004 13411
342749 14155.1
343491 12666
348709 6705.52
349453 6704.52
