3728.44 2
9687.9 3
11177 4
20863.8 5
22353.9 2
23843 3
24592.1 3.33333
34274.8 3.63333
36510 3.90856
39494.2 4.16441
43960.6 4.40454
46943.8 4.63158
48429.9 4.84749
49179 5.05378
54391.4 5.25165
57374.6 5.44207
58860.7 5.62582
59609.8 5.80357
61095.9 1
66316.3 2
69292.5 3
70781.7 3.33333
72276.8 3.63333
80472.4 3.90856
81957.5 4.16441
84196.7 4.40454
93137.4 1
94628.5 2
95372.6 3
97607.8 3.33333
107294 3.63333
108039 3.90856
110275 4.16441
119214 4.40454
119959 4.63158
120701 1
121446 2
131135 3
131880 3.33333
141566 3.63333
142311 3.90856
143797 4.16441
154977 1
155723 2
157213 3
157958 3.33333
167643 3.63333
168388 3.90856
169133 4.16441
178819 4.40454
180305 4.63158
181054 4.84749
182540 5.05378
191485 5.25165
192971 5.44207
194466 5.62582
195951 5.80357
196699 5.97588
207129 6.14322
208621 1
209366 2
210858 3
212348 4
222776 4.25
224264 4.48529
226503 4.70824
227989 4.92064
237680 5.12386
239165 1
241404 2
242895 3
249598 3.33333
251086 3.63333
254815 3.90856
261519 1
263009 2
267482 2.5
276420 2.9
280891 3.24483
289831 3.55301
294302 3.83446
295794 4.09525
301010 4.33944
305479 4.56988
306968 4.78871
308455 4.99753
309950 5.19763
313675 5.39003
315909 5.57555
316656 5.75491
318141 5.92867
319631 6.09735
322615 6.26135
325597 6.42106
326338 6.5768
327832 6.72885
329322 6.87746
330812 7.02286
334535 7.16526
338259 7.30482
