451.184 451.184
1121.74 670.552
1343.25 892.07
2573.6 1451.86
2796.12 1674.38
3019.63 1676.38
3131.39 1788.14
5480.33 2906.73
5591.08 3017.49
5701.84 2905.73
5813.6 3017.49
5925.36 2905.73
6037.12 3017.49
6152.88 3021.49
6483.15 3351.76
7715.5 2235.17
7826.26 2235.17
7938.02 2236.17
8048.78 2235.17
9168.36 1452.86
9389.88 1674.38
9502.64 1676.38
9613.4 1675.38
9725.16 1676.38
10733 1564.62
10958.5 1568.62
11070.3 1567.62
11178 1564.62
12297.6 1339.1
12408.4 1338.1
12519.1 1341.1
14084.7 1787.14
14199.5 1680.38
15651.4 1566.62
15761.1 1561.62
17327.7 1566.62
18890.4 1562.62
19112.9 1785.14
21015.8 2125.42
21236.3 2123.42
22804.9 1789.14
23024.4 2008.66
24590.1 1785.14
24813.6 1789.14
26156.7 1566.62
26377.2 1563.62
26490 1676.38
27942.8 1786.14
28169.3 1792.14
29954.5 1785.14
31742.6 1788.14
31854.4 1899.9
33083.7 1341.1
34424.8 1341.1
34647.3 1563.62
36213 1788.14
36324.7 1677.38
37777.6 1564.62
37889.4 1676.38
38111.9 1787.14
39342.2 1564.62
39454 1564.62
39676.5 1787.14
40906.8 1452.86
41129.4 1675.38
41245.1 1568.62
42471.5 1564.62
42583.2 1453.86
42694 1448.86
44371.4 1899.9
44483.1 2011.66
44593.9 2010.66
44821.4 2127.42
46494.8 2123.42
46717.3 1895.9
46833 2011.66
48059.4 1564.62
48171.2 1453.86
48281.9 1448.86
49400.5 1341.1
49512.3 1452.86
49623 1451.86
49734.8 1452.86
