3423.23 0
7148.52 0
10873.8 0
12363.9 0
21304.6 1
22049.7 1
23539.8 1
26520 1
34715.7 1
36950.8 1
37695.9 1
42911.3 1
45891.5 1
46636.6 1
47381.7 1
54832.2 1
57812.5 1
58557.5 1
59302.6 1
68988.3 1
70478.5 1
72713.6 1
73458.7 1
74203.7 1
88359.9 1
89104.9 1
98790.7 1
99535.7 1
109967 1
110712 1
123378 1
124123 1
124868 1
136789 1
137534 1
138279 1
139769 1
150945 1
152435 1
153925 1
162121 1
164356 1
165101 1
173296 1
174042 1
185217 1
186708 1
187453 1
200864 1
202354 1
203844 1
204589 1
217255 1
218745 1
219490 1
220235 1
221725 1
230666 1
231411 1
232156 1
242587 1
243332 1
244077 1
254508 1
255253 1
255998 1
257488 1
266429 1
267174 1
267919 1
268664 1
269409 1
278350 1
279095 1
279840 1
280585 1
281330 1
282075 1
291016 1
291761 1
292506 1
293251 1
293996 1
294741 1
295486 1
304427 1
305172 1
305917 1
306662 1
307407 1
317093 1
317838 1
318583 1
319328 1
329014 1
329759 1
330504 1
331249 1
331994 1
343915 1
344660 1
345405 1
356581 1
