2984.38 24.9652
7454.73 16.6667
8942.85 25.0084
17139.5 15.3862
18628.6 20.0036
19376.7 21.4224
20121.7 26.6595
32785.7 11.1128
33532.8 11.1111
35019.9 15.003
50669.1 8.69565
51412.2 9.09035
61843 7.14286
62588 13.3333
73018.8 13.3333
73763.9 13.3333
84194.7 13.3333
84939.8 18.75
85683.8 18.7516
99095.9 15
99840.9 15
100585 19.0488
101330 19.0476
115487 18.1818
116234 18.1796
116979 18.1785
117724 18.1785
118466 21.7391
132623 14.2875
133369 14.2875
134113 14.2857
143799 20
144544 20
145288 20
146034 25
155722 24.9958
156465 25
157209 25
157954 25
158700 29.4118
169131 27.7819
169876 27.7778
170620 27.7778
181052 18.75
181797 18.75
182541 18.75
195208 15.7895
195953 15.7895
196697 15.7895
197446 19.996
210110 20
210855 11.1128
211600 15.7917
222776 12.5
223521 12.5
235441 11.7647
236187 11.7647
247364 6.66547
248107 12.5
259283 12.5021
260028 12.5
273439 10.5263
274185 15
274929 15.001
289833 13.6347
290576 13.6364
291320 17.3923
292065 17.3913
304732 20.0027
305477 20
306224 19.996
316653 13.3333
317398 18.75
318142 18.7547
327829 20
328574 20
329318 20
330063 25
339750 25
340495 25
341239 25
341984 25
342729 29.4118
352416 29.4118
353163 29.4071
353905 29.4118
354650 29.4118
355395 29.4118
363593 33.3274
364337 37.5
365081 37.5094
365826 37.5
366571 37.5
367316 37.5
371787 54.5588
372532 54.5455
373279 58.3203
374024 58.3138
374769 58.3138
375514 58.3138
