2980.23 0
6705.52 0
10430.8 0
11920.9 0
20116.6 0
21606.7 1
23096.8 1
25332 1
33527.6 1
35762.8 1
36507.8 1
43958.4 1
46938.7 1
55879.4 1
58859.6 1
69290.4 1
70780.5 1
73015.7 1
84936.6 1
87171.8 1
87916.9 1
97602.6 1
98347.7 1
108778 1
109524 1
119954 1
121444 1
122190 1
134856 1
135601 1
150502 1
151247 1
151992 1
163913 1
164658 1
177324 1
178814 1
180304 1
192225 1
193715 1
195205 1
195950 1
208616 1
210106 1
211596 1
212342 1
225753 1
226498 1
227243 1
227988 1
228733 1
239909 1
241399 1
242144 1
242889 1
243634 1
244379 1
253320 1
255555 1
256300 1
257790 1
265241 1
266731 1
267476 1
268966 1
270456 1
276417 1
277907 1
278652 1
280142 1
281632 1
283122 1
289828 1
291318 1
292063 1
293553 1
295043 1
296533 1
303984 1
304729 1
306964 1
308454 1
315160 1
315905 1
318140 1
318885 1
319630 1
325590 1
326335 1
328571 1
330061 1
330806 1
331551 1
338256 1
339001 1
341237 1
342727 1
351667 1
352412 1
354648 1
356138 1
363588 1
364333 1
