2235.17 0
5960.46 0
9685.75 0
11175.9 0
17881.4 0
19371.5 1
22351.7 1
23841.9 1
32782.6 1
34272.7 1
35017.7 1
43213.4 1
44703.5 1
45448.5 1
46193.6 1
55134.3 1
56624.4 1
57369.5 1
58114.5 1
67800.3 1
68545.3 1
70035.5 1
71525.6 1
72270.6 1
83446.5 1
84191.6 1
85681.7 1
86426.7 1
94622.4 1
95367.4 1
96112.5 1
96857.5 1
105053 1
105798 1
106543 1
107288 1
108033 1
116229 1
116974 1
117719 1
118464 1
119209 1
120699 1
129640 1
130385 1
131130 1
131875 1
132620 1
133365 1
134110 1
144541 1
145286 1
146031 1
146776 1
147521 1
148267 1
149012 1
149757 1
160187 1
161678 1
162423 1
163168 1
175089 1
175834 1
176579 1
178069 1
179559 1
189990 1
190735 1
191480 1
192970 1
194460 1
205636 1
206381 1
207126 1
207871 1
209361 1
210851 1
222772 1
223517 1
224262 1
225008 1
237674 1
238419 1
239164 1
240654 1
251085 1
251830 1
252575 1
254065 1
254810 1
263751 1
264496 1
265986 1
274926 1
275671 1
277162 1
287592 1
288337 1
289083 1
290573 1
301749 1
303239 1
