2236.17 0
6706.52 0
8196.64 0
14902.2 0
16392.3 0
17882.4 0
28313.2 0
29803.3 0
31293.4 0
41724.3 0
43959.4 0
51410 0
52900.1 0
55135.3 0
64076 0
65566.1 0
67056.2 0
68546.3 0
76742 0
78232.1 0
79722.2 0
81212.3 0
81957.4 0
93133.3 0
94623.4 0
96113.5 0
97603.6 0
98348.7 0
99093.7 0
106544 0
107289 0
108034 0
109525 0
111015 0
120700 0
122191 0
122936 0
123681 0
131876 0
133366 0
134857 0
135602 0
136347 0
146777 0
148268 0
149013 0
149758 0
150503 0
151993 0
160188 0
161679 0
162424 0
163169 0
163914 0
173600 0
174345 0
175090 0
175835 0
187756 0
188501 0
189246 0
189991 0
190736 0
205637 0
206382 0
207127 0
219048 0
219793 0
230224 0
230969 0
243635 0
244380 0
245125 0
257791 0
258536 0
259281 0
260026 0
269712 0
271202 0
279398 0
280888 0
281633 0
291319 0
293554 0
294299 0
305475 0
306965 0
309200 0
309945 0
322611 0
323356 0
324101 0
336767 0
337512 0
338257 0
344218 0
344963 0
352413 0
353159 0
353904 0
363589 0
364334 0
