4172.44 21.2969
13110.1 8.33613
14604.7 14.2838
28013.3 9.99866
30995.5 9.09115
38444.1 14.2857
39932.2 16.6741
40678.3 23.0841
48130.9 23.0745
49618 23.0769
51108.1 21.4306
51854.2 26.6667
59306.7 26.6667
60793.9 26.6667
62284 26.6667
63030 26.6667
71972.7 23.5294
73459.8 26.3214
74950 26.3158
76440.1 26.3158
77189.1 26.3102
86128.8 26.3158
87619.9 26.3084
89106.1 28.5714
90596.2 28.5714
98794.8 20.0018
100282 23.5368
101772 23.5294
103262 23.5294
113696 20
115183 20
116673 20
118163 22.7273
119657 22.7217
132323 19.9989
133810 20
135300 20
147224 15.001
148711 15
159145 12.5
160632 12.5
172557 11.1103
174789 10.5256
176279 14.2848
186712 15.7906
190435 10.5263
198632 12.501
201611 13.3333
210552 8.33333
212041 14.2871
220982 14.2857
223217 13.3333
234393 11.1111
235882 15.001
238118 15
249296 14.999
250785 14.999
252278 18.1774
253764 19.0476
266434 10.5263
267920 14.2894
268666 14.999
278352 18.7547
280590 17.6415
281332 17.6471
282076 22.2239
290274 24.9979
292508 25.0063
300705 14.2857
302939 14.2857
304428 18.7516
314115 16.6679
316350 16.6667
317095 17.6457
329016 6.25
329761 11.7647
340192 13.3333
340937 13.3333
352861 11.7619
353606 16.6629
355092 15.7906
364036 20
364780 20.0036
365523 25.0084
366268 26.6667
371485 40.0107
372230 40
372973 40
373718 40
374463 45.4545
377446 62.5
378193 62.479
378934 62.5
379679 62.5
380424 62.5
381918 59.9678
383408 74.9748
384153 75
384898 74.9497
385643 74.9497
