4489.5 3865.5
12687.1 8197.64
14921.3 10430.8
29079.4 16392.3
29823.5 14902.2
39509.2 10429.8
40254.3 10430.8
40999.3 11174.9
51430.2 11920.9
52921.3 12667
53665.3 12666
54411.4 13411
64096.1 10430.8
64841.2 11174.9
65585.3 11173.9
76762.1 12666
77507.2 12666
78251.2 12666
78996.3 13410
91663.3 14901.2
92408.3 14901.2
93152.4 14901.2
93899.5 14903.2
94644.5 15647.2
106564 14901.2
107311 13411
108054 13409
116993 10428.8
117740 10429.8
127424 10430.8
128171 10430.8
140838 13414
141583 13412
142328 14156.1
155736 14153.1
156481 14153.1
165422 8940.7
166167 9684.75
174366 8943.7
175111 8943.7
184048 9682.75
184794 10426.8
186285 11173.9
195972 11923.9
197461 12667
198205 13410
199696 13411
206402 10429.8
207891 10430.8
209381 11176.9
211615 11918.9
212360 12663
217579 11176.9
219067 11175.9
220557 11175.9
222791 11175.9
223536 11175.9
224283 11921.9
229497 11917.9
230242 11174.9
230990 10432.8
233223 10432.8
233966 10430.8
239930 8939.7
240673 9681.75
242164 8940.7
243654 9687.75
250359 10428.8
251107 10433.8
252595 10430.8
254085 10430.8
254828 11172.9
263027 12668
263770 12663
265263 12668
266753 12668
267494 12666
268243 13414
277183 14156.1
280160 11916.9
280905 12661
290594 13411
291339 14155.1
294316 14156.1
295806 14901.2
301766 11171.9
302515 11175.9
306241 11924.9
307729 13412
308476 12670
312946 11179.9
313692 11176.9
315924 9682.75
321141 8195.64
321882 8190.64
324119 8195.64
330082 8940.7
331573 9690.75
332318 10434.8
334550 10430.8
