4917.5 4095.5
13856.6 8939.13
16090.4 11171.9
30250.5 16393.8
31737.6 15647.2
37699.1 7448.58
38442.1 6704.52
39187.2 7448.58
47384.8 9685.75
48873.9 10431.8
49618 10430.8
50364 11175.9
59305.7 11920.9
60793.9 11919.9
61538.9 11920.9
62285 11920.9
72716.8 13411
74205.9 14899.2
75696 14902.2
76441.1 14902.2
77186.1 14901.2
86870.9 14154.1
87615.9 13410
88363 14156.1
89107.1 13411
89852.1 13411
90597.2 13411
100286 13415
101776 14160.1
102519 14156.1
103266 14902.2
104011 14904.2
104756 14904.2
105501 14904.2
113693 8936.7
114438 8936.7
115184 9681.75
123379 9685.75
124124 10429.8
124870 10431.8
125615 10430.8
136049 12670
136794 12670
137536 12666
138281 13410
139026 13411
150946 14897.2
151691 14897.2
152436 14900.2
153185 14904.2
153930 15648.2
155417 16391.3
165847 14901.2
167337 13407
168828 13411
176278 10430.8
177769 11920.9
179259 11921.9
180003 11174.9
188199 11920.9
189690 11920.9
191180 11920.9
192670 13410
193418 13415
201614 13415
203101 13411
203845 12665
204591 11920.9
205336 12665
206081 12663
213531 11916.9
215022 11920.9
215766 11920.9
216511 11919.9
217257 11920.9
218002 11920.9
218747 12665
227689 14158.1
229178 14156.1
230667 14901.2
231412 14901.2
232161 14904.2
232906 14904.2
233651 14904.2
234396 15648.2
241845 14156.1
243335 14157.1
245568 11916.9
246313 12661
247804 13408
253021 11175.9
255255 11919.9
257489 11920.9
258980 12667
260469 12665
266433 13412
267924 14902.2
270159 14904.2
272394 14905.2
273884 14904.2
