2984.38 2
7454.73 3
8942.85 4
17139.5 2
18628.6 2.5
19377.7 2.9
20122.7 3.24483
32788.7 3.55301
33533.8 3.83446
35019.9 4.09525
43216.5 4.33944
43962.6 4.56988
45450.7 4.78871
46194.7 4.99753
54392.4 5.19763
55140.4 5.39003
56630.6 5.57555
57370.6 5.75491
66314.3 5.92867
67058.4 6.09735
67802.4 6.26135
69292.5 6.42106
70036.6 6.5768
78980.3 6.72885
79724.4 6.87746
80468.4 7.02286
81213.5 7.16526
82703.6 7.30482
84193.7 7.44171
93136.4 7.57609
93880.5 7.70809
94624.5 7.83782
95369.6 7.96541
96114.6 8.09095
97604.8 8.21454
99094.9 8.33628
107293 8.45624
108038 8.57449
108781 1
109526 2
110275 3
111020 4
113251 5
122939 5.2
123683 5.39231
124427 5.57776
125917 5.75704
126661 5.93074
138585 6.09935
139329 1
140073 2
141567 3
153486 4
154230 4.25
154974 4.48529
165407 4.70824
166154 4.92064
166895 5.12386
167640 5.31903
178817 1
179562 2
180310 3
181055 3.33333
182541 3.63333
193719 3.90856
194464 4.16441
195952 4.40454
206384 4.63158
207130 4.84749
207873 5.05378
208618 5.25165
219796 5.44207
220541 1
221284 2
222033 3
223520 3.33333
234696 1
235442 2
236931 2.5
246618 2.9
248106 3.24483
258539 3.55301
260027 3.83446
261522 4.09525
274186 1
275678 2
278658 3
289087 3.33333
289833 3.63333
291320 3.90856
299518 4.16441
300264 4.40454
301006 4.63158
310694 4.84749
311439 5.05378
312184 5.25165
313676 5.44207
