2241.32 2
6709.67 3
8199.79 2
14906.3 2.5
16394.4 2
28317.4 2.5
31296.6 1
40983.3 2
51414.2 2.5
52904.3 2.9
63336.1 3.24483
65568.3 3.55301
74511 3.83446
75999.1 1
78235.2 2
89412.1 2.5
92391.3 2.9
102819 1
106547 2
120704 2.5
122193 2.9
135607 3.24483
137839 3.55301
149762 1
151253 2
163172 2.5
164661 1
177330 2
191484 2.5
192973 1
204150 2
216071 2.5
217560 2.9
230974 1
232464 2
243640 2.5
245127 1
255561 2
269717 1
271207 2
284618 2.5
285361 2.9
293559 3.24483
294302 3.55301
302496 3.83446
303241 4.09525
304732 4.33944
314419 4.56988
315164 4.78871
316653 4.99753
317399 5.19763
325595 1
327832 2
328575 3
339008 3.33333
339753 3.63333
341240 3.90856
345713 4.16441
346457 4.40454
347200 4.63158
350927 4.84749
351674 5.05378
352416 5.25165
353906 5.44207
356144 5.62582
356889 5.80357
357631 5.97588
358376 6.14322
359121 6.306
359866 6.46458
360611 6.61927
361356 6.77034
362101 6.91805
362846 7.0626
363591 7.20419
364337 7.343
365082 7.47918
365827 7.61288
366572 7.74424
367317 7.87337
368062 8.00038
368807 8.12537
369552 8.24844
370297 8.36968
371042 8.48916
371787 8.60696
372532 8.72314
373277 8.83778
374022 8.95093
374767 9.06265
375512 9.17299
376257 9.28201
377003 9.38974
377748 9.49624
378496 9.60155
379241 9.7057
379986 9.80873
