2257.32 38.2803
6723.67 16.6816
9704.9 20.0081
19393.7 11.761
21628.8 12.4969
33545.8 10.5293
34294.8 11.7647
40253.3 12.5042
41740.4 20.0134
49192 16.6704
50681.1 16.6667
58877.7 15.3846
60366.9 20.0018
61862 19.9911
72288.8 16.6667
73777.9 16.6667
74525 21.0497
75273 22.2222
86448.9 21.0467
87934 21.0526
88681.1 21.0526
89426.1 21.0571
90174.2 25
101350 25
103582 11.1136
104327 15.7928
111777 21.4368
114013 21.4286
114758 21.4286
125934 12.5
126679 12.5
138600 11.7647
139345 11.7647
140838 15.7861
149776 20
151264 14.2926
162442 11.7647
163932 11.7628
176601 5.88096
177346 11.1086
187029 7.69469
195969 8.33333
198205 13.3333
210126 6.25
211619 11.1086
225774 5.26353
227260 9.52685
239185 11.1111
240671 11.1111
253339 10.5278
254832 14.2848
255576 14.996
264517 8.33333
266003 14.2912
276438 12.5
277924 12.5
286869 14.2857
287614 20
288355 21.4286
298790 18.7484
299535 18.7484
300276 23.5368
301766 22.2222
309965 26.6691
310710 26.6691
311451 26.6667
312942 26.6667
313692 31.2369
318906 41.6667
319651 41.6667
320392 41.6667
321137 45.4545
321882 45.4823
323372 46.1777
330082 40
330827 40
331568 40
332313 40
333058 40
334553 39.9821
336043 41.1602
343493 38.8889
344238 38.8889
344983 38.8773
345724 38.8889
356905 17.6457
357650 22.2206
358395 22.2206
365097 20.0107
365842 20.0107
366586 27.2894
370312 42.8571
371057 42.8571
371802 42.8489
374782 50
376271 50.0084
377018 50
378512 44.4179
380743 50
382982 44.4113
