4473.5 2
10433 3
12667.1 4
21608.8 5
23097.9 2
25338.1 3
26828.2 3.33333
35763.9 3.63333
37258.1 3.90856
40239.3 4.16441
45449.7 4.40454
46940.8 4.63158
48433.9 4.84749
50665.1 5.05378
55885.5 5.25165
58120.7 5.44207
59609.8 5.62582
62588 5.80357
64080.1 5.97588
67801.4 6.14322
70040.6 6.306
71530.7 6.46458
74509 6.61927
76001.1 6.77034
81217.5 6.91805
82702.6 7.0626
84941.8 7.20419
86431.9 1
89410.1 2
90158.2 3
93133.4 4
95373.6 4.25
96862.7 4.48529
98352.8 4.70824
105054 4.92064
108035 5.12386
110274 5.31903
111764 5.50703
119213 5.68862
122191 5.86441
122937 6.03493
124430 6.20063
126666 6.36191
131134 6.51909
134112 6.67249
134862 6.82236
135606 6.96893
137096 7.11243
139331 7.25303
143055 7.3909
144546 7.5262
145287 7.65907
146037 7.78963
147527 7.91801
149759 8.0443
151248 8.16862
153488 8.29104
154977 8.41165
155718 8.53053
156467 8.64776
157212 8.76339
160190 8.8775
161683 8.99015
163173 9.10138
166897 9.21125
168388 9.31982
169129 9.42712
169878 9.53319
170623 9.63809
173601 9.74184
175840 9.84449
177329 9.94607
178819 10.0466
181798 1
183288 2
184030 2
184781 3
185526 4
189247 5
191486 5
193721 6
195210 6.16667
196700 6.32883
203403 6.48684
204147 6.64099
205641 6.79157
207131 6.93882
207877 7.08293
209366 7.22412
217559 7.36254
218304 7.49836
219797 7.63173
221283 1
222030 2
223524 2
224266 3
232460 4
233205 4.25
234699 4.48529
245126 4.70824
