4473.5 4473.5
10433 5959.46
12667.1 8193.64
21608.8 11175.9
23097.9 12665
25338.1 12671
26827.2 14160.1
38749.2 13411
39489.2 12662
48430.9 9681.75
49176 10426.8
50669.1 11179.9
58115.7 9684.75
58861.7 9685.75
59606.8 10430.8
61099.9 10430.8
70036.6 11920.9
71530.7 12669
72276.8 12670
73766.9 12667
76002.1 14902.2
85682.8 15646.2
88664.1 14897.2
89411.1 13409
97603.8 11920.9
100585 11920.9
101332 11920.9
102077 12666
111763 10430.8
112508 11175.9
113254 11176.9
122192 10428.8
122939 10430.8
123684 10429.8
124430 11175.9
134862 12670
136351 13412
137097 13413
137841 13411
138586 14156.1
150506 15644.2
151251 14900.2
151996 14899.2
152743 14902.2
153487 14901.2
162429 10432.8
163172 10428.8
163918 10430.8
172113 9683.75
172858 9685.75
173604 10431.8
175094 11175.9
184031 11918.9
184779 11920.9
185524 11919.9
186270 12666
187760 12666
198933 14901.2
200425 15646.2
201172 15648.2
201916 15646.2
203406 15646.2
204149 16389.3
214581 15648.2
216073 15648.2
216816 15644.2
217561 15645.2
219052 15646.2
228737 11920.9
229484 12668
230228 12667
231718 12666
242150 13413
242893 13409
243639 13411
244385 14157.1
245130 13412
255557 13407
256306 11920.9
257050 11919.9
264500 8942.7
274186 9685.75
274929 10428.8
286852 12666
287595 12666
302498 15646.2
303241 16389.3
303989 16394.3
316652 14154.1
317399 14158.1
318146 14905.2
330067 12668
330810 13411
331556 13410
337515 7448.58
338261 6704.52
344221 6705.52
345711 7450.58
352416 8194.64
353909 9687.75
