3726.29 0
9686.75 0
11176.9 0
20862.6 0
22352.7 0
23842.9 0
24587.9 0
34273.7 0
36508.8 0
37999 4
39489.1 4
47684.7 4
49174.8 4
57370.5 4
58860.6 4
69291.4 4
70781.5 4
81957.4 4
83447.5 4
93878.3 4
95368.4 4
103564 4
105054 4
105799 4
116230 4
118465 4
119210 4
120700 4
131876 4
133366 4
134111 4
143797 4
146777 4
147522 4
157208 4
157953 4
160188 4
169874 4
170619 4
172854 4
184030 4
184775 4
187011 4
188501 4
198186 4
199677 4
201912 4
210852 4
213833 4
215323 4
224263 4
225754 4
236929 4
239165 4
240655 4
250341 4
253321 4
254811 4
255556 4
267477 4
271202 4
272692 4
273437 4
278653 4
279398 4
283123 4
289829 4
290574 4
294299 4
302495 4
303240 4
304730 4
306965 4
314416 4
315161 4
316651 4
321866 4
322611 4
324101 4
324846 4
328572 4
329317 4
330807 4
331552 4
332297 4
336767 4
337512 4
339002 4
340493 4
341238 4
346453 4
347198 4
348688 4
349433 4
350923 4
351668 4
355394 4
356884 4
357629 4
358374 4
359119 4
