2236.17 0
6706.52 0
8196.64 0
14902.2 0
16392.3 0
17882.4 2
28313.2 2
29803.3 3
31293.4 3
41724.3 3
43959.4 3
51410 3
52155.1 3
52900.1 3
61095.8 3
62585.9 3
63330.9 3
64076 3
73016.7 3
75251.9 3
75996.9 3
86427.7 3
87917.9 3
88662.9 3
97603.6 3
98348.7 3
108034 3
109525 3
110270 3
123681 3
124426 3
137092 3
137837 3
138582 3
150503 3
151248 3
162424 3
175835 3
191481 3
192226 3
205637 3
206382 3
217558 3
228734 3
229479 3
243635 3
244380 3
258536 3
260026 3
260771 3
275672 3
284613 3
285358 3
296534 3
297279 3
309200 3
309945 3
310690 3
319631 3
320376 3
327081 3
327827 3
334532 3
335277 3
336022 3
343473 3
344218 3
344963 3
345708 3
352413 3
353159 3
353904 3
354649 3
356139 3
359864 3
360609 3
361354 3
362099 3
362844 3
363589 3
364334 3
365079 3
365825 3
366570 3
367315 3
368060 3
368805 3
369550 3
370295 3
371040 3
371785 3
372530 3
373275 3
374020 3
374765 3
375510 3
376255 3
377000 3
377745 3
378490 3
379236 3
379981 3
