3745.44 3245.44
11197 7451.58
13431.2 9684.75
24606.1 13409
28334.4 14903.2
37272.1 8937.7
38017.1 9681.75
46957.8 9685.75
48449.9 10432.8
59626.8 12669
60371.9 13413
61861 13411
72289.8 12663
73037.8 12666
74527 14154.1
75270 13409
83463.7 11173.9
84208.7 11170.9
93896.5 10432.8
94641.5 11176.9
95388.6 11179.9
106562 12666
107306 12664
108051 12662
108800 13410
122209 15646.2
123701 16395.3
124447 16396.3
125192 16392.3
125937 17136.3
140093 17884.4
141582 16390.3
142328 16391.3
152756 12663
153501 11918.9
154248 11919.9
154993 12664
165422 12666
166167 12666
166915 12667
167660 12667
168405 13411
179576 11915.9
180323 11917.9
181815 13409
191502 11925.9
192991 12668
204908 13406
207145 14154.1
217574 12666
228007 10432.8
229499 11923.9
239928 11920.9
241420 11920.9
253342 13414
254084 14155.1
255577 14157.1
266750 13408
268242 12665
276439 9688.75
285374 8935.7
286869 10428.8
298040 12666
299534 12666
312944 14903.2
313689 15647.2
314432 14897.2
325613 12669
327102 13413
327843 14153.1
328588 14156.1
338276 12663
339768 12666
350196 11920.9
350941 12665
351689 11920.9
356902 6705.52
357647 6705.52
358392 6703.52
359139 7449.58
362862 5960.46
364353 6705.52
365098 6705.52
365845 6705.52
366590 7449.58
368823 5960.46
371058 6705.52
371803 6705.52
372548 6703.52
373295 6705.52
375528 6705.52
376276 7452.58
378511 7452.58
380001 8197.64
380747 8198.64
381492 8196.64
382982 7453.58
383727 7450.58
384472 8194.64
385217 6706.52
