1491.12 0
5216.41 0
5961.46 0
11921.9 0
13412 1
14157.1 1
15647.2 1
26078 2
27568.1 2
29058.3 2
40979.2 2
49919.9 2
52155.1 2
61840.8 2
64821.1 2
74506.8 2
75996.9 2
78232.1 2
87172.8 2
89408 2
98348.7 2
101329 2
102074 2
113250 2
116230 2
116975 2
117720 2
128151 2
129641 2
130386 2
131131 2
140817 2
141562 2
143052 2
153483 2
154228 2
154973 2
166894 2
167639 2
168384 2
169129 2
179560 2
180305 2
181050 2
181795 2
182540 2
194461 2
195206 2
195951 2
196696 2
197441 2
198186 2
210107 2
210852 2
211597 2
212343 2
213088 2
213833 2
215323 2
225009 2
225754 2
226499 2
227244 2
227989 2
228734 2
229479 2
230224 2
240655 2
241400 2
242145 2
242890 2
253321 2
254811 2
255556 2
256301 2
257046 2
266732 2
267477 2
268222 2
278653 2
280143 2
280888 2
293554 2
295044 2
295789 2
296534 2
310690 2
312925 2
313670 2
324101 2
325591 2
326336 2
336767 2
337512 2
346453 2
347943 2
348688 2
355394 2
357629 2
364334 2
366570 2
374020 2
374765 2
