1491.12 0
5216.41 0
5961.46 0
11921.9 0
13412 1
14157.1 1
15647.2 1
26078 2
27568.1 2
29058.3 2
40979.2 2
42469.3 2
43214.4 2
50664.9 2
52900.1 2
61095.8 2
64076 2
74506.8 2
75251.9 2
78232.1 2
88662.9 2
92388.2 2
99093.7 2
102819 2
104309 2
111760 2
114740 2
116230 2
116975 2
124426 2
127406 2
128896 2
129641 2
135602 2
137092 2
140817 2
143052 2
143797 2
149013 2
151248 2
151993 2
156463 2
158698 2
166149 2
166894 2
169129 2
171364 2
177325 2
178070 2
180305 2
181050 2
183285 2
192226 2
192971 2
195206 2
195951 2
196696 2
198932 2
207127 2
207872 2
210852 2
212343 2
222028 2
222773 2
225754 2
226499 2
232459 2
233949 2
234694 2
237675 2
238420 2
245870 2
249595 2
251086 2
260026 2
263752 2
264497 2
265987 2
274182 2
278653 2
280143 2
285358 2
291319 2
292809 2
298769 2
300259 2
306220 2
307710 2
312925 2
314416 2
315161 2
322611 2
323356 2
327081 2
328572 2
329317 2
338257 2
339002 2
339747 2
344218 2
346453 2
347198 2
355394 2
