2984.38 2984.38
7454.73 4470.35
8942.85 5958.46
17139.5 9684.75
18628.6 11173.9
19376.7 10433.8
20121.7 11178.9
32785.7 13409
33532.8 13411
35019.9 14898.2
46196.7 13411
46941.8 13409
48430.9 13411
49179 14159.1
58117.7 11920.9
59606.8 12665
60352.9 11921.9
61096.9 11917.9
72273.8 14156.1
73018.8 14901.2
74508 14901.2
75253 14900.2
75998.1 14901.2
89412.1 17138.3
90157.2 17138.3
91644.3 18625.5
93134.4 18626.5
93879.5 18626.5
94624.5 18626.5
105057 15645.2
105802 15645.2
108037 16392.3
109529 17884.4
110272 17137.3
111017 17137.3
111761 17136.3
120704 15646.2
124430 14158.1
125173 14156.1
125918 14157.1
133370 12666
137094 11175.9
145291 11921.9
146779 13409
150507 13413
155721 10429.8
159446 8938.7
166152 10430.8
171368 11921.9
179563 13411
181054 14902.2
187013 15645.2
201915 14902.2
202659 15646.2
213836 11920.9
215324 12665
225011 11174.9
226500 12664
227248 11923.9
235441 10430.8
236187 9686.75
236931 10430.8
237676 10427.8
248107 12666
248853 12666
249597 12666
250342 12666
251087 13411
262264 14156.1
263009 14156.1
263754 14157.1
264498 14156.1
265243 14156.1
265991 14904.2
276420 14156.1
277910 14901.2
278655 14901.2
286851 10430.8
288340 11919.9
289830 11919.9
290576 11920.9
299516 12666
301752 13412
303242 13412
303987 14157.1
304734 14158.1
312928 13411
316655 12668
317398 12664
324848 11920.9
326338 9682.75
327084 9685.75
327828 10429.8
335279 10430.8
336769 10431.8
337514 10430.8
338259 10430.8
339007 11178.9
347945 12666
350180 13411
