2000 2000
3728.44 1728.44
3728.44 0
11185.3 7456.88
11185.3 0
12667.1 1481.82
14160.3 1493.12
26824.2 12664
29062.4 2238.17
29062.4 0
38000.1 8937.7
38745.2 745.058
39489.2 744.058
39489.2 0
50666.1 11176.9
51411.2 745.058
52155.2 744.058
52900.3 745.058
66315.3 13415
66315.3 0
67060.4 745.058
78978.3 11917.9
80471.4 1493.12
89410.1 8938.7
90898.2 1488.12
101331 10432.8
101331 0
102075 744.058
113996 11920.9
114741 745.058
114741 0
115485 744.058
129642 14157.1
131880 2238.17
131880 0
146779 14898.2
147524 745.058
158700 11175.9
159445 745.058
170620 11175.9
171366 745.058
171366 0
181051 9685.75
181796 745.058
182540 744.058
182540 0
191482 8941.7
192227 745.058
192971 744.058
193716 745.058
204896 11179.9
204896 0
205638 742.058
206382 744.058
207127 745.058
216069 8941.7
216814 745.058
216814 0
217558 744.058
218303 745.058
219048 745.058
228735 9686.75
229480 745.058
230224 744.058
230224 0
230969 745.058
231714 745.058
233204 1490.12
243639 10434.8
244381 742.058
245125 744.058
245870 745.058
246615 745.058
246615 0
248105 1490.12
249596 1490.12
259282 9686.75
260030 748.058
264500 4469.35
264500 0
265987 1487.12
273439 7452.58
274184 744.058
276421 2237.17
286105 9684.75
286850 744.058
289832 2982.23
298771 8939.7
299515 744.058
299515 0
302498 2982.23
310692 8194.64
311439 747.058
312926 1486.12
312926 0
315909 2983.23
322613 6704.52
323358 745.058
324101 743.058
324846 745.058
327830 2983.23
327830 0
