10692.4 10692.4
19857.2 9164.76
22911.7 12219.3
32065.9 12208.8
35118.7 15261.5
38170.4 15258.8
41222.2 18310.5
50376.5 18310.5
53429.2 18310.5
56481 18310.5
59532.7 18310.5
67161.1 16784.7
71738.8 18309.5
74791.5 18310.5
80894.1 13453.8
85471.7 12441.3
88524.4 13732.9
94627 13732.9
97679.7 15559.1
103793 9166.51
106846 9166.51
114476 10682.2
117528 12878.1
123642 9166.51
126695 9166.51
134324 10682.2
137377 13734.9
140429 13733.9
149583 15258.8
152636 15258.8
155688 18310.5
158739 18310.5
167894 18310.5
170946 18310.5
173998 18310.5
177050 18310.5
184678 16784.7
187731 16784.7
190783 16784.7
196885 12207
199938 15259.8
202990 15258.8
206042 15258.8
212144 15258.8
216722 16783.7
219775 17059.6
224351 12207
228929 12207
231982 12207
238084 15703.4
242662 13732.9
245714 13732.9
253343 15258.8
257920 15258.8
260973 15258.8
268602 15258.8
274705 16784.7
277758 16784.7
285386 16784.7
293016 18310.5
299119 17483.6
312852 13732.9
318956 15369.3
332689 17882.8
337266 18310.5
349473 16784.7
354051 16784.7
366258 16784.7
372361 18310.5
383043 16784.7
387620 15258.8
393724 15706.5
401353 13732.9
407457 13732.9
415086 13732.9
419664 14643.1
427293 12207
433397 13732.9
441026 13732.9
444079 16785.7
456285 15258.8
459337 15258.8
462389 18310.5
473069 16784.7
476122 16784.7
479174 16784.7
491380 15257.8
494433 15258.8
509690 18310.5
512743 18310.5
523423 15160.3
526476 13732.9
538682 15258.8
541735 15258.8
544787 18310.5
555467 16784.7
558520 16784.7
561571 16784.7
573777 18310.5
576830 18310.5
579882 18310.5
587510 13732.9
590563 13732.9
593615 16784.7
596667 16784.7
604295 10680.2
607348 10681.2
619554 15258.8
622607 15258.8
625658 18310.5
634813 15258.8
637865 15258.8
640917 15978.7
651597 16784.7
654650 16784.7
657702 16784.7
668382 16784.7
671435 16784.7
674486 16784.7
686692 18310.5
689745 18310.5
692797 18310.5
705003 18310.5
708056 18310.5
711108 18310.5
720272 9164.51
723325 10877
734005 10680.2
743170 9164.76
746222 12051.9
755377 12207
758429 12207
769110 13732.9
772162 13732.9
775214 16784.7
785894 16784.7
788947 16784.7
791999 16784.7
804205 18310.5
807258 18310.5
810309 18310.5
819464 15258.8
822516 15258.8
825568 18310.5
828622 18312.3
836250 10681.9
839303 10681.2
849983 13732.9
853036 13732.9
856087 16784.7
863716 13732.9
866769 13732.9
869820 13732.9
875923 17818.1
880501 13731.9
883553 13732.9
891182 15258.8
895759 15258.8
898812 15258.8
906440 15258.8
911018 15258.8
915596 16783.7
920173 13732.9
923226 16785.7
927803 16784.7
932380 16784.7
941545 9164.76
952226 10681.2
964433 12207
970537 14510.3
984270 13732.9
999529 15258.8
