2241.32 33.2419
6709.67 16.6741
8199.79 25.0084
14906.3 18.1796
16394.4 23.0793
28317.4 11.1111
31296.6 9.99933
41724.4 11.1144
43961.6 11.7656
52900.3 13.3333
54392.4 17.6443
56627.6 17.6471
65569.3 17.6429
67061.4 17.6429
68548.5 21.0526
78980.3 12.5021
80469.4 12.5
91646.3 11.7647
93135.4 15.7906
93881.5 16.6654
105802 15.7895
107293 15.7884
108040 15.7872
109527 19.0488
122941 10
123686 14.2857
124428 15
136350 16.6692
137095 11.7638
150506 10.5263
151251 10.5263
163172 11.7647
164661 11.1119
165407 15.7895
179563 13.6364
181053 13.6355
181798 13.6364
182542 17.3923
197447 16.6648
199680 16
200425 16
201170 15.9991
210856 14.2857
211601 20
212345 20.0018
222031 20
222777 20
223521 20
225011 23.5294
236935 19.9973
237678 20
238423 19.9987
239915 19.996
240659 23.8065
251836 12.5
252580 17.6485
254068 16.6692
263007 20.009
263756 20
265247 19.9946
265991 24.9958
274188 26.6547
276422 14.2857
277167 20
283127 25.0028
285360 25.0056
286107 25
292809 23.0865
294304 26.6643
296536 26.6667
297284 26.6643
305480 23.5201
306970 23.5294
307714 27.7798
308457 31.25
318890 18.7516
319635 18.75
320381 18.7453
328572 16.6741
329321 16.6685
335277 22.2222
336772 19.9973
337516 27.2727
344218 25
346457 23.0793
347202 23.0769
348690 26.6714
355399 26.6547
357631 26.6714
358378 26.6667
359866 26.6667
366574 26.6691
368062 29.4187
369552 31.25
370297 31.2552
371042 33.3333
377751 33.3304
378496 35.704
379241 39.9893
379986 42.8448
