2257.32 38.2803
6723.67 16.6816
9704.9 20.0081
19389.7 11.7647
21628.8 12.4969
33549.8 10.5233
34290.8 11.7684
43231.5 15.391
43976.6 15.3846
45465.7 20.0018
54407.4 20
55152.4 20
56641.6 20
57388.6 24.9958
66328.3 25
67077.4 24.9916
68567.5 24.9895
69312.5 24.9937
79741.4 22.2189
80484.4 26.3158
81229.5 26.3232
81978.5 27.7778
82723.6 27.7778
92405.3 20
93154.4 20
93899.5 20
102093 23.0722
102836 23.0865
114012 12.5021
114757 12.5
127427 11.1078
128168 11.1111
128912 15.7906
139346 18.7531
140089 18.75
140833 18.75
142328 22.2139
152755 22.2255
153500 13.3381
154244 18.7579
165423 17.6443
166166 17.6471
166910 17.6471
181071 14.2839
181816 18.1796
182561 18.1774
184051 17.3862
192990 8.3352
203420 7.14354
204908 12.5031
217576 10.5263
219069 14.283
219813 14.996
235460 9.09091
236205 9.09091
246633 13.3369
247380 13.3333
248126 18.7484
258554 18.75
259301 18.75
260047 18.75
261533 22.2305
271221 23.5276
271967 23.5294
272712 23.5313
274199 23.5294
283887 13.3345
285374 17.6526
286870 17.6401
298789 14.999
299534 15.785
301026 15.7895
302511 19.0537
312200 13.3345
312944 18.7547
313687 20
324864 17.6498
325610 17.6471
326353 17.6471
327848 21.0452
338278 22.2189
339764 12.5052
341254 16.6729
346471 27.2794
348704 25
350194 25
354667 27.2727
356160 30.7597
357645 33.3333
359881 30.7661
362865 36.3503
364351 36.3858
365841 38.4814
366587 41.662
369567 38.4615
370312 50.0269
371806 49.9665
373292 49.9933
374037 50
375531 49.9776
