2624 2000
4489.5 1865.5
4490.5 1
12220.5 7729.99
12221.5 1
12687.1 465.644
14921.3 2234.17
29079.4 14158.1
29824.5 745.058
29825.5 1
38017.1 8191.64
38762.2 745.058
39507.2 745.058
39508.2 1
46212.7 6704.52
47703.9 1491.12
48447.9 744.058
49194 746.058
57390.6 8196.64
57391.6 1
58879.7 1488.12
59623.8 744.058
60369.9 746.058
71547.7 11177.9
72289.8 742.058
73035.8 746.058
81977.5 8941.7
82720.6 743.058
82721.6 1
83466.7 745.058
94643.5 11176.9
95389.6 746.058
96132.6 743.058
96133.6 1
96877.7 744.058
107310 10431.8
108055 745.058
108799 744.058
109544 745.058
111034 1490.12
111035 1
119976 8941.7
123702 3725.29
124447 745.058
124448 1
132639 8191.64
133387 747.058
134131 744.058
134876 745.058
143070 8194.64
143818 748.058
143819 1
144561 742.058
145306 745.058
154248 8941.7
154991 743.058
155737 746.058
155738 1
156482 744.058
157972 1490.12
168404 10431.8
171386 2981.23
171387 1
172874 1487.12
182558 9684.75
183303 745.058
195224 11920.9
196715 1491.12
196716 1
207147 10430.8
208636 1489.12
219814 11177.9
220556 742.058
232480 11923.9
244398 11917.9
244399 1
254086 9686.75
255575 1489.12
265262 9686.75
265263 1
266751 1488.12
278674 11922.9
278675 1
290592 11916.9
292083 1491.12
305493 13410
305494 1
306241 747.058
314436 8194.64
315181 745.058
315182 1
315925 743.058
323376 7451.58
324121 745.058
324865 744.058
325611 745.058
325612 1
335297 9685.75
336042 745.058
336786 744.058
337531 745.058
338277 745.058
