2257.32 2
6723.67 2
9704.9 2.5
19389.7 2
21628.8 2.5
33549.8 2.9
34294.8 3.24483
40999.3 3.55301
41741.4 3.83446
43230.5 4.09525
52172.2 4.33944
52917.3 4.56988
54406.4 4.78871
55153.4 4.99753
64093.1 5.19763
64838.2 1
66327.3 1
67822.4 2
77504.2 3
78249.2 1
89429.1 2
90174.2 2.5
102091 2.9
102836 3.24483
114757 3.55301
115502 3.83446
116991 4.09525
129658 4.33944
130403 4.56988
131892 4.78871
132639 4.99753
144559 5.19763
145304 5.39003
146794 5.57555
147539 5.75491
157229 5.92867
157974 6.09735
158715 1
159460 2
160205 3
167658 4
168401 4.25
169145 4.25
178832 4.48529
179577 4.70824
180321 4.92064
181811 5.12386
191502 5.31903
192247 1
192987 2
194482 3
195224 3.33333
202676 3.63333
204910 3.90856
205655 4.16441
212360 4.40454
214596 4.63158
215341 4.84749
216829 5.05378
223536 5.25165
226517 5.44207
227262 5.62582
228750 5.80357
229499 5.97588
237692 6.14322
241418 6.306
242166 6.46458
243651 6.61927
244400 6.77034
252593 6.91805
254082 7.0626
256319 7.20419
257064 7.343
258552 7.47918
259302 7.61288
268243 7.74424
268984 1
269728 2
271965 3
273458 4
274201 4.25
274944 4.48529
283140 4.48529
286867 4.70824
287612 4.92064
288355 5.12386
295061 5.31903
299535 1
300278 2
301026 3
302511 3.33333
309217 3.33333
312198 3.63333
313692 3.90856
320393 4.16441
322627 4.40454
324866 1
332314 2
333804 3
335298 3.33333
