1490.27 2
5216.56 2
5960.61 2.5
14160.3 2
14906.3 2.5
27567.3 2.9
28312.4 3.24483
44708.6 1
46198.7 1
47688.9 2
58859.7 1
60349.9 1
70035.6 2
79726.4 2.5
81215.5 2.9
90897.2 3.24483
91642.3 3.55301
101328 3.83446
102073 4.09525
102822 4.33944
113249 4.56988
113994 4.78871
114739 4.99753
115488 5.19763
126660 5.39003
128150 5.57555
128895 5.75491
129644 5.92867
130389 6.09735
139326 1
141566 2
142311 3
143056 4
143801 4.25
144545 4.48529
153482 4.70824
154227 4.92064
154972 5.12386
156466 1
163913 2
165408 3
166153 3.33333
166897 3.63333
178069 3.90856
178814 4.16441
179559 1
191485 2
192975 3
193720 1
205641 2
206381 2.5
218302 2.9
219796 3.24483
229478 3.55301
230223 3.83446
230968 4.09525
241399 4.33944
242893 4.56988
243639 4.78871
244383 4.99753
252575 1
254065 2
254810 3
255560 3.33333
266731 3.63333
267476 3.90856
268221 4.16441
281632 4.40454
283122 4.63158
283867 1
284616 2
298768 3
301008 3.33333
312179 1
312925 2
313670 2.5
324105 2.9
324850 3.24483
334533 1
335281 2
336026 2.5
345709 2.9
346454 3.24483
353905 3.55301
355395 3.83446
356140 4.09525
362100 4.33944
364336 4.56988
365081 4.78871
365828 4.99753
370299 5.19763
372533 5.39003
373279 5.57555
374023 5.75491
374768 5.92867
375513 6.09735
376258 6.26135
377005 6.42106
377750 6.5768
378495 6.72885
