2998.38 28.5421
10450 9.99866
11942.1 16.6611
23113.9 11.7666
25354.1 11.1103
35034.9 12.5
36527 13.3369
37274.1 18.7516
43975.6 25
45465.7 25.0056
46214.7 25
47702.9 28.5769
55896.5 25
58131.7 23.5294
58880.7 23.5294
60368.9 23.5294
67817.4 25
69309.5 27.7736
71542.7 27.7778
73034.8 26.3195
74525 26.3158
82718.6 25
84210.7 25
84958.8 28.566
87190.9 28.5678
87934 30.004
88679.1 31.5834
98364.8 28.5714
99859.9 28.566
100605 28.5714
102095 30.4348
103582 31.8182
105072 30.4312
105820 30.4259
117736 19.0537
118481 20.0027
119226 21.0556
119973 21.0571
131147 22.2222
132639 21.0497
133388 21.0452
134133 24.9916
135623 23.805
146799 23.8019
149029 11.1153
150524 15
157969 20.009
160954 14.2871
169145 13.3333
172875 12.5
182556 11.1111
187776 10
189264 13.638
199694 13.0427
204168 13.6355
206403 13.0412
207148 16.6639
215340 19.0476
218323 21.0541
219068 23.5313
219811 23.535
228751 22.2222
230245 24.9933
233969 23.8095
234715 23.808
248125 10.5263
257066 8.33333
258554 14.2885
268987 12.5
270475 12.5
283889 9.99933
285376 13.638
286122 14.2848
298044 15.7906
299535 15.7861
300279 19.9987
310710 13.3345
311454 13.3333
312944 17.6485
323377 17.6457
324120 17.6471
325610 17.6471
336042 17.6485
336786 22.2255
338276 21.0541
339766 21.0526
349453 22.2222
350198 22.2206
351690 24.9966
352435 26.3102
354667 25
362860 14.2926
363609 20.0018
364355 23.0722
371061 27.2561
372548 18.1863
377766 22.2255
379254 22.2222
383727 24.9958
385217 29.996
