2240.32 2240.32
9690.9 7450.58
11179 8938.7
22355.9 12665
23847 12668
34276.8 10429.8
35021.9 11174.9
41728.4 7451.58
49921 8192.64
51412.2 9683.75
61098.9 11177.9
62588 11175.9
73019.8 11920.9
73764.9 12666
75254 12666
87175.9 14156.1
88665.1 14900.2
89411.1 15646.2
90900.2 15646.2
102078 14902.2
104313 15648.2
105057 15646.2
105803 14903.2
106548 15648.2
114739 8935.7
115488 8939.7
125915 11175.9
126664 11924.9
127408 11919.9
138585 12670
139330 12666
140074 12666
140819 13411
151251 12666
151996 12666
152741 12667
153487 12668
154230 13411
165408 12667
166153 12666
166896 12666
174348 8939.7
175093 8939.7
175837 9683.75
177327 10430.8
185524 11175.9
186269 11175.9
187013 11175.9
187758 11920.9
189992 12665
198936 13412
199680 13411
200426 13413
201169 13411
210856 11175.9
211601 11174.9
212345 11175.9
220541 9685.75
221286 8941.7
230968 10426.8
231717 10430.8
244379 12662
245128 13411
258535 14156.1
259280 14152.1
271205 12670
271950 13415
283871 12666
284616 12666
294298 10426.8
295793 11176.9
296538 11921.9
306219 11920.9
306964 11170.9
318140 11920.9
319633 12669
331551 13411
333044 13411
333791 14158.1
342732 11180.9
343477 10432.8
344220 10428.8
345710 11918.9
353158 10425.8
353903 10425.8
354648 10427.8
356141 10430.8
364334 11175.9
365824 12666
366569 12666
367319 12671
368064 11922.9
374769 10435.8
377005 9685.75
377750 9685.75
380726 5956.46
381471 4466.35
382218 4468.35
382965 5215.41
385200 4474.35
