2388 2000
2998.38 610.381
2999.38 1
8219.14 5219.76
8220.14 1
10450 2229.82
11942.1 1492.12
23113.9 11171.9
35034.9 11920.9
35035.9 1
43230.5 8194.64
45470.7 2240.17
57386.6 11915.9
57387.6 1
68562.5 11174.9
69307.5 745.058
81978.5 12671
81979.5 1
82718.6 739.058
94640.5 11921.9
96131.6 1491.12
96132.6 1
97621.8 1489.12
107307 9684.75
108798 1491.12
109546 748.058
110288 742.058
110289 1
121463 11173.9
122952 1489.12
123702 750.058
124447 745.058
125934 1487.12
125935 1
133383 7447.58
134875 1492.12
135618 743.058
136365 747.058
149034 12669
149035 1
149779 744.058
150521 742.058
161700 11178.9
162445 745.058
162446 1
172872 10425.8
173616 744.058
175108 1492.12
183302 8194.64
183303 1
184792 1488.12
186284 1492.12
195223 8939.7
199693 4469.35
199694 1
206399 6705.52
209383 2984.23
210124 740.058
218320 8196.64
221304 2984.23
221305 1
222790 1484.12
230986 8196.64
236206 5219.41
236207 1
245891 9684.75
250357 4465.35
251849 1492.12
258555 6706.52
263028 4472.35
263029 1
265258 2229.17
269731 4473.35
272713 2982.23
274201 1487.12
274202 1
276436 2234.17
281652 5216.41
283885 2233.17
285376 1491.12
286867 1490.12
289105 2238.17
289106 1
295808 6702.52
298041 2233.17
299532 1491.12
301023 1490.12
303256 2233.17
304748 1492.12
304749 1
312199 7450.58
321137 8937.7
321138 1
321885 747.058
327848 5962.46
334548 6700.52
335296 748.058
336785 1489.12
338276 1490.12
338277 1
346474 8197.64
347217 743.058
