2257.32 1946.32
6723.67 4466.35
9704.9 7446.58
19389.7 12666
21628.8 11923.9
33549.8 11920.9
34290.8 12661
40251.3 6701.52
40996.3 6705.52
49192 8940.7
49937 9684.75
51426.2 10429.8
59622.8 10430.8
60367.9 10430.8
61857 11918.9
63352.1 11925.9
73033.8 13411
73778.9 13411
75268 13411
77505.2 14153.1
78993.3 15640.2
88684.1 15650.2
89429.1 15650.2
90914.2 15646.2
93151.4 15646.2
102836 13407
103581 12667
105817 12666
115504 12668
116247 12666
118483 12666
119971 14153.1
129662 14158.1
130407 14160.1
132639 14156.1
134128 14156.1
134875 14902.2
144559 11919.9
146049 11920.9
146796 11920.9
157971 13412
159460 13411
160207 13411
160955 14158.1
173618 15646.2
175106 15646.2
175853 15646.2
176601 15646.2
178091 17135.3
189264 15646.2
190754 15648.2
191499 15646.2
201930 11175.9
202675 11919.9
204163 12664
215341 13411
216086 13411
217574 13411
230242 14901.2
230987 15645.2
232475 16389.3
233220 15646.2
241417 11174.9
242906 11918.9
244401 13413
254083 12666
255572 12666
257812 13411
268988 14905.2
269733 14161.1
270473 14900.2
272713 14901.2
281650 12662
283884 11170.9
290591 8940.7
292826 11174.9
294315 10430.8
301022 10430.8
304003 11176.9
305491 11175.9
306238 11921.9
312943 11920.9
316672 12669
318157 12666
318904 12666
319649 13410
327099 14156.1
328593 11920.9
330078 11920.9
331573 12669
332315 12666
338275 11175.9
339020 11919.9
340509 11915.9
342004 11925.9
343494 11920.9
344239 11923.9
349453 11178.9
350195 11175.9
350940 11919.9
