2241.32 2241.32
6709.67 4468.35
8199.79 5958.46
14906.3 8196.64
16394.4 9684.75
28317.4 13411
31296.6 14902.2
40979.3 12662
51415.2 10435.8
64080.1 12665
65568.3 14153.1
78236.2 14156.1
80469.4 14901.2
93137.4 14901.2
94627.5 16391.3
96860.7 16391.3
105803 12666
108039 13411
109530 14902.2
111017 14156.1
121450 11919.9
122194 12664
122938 11920.9
134861 13411
135605 13411
147527 12666
148271 12666
161683 14156.1
162429 14158.1
163916 15645.2
175090 13407
175839 13410
176585 12669
177330 13414
187016 10430.8
187760 11174.9
189248 11917.9
199681 12665
200426 12666
201171 11922.9
201914 12666
212347 12666
213835 13409
214583 13412
215325 13411
216815 14901.2
227989 15642.2
228734 14899.2
229484 14901.2
230229 14904.2
231716 14901.2
242149 12665
242894 12665
244382 12666
255556 13407
256305 13411
258539 14157.1
260029 15647.2
268967 13411
269716 13411
271949 13410
281638 11921.9
282382 12666
283125 11175.9
292813 11174.9
293558 11175.9
294301 11175.9
295794 12669
305479 12666
306224 12666
315910 10430.8
316655 11175.9
318143 11918.9
326341 10430.8
327086 10430.8
328574 10430.8
330064 11920.9
339008 12667
339753 12667
341240 12666
350928 11175.9
351669 11915.9
352416 11175.9
359124 8195.64
359864 7448.58
365830 6705.52
367317 7452.58
371045 5215.41
371790 5960.46
372532 5215.41
373277 2232.17
374022 2232.17
374767 2977.23
375512 2980.23
376257 2980.23
377003 2980.23
377748 2980.23
378493 2980.23
379238 3725.29
379986 3728.29
