487 0
1087 0
1487 0
1967 0
2686 0
3162 0
3887 0
4367 0
4967 0
5686 0
6287 0
6767 0
7487 0
8087 0
8682 0
9166 0
9887 0
10487 0
10967 0
11682 0
12287 0
12767 0
13367 0
13967 0
14567 0
15166 0
15767 0
16246 0
16847 0
17682 0
18407 0
18887 0
19607 0
20202 0
21166 0
21642 0
22247 0
22722 0
23447 0
24047 0
24407 0
25007 0
25487 0
26087 0
26567 0
27166 0
27887 0
28726 0
29202 0
29927 0
30407 0
31126 0
31487 0
32447 0
32927 0
33527 0
34007 0
34967 0
35807 0
36287 0
36767 0
37487 0
37847 0
38447 0
39527 0
39887 0
40367 0
40967 0
41327 0
41807 0
42287 0
43367 0
43722 0
44327 0
44682 0
45287 0
45646 0
46487 0
46967 0
47567 0
47927 0
48407 0
49007 0
49487 0
