2241.32 2241.32
6709.67 4468.35
8199.79 5958.46
14906.3 8196.64
16394.4 9684.75
28317.4 13411
31296.6 14902.2
40979.3 12662
50669.1 9689.75
52157.2 11177.9
61100.9 10431.8
62588 10430.8
73766.9 12666
75257 14156.1
76000.1 13412
88666.1 13409
89411.1 13411
101332 12666
102077 12666
102821 13410
116979 15647.2
117723 15646.2
118467 15646.2
119212 16391.3
132625 15646.2
133370 15646.2
134115 15647.2
134862 15649.2
146783 12668
147526 12664
149018 14156.1
158703 11919.9
160191 11172.9
169878 11175.9
171367 11175.9
183288 13410
184033 14155.1
185523 14156.1
198935 15646.2
199680 15646.2
200427 16393.3
201172 15649.2
210856 10428.8
211601 11173.9
213090 11917.9
221287 10431.8
222031 10430.8
223521 10430.8
225010 11919.9
233952 12665
234697 12666
236187 12666
238421 13411
239166 14156.1
249599 15646.2
250344 15646.2
251833 15646.2
254071 15650.2
255561 16395.3
263755 14156.1
264500 14901.2
273440 9685.75
274186 9685.75
274930 10429.8
286852 13411
287597 14156.1
288341 14155.1
289086 14156.1
303243 16391.3
303988 16391.3
304733 16392.3
305477 17136.3
319636 15648.2
328575 8938.7
339751 11175.9
341240 12665
350181 10430.8
350926 9686.75
353907 3725.29
354652 4470.35
356141 5214.41
359122 5215.41
359867 5215.41
361356 6704.52
362102 5961.46
365828 6705.52
366573 6705.52
368062 6705.52
368810 6707.52
370297 8194.64
373280 7452.58
374025 7452.58
374767 6705.52
375512 6702.52
376257 5960.46
377003 6705.52
377751 4470.35
378496 4470.35
379241 4473.35
379986 4473.35
