3424.38 2955.38
10877 7452.58
12365.1 8939.7
23544.9 12668
26524.2 14159.1
34715.8 11170.9
36955 10430.8
37700.1 11174.9
45895.7 11179.9
48875.9 11920.9
49622 11921.9
50365 12664
60797.9 14902.2
63031 14155.1
63777.1 14155.1
64521.1 14156.1
74208.9 13411
75697 14898.2
77187.1 14156.1
77933.2 14156.1
78677.2 14156.1
87614.9 13406
89110.1 13413
89854.1 14156.1
91343.2 14156.1
100281 11170.9
101026 11914.9
101774 11919.9
102519 11175.9
113692 13411
114441 13415
115187 13413
115930 14155.1
127848 13407
128593 13406
129341 13411
141263 13415
142009 13416
142754 14160.1
143499 14158.1
156910 14156.1
157654 14899.2
159144 15644.2
172556 15645.2
173301 15646.2
174790 15646.2
185967 13411
186713 14156.1
197142 11175.9
197888 11919.9
198632 11918.9
208319 11176.9
209063 11175.9
209807 11175.9
219490 11170.9
220235 11914.9
220983 11919.9
222473 12666
232905 13415
233650 13415
234396 14160.1
235141 14158.1
236630 14156.1
250043 15646.2
250783 15641.2
252276 15646.2
263449 12666
264194 11917.9
274629 11179.9
275370 11175.9
276120 11924.9
289531 14161.1
290271 14151.1
302196 12665
302941 12670
304430 14158.1
314862 11920.9
316351 11920.9
328269 13407
329762 13411
330506 14154.1
340190 11920.9
341683 11920.9
342427 11920.9
343172 12665
348390 8200.64
349878 8195.64
351368 8941.7
352113 8940.7
357330 8939.7
358820 10428.8
359563 9684.75
361054 9685.75
362544 10431.8
367016 9685.75
369251 10430.8
369997 11175.9
370742 11178.9
372232 11177.9
372977 10432.8
