487 487
1087 587
1487 487
1967 467
2686 686
3162 662
3887 887
4367 867
4967 967
5686 1186
6287 1287
6767 1267
7487 1487
8087 1587
8682 1682
9162 1662
9767 1767
10247 1747
10847 1847
11327 1827
12047 2047
12407 1907
13126 2126
13726 2226
14327 2327
14927 2427
15407 2407
16007 2507
16607 2607
17206 2706
17682 2682
18407 2907
19487 2987
19847 2847
20567 3067
21162 3162
21767 3267
22247 3247
22847 3347
23203 3203
23807 3307
24162 3162
24646 3146
25367 3367
25726 3226
26447 3447
26807 3307
27407 3407
27767 3267
28367 3367
28847 3347
29447 3447
30047 3547
30527 3527
31007 3507
31487 3487
32202 3702
32682 3682
33162 3662
33767 3767
34367 3867
34847 3847
35203 3703
36162 3662
36642 3642
37247 3747
37722 3722
38203 3703
38807 3807
39163 3663
40126 3626
40607 3607
41206 3706
41682 3682
42047 3547
42767 3767
43126 3626
44087 3587
44567 3567
45287 3787
45642 3642
46007 3507
46607 3607
46967 3467
47927 3427
48407 3407
49007 3507
49487 3487
49847 3347
