8573.69 4573.69
13147.4 4573.69
17721.1 4573.69
22294.8 4573.69
22678.2 4957.16
26868.5 4573.69
27255.9 4577.69
31442.2 4573.69
31833.6 4577.69
36015.9 4573.69
36399.3 4957.16
36780.8 4947.16
40589.6 4573.69
40977 4577.69
41358.5 4577.69
45163.3 4573.69
45554.7 4577.69
45936.2 4577.69
49736.9 4573.69
50132.4 4577.69
50513.9 4959.16
50895.4 4959.16
54310.6 4573.69
54708.1 4575.69
55091.6 4577.69
55473.1 4577.69
58884.3 4573.69
59283.8 4575.69
59669.3 4577.69
60050.7 4577.69
63458 4573.69
63857.5 4573.69
64245 4575.69
64626.4 4957.16
65007.9 4957.16
68031.7 4573.69
68431.2 4573.69
68818.7 4573.69
69202.1 4575.69
69585.6 4577.69
72605.4 4573.69
73004.9 4573.69
73392.4 4573.69
73777.8 4575.69
74163.3 4577.69
77179.1 4573.69
77578.6 4573.69
77966.1 4573.69
78349.5 4957.16
78731 4953.16
79112.5 4949.16
81753.8 4574.69
82152.3 4573.69
82539.7 4573.69
82923.2 4573.69
83304.7 4573.69
83688.2 4575.69
86328.5 4574.69
86728 4575.69
87113.4 4573.69
87496.9 4573.69
87878.4 4573.69
88263.9 4575.69
90934.1 4605.64
91313.6 4585.64
91695.1 4581.64
92076.6 4579.64
92458 4579.64
92839.5 4575.64
95509.8 4575.69
95889.3 4575.69
96270.8 4575.69
96652.2 4575.69
97033.7 4575.69
97415.2 4575.69
100086 4575.69
100465 4575.69
100846 4575.69
101228 4575.69
101609 4575.69
101991 4575.69
105041 4955.16
105422 4957.16
105804 4957.16
106185 4957.16
106567 4957.16
106948 4957.16
109618 4577.64
110000 4577.64
110381 4577.64
110763 4577.64
111144 4577.64
111526 4577.64
114196 4577.64
114577 4577.64
114959 4577.64
115340 4577.64
115722 4577.64
116103 4577.64
118774 4577.64
119155 4577.64
119537 4577.64
119918 4577.64
120299 4577.64
120681 4577.64
123351 4577.64
123733 4577.64
124114 4577.64
124496 4577.64
124877 4577.64
125259 4577.64
127929 4577.64
128310 4577.64
128692 4577.64
129073 4577.64
129455 4577.64
129836 4577.64
132507 4577.64
132888 4577.64
133269 4577.64
133651 4577.64
134032 4577.64
134414 4577.64
137084 4577.64
137466 4577.64
137847 4577.64
138229 4577.64
138610 4577.64
138992 4577.64
141662 4577.64
142043 4577.64
142425 4577.64
142806 4577.64
143188 4577.64
143569 4577.64
146239 4577.64
146621 4577.64
147002 4577.64
147384 4577.64
147765 4577.64
148147 4577.64
150817 4577.64
151199 4577.64
151580 4577.64
151961 4577.64
152343 4577.64
152724 4577.64
155395 4577.64
155776 4577.64
156158 4577.64
156539 4577.64
156921 4577.64
157302 4577.64
159972 4577.64
160354 4577.64
160735 4577.64
161117 4577.64
161498 4577.64
161880 4577.64
164550 4577.64
164931 4577.64
165313 4577.64
165694 4577.64
166076 4577.64
166457 4577.64
169128 4577.64
169509 4577.64
169891 4577.64
170272 4577.64
170653 4577.64
171035 4577.64
173705 4577.64
174087 4577.64
174468 4577.64
174850 4577.64
175231 4577.64
175613 4577.64
178283 4577.64
178664 4577.64
179046 4577.64
179427 4577.64
179809 4577.64
180190 4577.64
182861 4577.64
183242 4577.64
183623 4577.64
184005 4577.64
184386 4577.64
184768 4577.64
187438 4577.64
187820 4577.64
188201 4577.64
188583 4577.64
188964 4577.64
189346 4577.64
192016 4577.64
192397 4577.64
192779 4577.64
193160 4577.64
193542 4577.64
193923 4577.64
196593 4577.64
196975 4577.64
197356 4577.64
197738 4577.64
198119 4577.64
198501 4577.64
201171 4577.64
201553 4577.64
201934 4577.64
202315 4577.64
202697 4577.64
203078 4577.64
205749 4577.64
206130 4577.64
206512 4577.64
206893 4577.64
207275 4577.64
207656 4577.64
210326 4577.64
210708 4577.64
211089 4577.64
211471 4577.64
211852 4577.64
212234 4577.64
214904 4577.64
215285 4577.64
215667 4577.64
216048 4577.64
216430 4577.64
216811 4577.64
219482 4577.64
219863 4577.64
220245 4577.64
220626 4577.64
221007 4577.64
221389 4577.64
224059 4577.64
224441 4577.64
224822 4577.64
225204 4577.64
225585 4577.64
225967 4577.64
228637 4577.64
229018 4577.64
229400 4577.64
229781 4577.64
230163 4577.64
230544 4577.64
233215 4577.64
233596 4577.64
233977 4577.64
234359 4577.64
234740 4577.64
235122 4577.64
237792 4577.64
238174 4577.64
238555 4577.64
238937 4577.64
239318 4577.64
239700 4577.64
242370 4577.64
242751 4577.64
243133 4577.64
243514 4577.64
243896 4577.64
244277 4577.64
246947 4577.64
247329 4577.64
247710 4577.64
248092 4577.64
248473 4577.64
248855 4577.64
251525 4577.64
251907 4577.64
252288 4577.64
252669 4577.64
253051 4577.64
253432 4577.64
256103 4577.64
256484 4577.64
256866 4577.64
257247 4577.64
257629 4577.64
258010 4577.64
260680 4577.64
261062 4577.64
261443 4577.64
261825 4577.64
262206 4577.64
262588 4577.64
265258 4577.64
265639 4577.64
266021 4577.64
266402 4577.64
266784 4577.64
267165 4577.64
269836 4577.64
270217 4577.64
270599 4577.64
270980 4577.64
271361 4577.64
271743 4577.64
274413 4577.64
274795 4577.64
275176 4577.64
275558 4577.64
275939 4577.64
276321 4577.64
278991 4577.64
279372 4577.64
279754 4577.64
280135 4577.64
280517 4577.64
280898 4577.64
283569 4577.64
283950 4577.64
284331 4577.64
284713 4577.64
285094 4577.64
285476 4577.64
288146 4577.64
288528 4577.64
288909 4577.64
289291 4577.64
289672 4577.64
290054 4577.64
292724 4577.64
293105 4577.64
293487 4577.64
293868 4577.64
294250 4577.64
294631 4577.64
297301 4577.64
297683 4577.64
298064 4577.64
298446 4577.64
298827 4577.64
299209 4577.64
