4473.5 4473.5
10433 5959.46
12667.1 8193.64
21608.8 11175.9
23097.9 12665
25338.1 12671
26828.2 14161.1
35763.9 14155.1
37259.1 15650.2
40239.3 13411
48429.9 8190.64
59605.8 11175.9
61099.9 12670
73762.9 14157.1
75256 14156.1
84938.8 11175.9
85683.8 11920.9
87176.9 11920.9
96114.6 11175.9
96859.7 11175.9
97607.8 11923.9
99097.9 11920.9
110271 14156.1
111016 14156.1
111764 14156.1
113254 14156.1
114744 15646.2
125918 15647.2
126662 15646.2
127410 15646.2
128900 15646.2
131136 16392.3
131881 17137.3
140074 14156.1
140819 14157.1
141566 14156.1
151249 11174.9
151995 11920.9
152742 11922.9
153487 11920.9
165405 14156.1
166150 14155.1
166896 14154.1
167644 14157.1
168389 14902.2
180306 12662
181051 13407
182544 14155.1
193718 13412
194462 13411
195955 13411
197446 14901.2
206384 12666
207128 12666
207873 11917.9
209366 11920.9
210857 13411
220539 12666
222032 12666
222779 11921.9
232464 11924.9
233953 11920.9
234694 11915.9
236189 13410
243636 11171.9
245130 11176.9
246619 11924.9
254067 8936.7
254811 9680.75
256305 9685.75
265988 11920.9
266732 11920.9
268226 11920.9
269716 13411
281634 15646.2
282378 15646.2
283872 15646.2
285362 15646.2
286108 16392.3
297284 15650.2
298029 15651.2
299518 15646.2
300264 14901.2
301009 14900.2
309200 11915.9
309945 12661
311439 13410
312930 13411
313676 13412
314420 13411
323356 14156.1
324101 14156.1
324846 14901.2
325596 14156.1
326341 13411
327087 13411
327832 13412
336767 13411
338263 14161.1
339008 14161.1
