2236.17 0
6706.52 0
8196.64 0
14902.2 0
16392.3 0
17882.4 2
28313.2 2
29803.3 3
31293.4 3
41724.3 3
42469.3 3
52900.1 3
54390.2 3
65566.1 3
67056.2 3
68546.3 3
77487 3
78977.2 3
79722.2 3
90898.1 3
91643.1 3
93133.3 3
103564 3
105054 3
114740 3
115485 3
116230 3
128896 3
129641 3
130386 3
131876 3
144542 3
145287 3
146032 3
147522 3
159443 3
160188 3
160934 3
162424 3
163169 3
173600 3
174345 3
175090 3
176580 3
177325 3
178070 3
189246 3
189991 3
190736 3
192226 3
192971 3
193716 3
194461 3
205637 3
206382 3
207127 3
207872 3
208617 3
209362 3
220538 3
221283 3
222028 3
222773 3
224263 3
235439 3
236184 3
236929 3
237675 3
251086 3
251831 3
262261 3
263006 3
264497 3
275672 3
276418 3
277908 3
279398 3
292064 3
292809 3
293554 3
294299 3
295044 3
306965 3
307710 3
308455 3
309200 3
309945 3
323356 3
324101 3
324846 3
325591 3
336767 3
337512 3
338257 3
339747 3
347943 3
348688 3
349433 3
350923 3
351668 3
359119 3
359864 3
