3728.44 19.9831
9687.9 12.5021
11177 20.0054
20863.8 13.3333
22353.9 17.6471
23843 17.6471
24592.1 22.2156
34278.8 22.2156
36514 23.8034
39494.2 14.999
46195.7 15.391
46940.8 20.0107
55881.5 15.3846
56626.6 15.3846
66312.3 14.2857
67057.4 20
68546.5 18.7516
79723.4 16.6667
80468.4 16.6667
81957.5 20.0013
82706.6 21.0467
96859.7 17.3913
97604.8 17.3913
99093.9 17.3913
99843.9 17.3903
100589 20.8322
113251 22.7273
113996 22.7273
114741 23.808
115485 23.8171
116230 23.8171
116975 27.281
126662 33.3333
128156 31.57
128901 31.57
129641 31.5789
140822 17.6471
141567 22.2222
142307 22.2305
143797 21.0526
152739 25.0084
153488 25
154233 24.9895
155718 27.7778
157213 27.7674
164660 31.25
165405 31.2605
166149 31.2631
175836 20
176581 20
177326 19.9982
187012 20
188501 18.7516
189247 23.5294
190736 22.2239
200423 22.2222
202658 21.0511
203403 21.0526
204892 23.811
205641 24.9933
217559 21.7391
219798 21.7341
220543 21.7341
222033 21.7328
222778 21.7391
223519 25.0056
231715 23.0865
232463 28.5742
233208 28.5714
234694 26.6667
241401 30.7692
242895 28.5687
243639 28.5714
245125 31.2605
254815 18.7516
255560 18.75
257046 18.75
267481 17.6471
268226 17.6471
269712 21.0586
271207 21.0452
281634 21.0571
282382 21.0526
283868 21.0526
284617 24.9933
286853 23.811
298025 22.7273
298773 22.7273
300260 22.7273
301009 22.7273
302495 23.8156
303244 27.2727
314417 27.2727
315165 27.2727
316656 27.2644
317400 27.2727
318891 27.2644
319635 27.2727
320381 30.433
331553 30.4348
