3742.29 0
8212.64 0
11192.9 0
13428 0
22368.7 1
23858.9 1
24603.9 1
28329.2 1
35034.7 1
37269.9 1
38015 1
43230.4 1
46210.6 1
46955.7 1
47700.7 1
52916.1 1
56641.4 1
58131.5 1
58876.6 1
65582.1 1
67072.2 1
70052.5 1
72287.6 1
73032.7 1
80483.3 1
81228.3 1
81973.4 1
82718.4 1
84953.6 1
86443.7 1
94639.4 1
96129.5 1
98364.7 1
105815 1
107305 1
108795 1
111031 1
118481 1
119971 1
121461 1
123697 1
125932 1
131892 1
134127 1
136363 1
142323 1
144558 1
145303 1
146793 1
153499 1
156479 1
157224 1
158714 1
159459 1
169145 1
170635 1
171380 1
181811 1
184046 1
184791 1
185536 1
195222 1
198202 1
207888 1
209378 1
210123 1
221299 1
223534 1
225025 1
226515 1
235455 1
236945 1
238436 1
239926 1
240671 1
247376 1
249611 1
251847 1
252592 1
261532 1
263022 1
263768 1
274198 1
275688 1
276434 1
277924 1
288354 1
290590 1
299530 1
301766 1
302511 1
308471 1
311451 1
312196 1
318902 1
320392 1
323372 1
324862 1
331568 1
335293 1
340509 1
344234 1
345724 1
