3742.29 0
8212.64 0
11192.9 0
13428 0
22368.7 1
23858.9 1
24603.9 1
28329.2 1
35779.8 1
38015 1
38760 1
46955.7 1
49935.9 1
50680.9 1
52171.1 1
58131.5 1
61111.8 1
61856.8 1
63346.9 1
70797.5 1
71542.6 1
74522.8 1
75267.9 1
76758 1
86443.7 1
90914.1 1
91659.1 1
100600 1
111776 1
113266 1
126677 1
127422 1
142323 1
143068 1
155734 1
156479 1
157224 1
167655 1
169145 1
169890 1
170635 1
179576 1
181066 1
181811 1
182556 1
184046 1
193732 1
195967 1
196712 1
197457 1
198948 1
199693 1
210123 1
213104 1
213849 1
214594 1
216084 1
216829 1
217574 1
225025 1
227260 1
228005 1
228750 1
235455 1
237691 1
239181 1
239926 1
246631 1
248121 1
249611 1
251847 1
252592 1
259297 1
260787 1
262277 1
263022 1
265258 1
271963 1
272708 1
274198 1
275688 1
283139 1
283884 1
285374 1
287609 1
288354 1
295060 1
295805 1
297295 1
299530 1
300275 1
301766 1
307726 1
308471 1
309961 1
312196 1
312941 1
314432 1
321137 1
322627 1
324117 1
324862 1
327097 1
