2980.38 2980.38
10435 7454.58
11923.1 8942.7
23101.9 12667
25335.1 13412
34276.8 11174.9
42471.5 8194.64
43960.6 9683.75
54393.4 11921.9
55884.5 11923.9
67804.4 11919.9
69292.5 13408
79724.4 11919.9
81215.5 11922.9
90901.2 11176.9
93136.4 13412
93880.5 12665
105058 14157.1
108038 14901.2
108782 15645.2
109526 15645.2
120704 15645.2
123685 15647.2
124428 15646.2
125172 15646.2
125920 16394.3
135605 14901.2
138586 14901.2
139329 13409
149017 13412
151995 13409
152740 13411
160933 11915.9
163916 11920.9
164661 12666
165405 12665
172854 11920.9
176582 12666
177327 12666
178074 13413
178816 13411
189995 12668
190738 12664
191482 12666
200421 10425.8
201169 10430.8
201913 11174.9
203403 11920.9
212342 11920.9
213090 11920.9
213834 11920.9
214579 12666
216069 12666
226498 14156.1
227246 14156.1
227990 14156.1
228735 14156.1
230228 14159.1
230969 14900.2
240659 14161.1
241402 14156.1
243639 12670
244384 13415
252575 11915.9
253320 11917.9
254067 10427.8
254812 10427.8
265989 13414
266734 14159.1
267478 12666
279400 13411
280142 13408
280887 13409
292811 13411
294300 14900.2
306224 13413
307711 14900.2
318143 11918.9
318888 11176.9
330806 11917.9
331551 12663
344967 14161.1
345712 14161.1
359123 14156.1
359866 14899.2
361355 15643.2
371044 11920.9
371787 11920.9
372531 12665
373276 11920.9
378495 7450.58
379240 7452.58
379982 7450.58
380727 7450.58
381472 8195.64
382217 3722.29
382962 3722.29
383710 3728.29
384455 3728.29
385200 3728.29
