111.759 0
785.46 1500
897.219 0
1678.53 1500
1790.29 0
2016.81 1500
2128.56 0
3466.67 1500
3578.43 0
6376.4 1500
6488.15 0
8048.78 1500
8160.53 0
9725.16 0
11405.5 1500
11517.3 0
12520.1 1500
12631.9 0
14087.7 1500
14199.5 0
15424.9 0
15536.6 0
16993.5 1500
17105.2 0
18554.1 0
18665.9 0
20118.7 1500
20230.5 0
21240.3 0
21462.8 0
22465.6 0
22692.2 1500
22803.9 0
23918.5 0
24257.8 3000
24369.5 1500
24481.3 0
25706.7 0
26153.7 0
26265.4 0
28504.6 0
28616.4 1500
28728.1 0
30065.2 0
30177 0
30403.5 0
31857.4 0
31969.1 0
33086.7 0
33198.5 0
34759.1 1500
34870.9 1500
34982.6 0
36774.8 0
36886.5 0
39117.7 0
39229.5 1500
39341.2 0
40905.8 0
41017.6 0
41129.4 1500
41241.1 0
42470.5 0
42694 0
42805.7 0
42920.5 0
44374.4 1500
44486.1 0
44705.6 0
44817.4 0
44932.2 0
45823.2 3000
45935 1500
46046.7 0
47498.6 1500
47610.4 1500
47722.1 1500
47833.9 0
49175 0
49286.7 0
49402.5 1500
49514.3 1500
49626 0
