228.666 0
783.46 0
895.219 0
1789.29 0
2015.81 0
2128.56 0
2351.08 0
3917.7 0
4029.46 0
4364.74 0
4476.5 0
4588.26 0
4811.77 0
5035.29 0
5258.81 0
6711.67 0
6818.43 0
7270.47 0
8163.53 0
8275.29 0
8386.05 0
8720.33 0
8946.85 0
10064.4 0
10176.2 0
10286 0
11516.3 0
11624.1 0
11735.8 0
12745.6 0
12968.2 0
14198.5 0
14418 0
15651.4 0
15873.9 0
15982.6 0
17104.2 0
17326.7 0
17440.5 0
17552.3 0
18780.6 0
19111.9 0
19223.6 0
20230.5 0
21463.8 0
22693.2 0
22914.7 0
24368.5 0
24592.1 0
26268.4 0
26491 0
26714.5 0
28615.4 0
28727.1 0
28838.9 0
28949.7 0
30177 0
30404.5 0
30515.3 0
31968.1 0
32079.9 0
33197.5 0
33309.2 0
33420 0
34870.9 0
34985.6 0
35096.4 0
35208.1 0
36885.5 0
36997.3 0
37108 0
37219.8 0
37331.6 0
39232.5 0
39344.2 0
39455 0
39566.7 0
39678.5 0
41132.4 0
41244.1 0
41355.9 0
41468.6 0
41578.4 0
42920.5 0
43032.3 0
43143 0
43254.8 0
44932.2 0
45043.9 0
46497.8 0
46609.5 0
46719.3 0
47946.6 0
48058.4 0
48172.2 0
49737.8 0
49850.5 0
49960.3 0
