111.759 0
340.425 1500
452.184 0
895.219 1500
1006.98 3000
1118.74 1500
1230.49 0
1901.05 1500
2012.81 0
2127.56 1500
2239.32 3000
2351.08 1500
2462.84 3000
2574.6 1500
2686.36 0
4029.46 0
4141.22 0
5370.57 0
6823.43 3000
6935.19 1500
7046.95 0
7382.22 1500
7493.98 0
8275.29 0
8387.05 1500
8498.81 0
10176.2 0
10288 1500
10399.7 0
11628.1 0
11847.6 0
12857.4 0
13079.9 0
14310.3 1500
14422 1500
14533.8 0
15763.1 0
15985.6 3000
16097.4 1500
16209.2 0
17216 0
17664 1500
17775.8 0
18892.4 0
20342.2 0
21575.6 1500
21687.3 0
22804.9 0
23026.4 0
24480.3 1500
24592.1 0
24703.8 0
26380.2 0
26602.7 1500
26714.5 0
26826.2 0
28727.1 0
28838.9 0
28950.7 0
30516.3 1500
30628 0
32079.9 1500
32191.7 1500
32303.4 0
33309.2 0
33421 3000
33532.8 1500
33644.5 0
34982.6 0
35097.4 1500
35209.1 3000
35320.9 1500
35432.7 0
36997.3 0
37109 1500
37220.8 1500
37332.6 1500
37444.3 0
39344.2 1500
39456 3000
39567.7 3000
39679.5 1500
39791.2 0
41467.6 1500
41579.4 3000
41691.1 1500
41802.9 0
43032.3 0
43144 0
45043.9 0
45155.7 1500
45267.4 0
46609.5 0
46721.3 1500
46833 0
48058.4 1500
48170.2 1500
48281.9 1500
48393.7 0
49849.5 0
