724 724
1726 726
2202 702
2927 927
3407 907
4126 1126
4607 1107
5202 1202
5927 1427
6527 1527
7007 1507
7726 1726
8327 1827
8927 1927
9407 1907
10126 2126
10607 2107
11087 2087
11567 2067
12047 2047
12767 2267
13247 2247
13967 2467
14567 2567
15047 2547
15767 2767
16247 2747
16847 2847
17447 2947
17927 2927
18407 2907
18887 2887
19367 2867
20087 3087
20567 3067
21047 3047
21407 2907
21887 2887
22487 2987
23447 2947
23927 2927
24407 2907
25126 3126
25607 3107
26683 3183
27287 3287
27767 3267
28607 3107
29087 3087
30047 3047
30642 3142
31126 3126
31847 3347
32202 3202
32807 3307
33767 3267
34367 3367
34722 3222
35447 3447
35807 3307
36287 3287
37246 3246
37847 3347
38447 3447
38927 3427
39407 3407
40007 3507
40487 3487
41087 3587
41807 3807
42287 3787
43007 4007
43487 3987
44567 4067
45287 4287
45767 4267
46487 4487
46967 4467
48047 4547
49367 4367
49847 4347
