607 607
1607 607
2087 587
2807 807
3287 787
4007 1007
4487 987
5087 1087
5807 1307
6407 1407
6887 1387
7607 1607
8202 1702
8686 1686
9287 1787
9887 1887
10367 1867
11087 2087
11682 2182
12287 2287
12767 2267
13367 2367
13847 2347
14447 2447
14927 2427
15407 2407
16007 2507
16607 2607
17206 2706
17567 2567
18047 2547
18527 2527
19246 2746
19722 2722
20327 2827
20807 2807
21287 2787
21767 2767
22487 2987
22847 2847
23447 2947
23927 2927
24407 2907
24887 2887
25487 2987
25967 2967
26567 3067
27047 3047
27527 3027
28007 3007
28607 3107
29202 3202
29807 3307
30407 3407
31007 3507
31487 3487
31967 3467
32682 3682
33162 3662
33767 3767
34247 3747
34967 3967
35447 3947
35927 3927
37007 4007
37487 3987
38087 4087
38567 4067
39162 4162
39643 4143
40126 4126
41567 4067
42527 4027
43007 4007
43607 4107
43967 3967
44567 4067
45887 3887
46607 3607
47327 3827
47807 3807
48642 3642
49487 3487
