4489.5 19.2746
12687.1 9.08869
14921.3 14.2843
29079.4 9.09035
29823.5 9.99933
39509.2 7.69231
40254.3 14.2857
49195 15.3846
50684.1 14.2871
61115.9 12.5
62605 16.6679
63351.1 17.6457
74527 16.6667
76018.1 16.6642
76762.1 21.0511
87938 12.501
88683.1 17.6485
90172.2 16.6679
102839 15
103584 15
104329 15.7884
105075 19.9973
120721 9.09091
121467 13.0427
122210 13.045
137112 13.6364
137858 13.6364
138603 13.6347
140091 16.6667
152758 10.5271
154247 10.5263
164679 12.5
165424 17.6471
166168 18.75
177345 17.6471
178090 17.6471
178835 17.6457
179579 22.2222
189266 25
190755 23.5313
191501 23.5294
192245 23.5294
192990 27.7778
201933 29.4094
204168 27.7736
204912 27.7778
213109 20
215343 20.0018
216088 20
225025 18.7579
228009 17.6471
228754 22.2222
229499 22.2222
239926 20
242165 21.0526
243654 20.0013
244401 23.808
245144 23.811
251102 33.3333
254087 31.2474
254831 33.3304
255575 33.3393
265258 20.009
266007 20
266751 20
278673 16.6617
279418 16.6667
280162 21.0541
280907 21.0526
292829 21.0526
293574 21.0526
294318 21.0526
295063 25
295808 25
306985 26.3158
307730 26.3158
308475 26.3139
309219 26.3158
309966 26.3121
310711 29.996
321137 31.5879
322630 30.002
323376 17.6485
324120 22.2255
333803 23.5294
336043 22.2189
336788 22.2206
337533 22.2189
346474 23.5201
347214 27.7778
347959 21.4388
356160 23.0769
357648 21.4224
358393 21.4224
365846 23.0769
366591 28.5714
367334 30.7692
368079 30.7692
373296 40
374041 40
