4172.44 3498.44
13110.1 8937.7
14604.7 10431.2
28013.3 14903.2
30995.5 16390.8
39189.2 8193.64
40677.3 9680.75
49619 10429.8
51108.1 10430.8
61539.9 11920.9
62285 12665
63033 11924.9
72715.8 10430.8
73460.8 10427.8
83894.7 11178.9
84636.7 11175.9
85380.8 11918.9
95067.5 11172.9
95812.6 11175.9
96560.6 11179.9
98046.8 12665
106989 10428.8
107734 11171.9
109223 11175.9
119654 12665
120399 12666
121144 11920.9
121889 12665
133065 13411
133811 13411
144241 11175.9
144986 11175.9
145730 11918.9
155417 11175.9
156165 11178.9
156910 11179.9
165849 10431.8
166594 11175.9
167337 11171.9
168082 11171.9
177770 11920.9
178514 11919.9
179258 12663
180003 12666
180748 12666
188945 11174.9
189690 11175.9
190434 11175.9
200866 11920.9
201611 11920.9
202355 11920.9
215022 14156.1
215767 14156.1
216511 14899.2
217256 14901.2
232158 17136.3
232903 17136.3
233647 17136.3
234396 17884.4
235141 17885.4
248549 16391.3
249295 14153.1
250040 14897.2
258980 10430.8
260469 11174.9
261214 11174.9
270902 11921.9
272390 13409
273884 13415
274627 13412
283568 12666
285802 11175.9
286547 11919.9
296234 12666
299213 13411
299958 13411
311137 14903.2
314860 15646.2
315605 16390.3
326781 11920.9
327526 12665
328270 12665
337956 11175.9
338702 11175.9
339447 11176.9
340195 11923.9
347642 9685.75
349131 8936.7
349877 9681.75
358073 10430.8
360307 11175.9
361053 11175.9
370742 12669
372232 14158.1
374467 14160.1
375212 14159.1
381168 6700.52
381918 6705.52
382663 7449.58
385643 4475.35
