2241.32 33.2419
6709.67 16.6741
8199.79 25.0084
14906.3 18.1796
16394.4 23.0793
28317.4 11.1111
31296.6 9.99933
41729.4 11.1103
43962.6 11.7647
52903.3 8.33333
54392.4 14.2871
64079.1 13.3333
65568.3 13.3333
77487.2 11.1136
78979.3 15.001
79725.4 15.7884
92393.3 14.995
93880.5 15
94628.5 19.044
95370.6 19.0488
106549 21.0526
107293 22.2206
108037 22.2272
108782 22.2222
109527 26.3158
119955 27.7881
120704 27.7778
121449 27.7757
122193 27.7778
122938 27.7778
124428 30
132621 35.2941
134117 33.3284
134860 33.3333
135604 33.3333
136349 33.3333
137842 33.3259
139332 34.993
145287 41.1765
146778 41.1927
147526 41.1765
155718 21.4286
157953 20
158702 24.9937
159446 25.0021
169129 22.2222
172115 21.0452
172858 21.0526
173602 21.0526
174347 25
186271 21.7328
188506 22.7273
189251 22.7245
189996 22.7231
190741 22.7231
192231 24.9958
199677 33.3458
200422 18.1929
208617 16.6667
209362 23.0769
210108 23.0769
211600 26.6619
219793 26.6667
221285 24.9958
222030 24.9958
223521 25
233209 22.2139
233954 26.3065
234699 27.7716
235441 27.7778
245870 18.7579
246615 18.7579
247362 18.75
256306 21.4183
257051 21.4183
257793 26.6619
258538 26.6667
268967 23.5387
269712 23.5387
270457 23.5331
271204 27.7778
272694 26.3158
283123 26.3158
284615 24.9966
285363 24.9916
286105 25
287596 25
289830 26.0885
297279 31.5789
299519 29.994
300265 30
301010 29.994
302500 29.994
305480 28.5641
306225 31.8104
313671 31.8182
317396 20.0067
318887 22.2289
319632 22.2289
327082 22.2222
