673.701 16.5888
1566.77 12.514
1905.05 18.1523
3354.91 12.5
3689.19 15.7969
4139.22 15.0067
4250.98 19.0557
6819.43 9.67742
7154.71 8.82353
7493.98 5.87462
7717.5 5.54866
8164.53 2.7764
8276.29 2.7014
8388.05 0
8611.57 0
9948.67 8.35826
10507.5 20
10618.2 33.3831
11513.3 22.2222
11739.8 27.2063
11852.6 27.1623
12075.1 30.6848
12854.4 33.3333
13080.9 33.3333
13192.7 33.3582
13304.4 36.3636
14195.5 33.3333
14419 28.5714
14646.5 28.5532
14758.3 28.5532
14870.1 28.5532
15983.6 25
16429.7 20.0598
16541.4 20.0598
17436.5 23.0769
17994.3 14.2857
18222.8 13.2937
18329.6 18.75
19336.4 11.7647
20007 6.66269
20117.7 12.5
20901 21.4286
21682.3 13.3413
21794.1 6.66667
22689.2 0
23918.5 9.09091
25151.9 9.06143
25374.4 15.3529
26378.2 18.2263
26603.7 18.1818
27942.8 14.2857
28168.3 18.7291
28281.1 19.9881
30066.2 15.7895
30178 16.6833
30291.8 15.7895
30403.5 15.7969
31745.6 13.3095
31857.4 6.65476
32973 9.10572
33083.7 18.2263
34202.3 18.1818
34426.8 23.0611
34650.3 21.4012
35878.7 20
36101.2 20.0239
36326.7 20
36439.5 24.986
38004.1 21.0328
38226.6 21.0328
38336.4 22.2443
38450.1 22.2333
38561.9 26.3282
39902 29.4428
40126.5 29.4118
40236.3 23.5294
40350 17.6471
40462.8 17.6378
41799.9 17.6657
41911.7 22.2443
42138.2 16.6667
43368.5 14.2493
43591 13.3095
43701.8 18.7291
43926.3 18.75
44933.2 21.4286
45154.7 21.4423
45266.4 21.4286
46495.8 16.6667
46607.5 23.0769
46719.3 23.0769
48062.4 21.4012
48284.9 19.9881
48395.7 20
48508.4 24.986
49401.5 25.0373
49627 24.9814
49738.8 24.9628
49850.5 24.9814
49962.3 30.7481
