2241.32 2241.32
6709.67 4468.35
8199.79 5958.46
14906.3 8196.64
16394.4 9684.75
28317.4 13411
31296.6 14902.2
41724.4 13407
51410.2 9685.75
60353.9 8943.7
61843 10432.8
72274.8 11920.9
73761.9 11918.9
86432.9 14158.1
88668.1 16393.3
89411.1 15649.2
97603.8 11170.9
100587 11918.9
101332 12664
102821 13410
109525 11920.9
113253 12666
113998 12666
125919 12666
127408 13410
128898 14900.2
138585 12666
140074 12666
141564 12666
151253 12668
151996 13411
152740 12666
153485 11920.9
166149 14896.2
166897 14901.2
167641 15645.2
168386 15646.2
169879 16394.3
178815 12666
179563 12666
181052 11172.9
191481 12666
192229 12666
193718 12666
201912 10430.8
202657 11175.9
204149 11919.9
204894 11175.9
214583 12671
215328 12671
216818 14161.1
217561 13412
218308 13414
227989 10427.8
228737 11175.9
229481 11172.9
240655 12666
241400 12663
242147 12666
242892 13411
257049 16394.3
257796 16396.3
258538 16391.3
259286 16394.3
260031 17139.3
272695 15646.2
273442 14156.1
274185 14153.1
284616 11920.9
285363 11920.9
286105 11920.9
296534 11917.9
297284 12668
298029 12666
298771 12666
309205 12671
309950 12666
310692 13408
311437 13408
312928 14156.1
320376 11170.9
321121 11170.9
321866 11173.9
322613 11175.9
324103 12666
324847 11919.9
333042 12666
334534 13413
335282 13416
336024 13411
337514 13411
338259 14155.1
339753 14905.2
346458 13416
347203 12669
347945 12663
348690 12666
354650 8191.64
355398 8194.64
356144 8198.64
