605 0
1565 0
2046 0
3365 0
3965 0
4447 0
5047 0
6245 0
6845 0
7447 0
8047 0
8642 0
8887 0
9487 0
10087 0
10567 0
11767 0
12247 0
12847 0
13447 0
14287 0
14767 0
15126 0
16202 0
16567 0
17287 0
17642 0
18126 0
18726 0
19567 0
20047 0
20287 0
21246 0
21722 0
22202 0
22682 0
23162 0
23767 0
24487 0
24847 0
25927 0
26407 0
26767 0
27247 0
27722 0
28327 0
28683 0
29047 0
30126 0
30487 0
30847 0
31447 0
31927 0
32407 0
32642 0
33126 0
33966 0
34206 0
34805 0
35166 0
35642 0
36126 0
36605 0
37444 0
37927 0
38162 0
38887 0
39247 0
39723 0
40087 0
40567 0
41287 0
41767 0
42607 0
43087 0
43567 0
43927 0
44642 0
45126 0
45487 0
45967 0
46327 0
46807 0
47162 0
48126 0
48723 0
48967 0
49927 0
