452.184 452.184
1010.98 510.977
1452.18 452.184
1899.22 399.219
2569.77 569.771
3127.56 627.564
3575.6 575.599
4246.15 746.152
4688.19 688.186
5363.74 863.739
5922.53 922.532
6369.57 869.567
7040.12 1040.12
7487.15 987.154
8156.71 1156.71
8711.5 1211.5
9162.53 1162.53
9834.09 1334.09
10281.1 1281.12
10951.7 1451.67
11510.5 1510.47
11957.5 1457.5
12623.1 1623.05
13075.1 1575.09
13745.6 1745.64
14187.7 1687.68
14634.7 1634.71
15086.7 1586.75
15757.3 1757.3
16199.3 1699.33
16763.1 1763.13
17205.2 1705.16
17880.7 1880.71
18327.7 1827.75
18998.3 1998.3
19445.3 1945.34
20115.9 2115.89
20562.9 2062.92
21116.8 2116.83
21675.5 2175.51
22122.5 2122.55
22681.3 2181.34
23128.4 2128.37
23803.9 2303.93
24251 2250.96
24809.8 2309.75
25256.8 2256.79
25815.6 2315.58
26374.4 2374.38
26821.4 2321.41
27268.4 2268.45
27939 2439
28386 2386.03
29056.6 2556.58
29503.6 2503.62
30062.4 2562.41
30616.8 2616.83
30956.5 2456.48
31738.8 2238.79
32409.3 2409.35
33079.9 2579.9
33526.9 2526.93
34192.5 2692.49
34532.8 2532.76
35091.6 2591.56
35762.1 2262.11
36432.7 2432.66
36879.7 2379.69
37550.2 2550.25
37997.3 2497.28
38666.8 2666.83
39224.6 2724.63
39668.7 2668.66
40116.8 2616.83
40791.2 2791.25
41238.3 2738.28
41680.3 2680.32
42467.6 2967.63
43026.4 3026.42
43473.5 2973.46
44139 3139.01
44591 3091.05
45144.8 3144.84
45596.9 3096.87
46602.7 3102.7
47496.8 2996.77
47832 2832.05
48279.1 2779.08
48723.1 2723.12
49731.9 2731.95
