2235.17 0
6705.52 0
8195.64 0
15646.2 0
16391.3 0
17881.4 2
29057.3 2
29802.3 3
31292.4 3
48428.8 3
49918.9 3
59604.6 3
60349.7 3
71525.6 3
72270.6 3
85681.7 3
86426.7 3
87171.8 3
97602.6 3
98347.7 3
108778 3
109524 3
110269 3
122190 3
122935 3
135601 3
137091 3
137836 3
149012 3
150502 3
151247 3
151992 3
163913 3
165403 3
166148 3
176579 3
177324 3
178814 3
188500 3
189990 3
191480 3
201166 3
201911 3
203401 3
215322 3
216067 3
217557 3
226498 3
227243 3
228733 3
229478 3
239164 3
240654 3
242144 3
242889 3
243634 3
254065 3
255555 3
257045 3
258535 3
259280 3
267476 3
268966 3
271946 3
278652 3
279397 3
280887 3
285357 3
291318 3
292063 3
293553 3
297278 3
298768 3
301003 3
301749 3
303239 3
306964 3
308454 3
309199 3
311434 3
312924 3
314415 3
319630 3
321120 3
321865 3
322610 3
323355 3
331551 3
332296 3
333041 3
333786 3
340492 3
341982 3
342727 3
343472 3
344217 3
352412 3
353903 3
355393 3
356138 3
356883 3
357628 3
