1933.12 0
5658.41 0
8638.64 0
15344.2 1
16834.3 1
17579.3 1
19814.5 2
20559.6 2
28755.2 3
32480.5 3
33225.6 3
39186 3
47381.7 3
48871.8 3
57067.4 3
58557.5 3
69733.4 3
71223.5 3
71968.6 3
86869.7 3
87614.8 3
101026 3
101771 3
102516 3
112202 3
113692 3
124123 3
125613 3
138279 3
139024 3
149455 3
150200 3
161376 3
162121 3
163611 3
177022 3
177767 3
179257 3
180002 3
194158 3
194903 3
196393 3
206079 3
207569 3
208314 3
220235 3
221725 3
222470 3
232901 3
235136 3
236626 3
237371 3
247802 3
248547 3
250037 3
261213 3
261958 3
263448 3
274624 3
275369 3
285055 3
285800 3
297721 3
298466 3
299956 3
311877 3
312622 3
314112 3
314858 3
323798 3
324543 3
326033 3
326778 3
333484 3
334229 3
335719 3
336464 3
343170 3
344660 3
346150 3
349875 3
352110 3
352855 3
353601 3
356581 3
358816 3
359561 3
360306 3
361796 3
364031 3
367012 3
367757 3
368502 3
369992 3
372227 3
373717 3
376697 3
377442 3
378187 3
379678 3
381913 3
383403 3
384148 3
385638 3
