2998.38 2610.38
10450 7451.58
11942.1 8942.7
23113.9 12664
25354.1 13412
35035.9 11921.9
42486.5 7450.58
44725.6 9688.75
52917.3 10430.8
55151.4 10425.8
64093.1 11175.9
65584.3 12666
67817.4 12666
78998.3 14905.2
81233.5 15649.2
81978.5 16393.3
84208.7 16391.3
93150.4 14152.1
95389.6 14156.1
96134.6 14156.1
99113.9 14905.2
100602 16392.3
108801 12666
111780 12666
113268 12666
119972 11171.9
123697 11916.9
125187 11918.9
125936 12667
133384 13411
139343 13407
147540 14156.1
151264 11920.9
152009 12665
160951 13411
165420 14156.1
166165 14156.1
175852 14901.2
176596 15644.2
178831 13411
180323 14158.1
187773 11920.9
188517 11920.9
189264 12667
191497 12666
192992 12669
201184 13411
201928 13411
202678 13414
213850 11921.9
214595 12666
215341 12663
225026 11175.9
225775 10433.8
233970 8944.7
234711 8936.7
244397 10426.8
245142 11170.9
246633 11921.9
257063 12666
257808 12666
258553 13410
260044 13411
268984 11920.9
270474 12666
271219 12666
271965 11920.9
272710 12665
282395 13411
284634 14160.1
285379 14160.1
286121 14156.1
286867 14156.1
287612 14900.2
297300 14905.2
298041 13407
298787 13408
299532 13411
300278 13411
301023 13411
301771 14158.1
311452 14152.1
312197 14156.1
312943 14155.1
313689 14156.1
323373 11175.9
324118 11175.9
324863 11919.9
325613 11923.9
333804 8191.64
334549 8935.7
343490 9685.75
344981 11175.9
345729 11179.9
355411 11920.9
356156 11174.9
356902 11172.9
358395 12665
365842 10430.8
366587 10430.8
