1495.27 49.8278
5216.56 14.2826
5964.61 24.9826
14160.3 10.5232
15650.4 9.52128
27573.3 5.4042
29061.4 5.12747
40979.3 3.63626
42473.5 3.50835
43219.5 5.17168
50669.1 4.41132
53649.3 4.16627
54392.4 4.10935
55883.5 5.33294
64081.1 4.65072
67806.4 4.39521
69294.5 4.30082
78979.3 1.88672
80470.4 2.77763
90158.2 1.65278
91646.3 1.62594
100588 1.48141
101329 1.47057
102074 2.18976
113254 1.97359
114743 1.94798
115490 1.93538
116233 2.56401
129645 2.29876
131881 2.25978
132626 2.24709
133372 2.23453
147527 1.01007
148272 1.50749
149761 1.4925
164663 1.35742
165408 1.35131
166899 1.33924
179564 0.414926
181053 0.823026
193720 0.76921
195209 0.763343
207876 0.716828
219052 0.340128
219795 0.677956
230228 0.647235
230971 0.645152
242149 0.615372
242892 0.920233
243638 0.917416
255560 0.874618
256306 0.872072
257049 1.1594
257794 1.15605
267477 1.1142
268226 1.11109
268970 1.10802
269715 1.10496
270460 1.37739
278658 1.33687
279402 1.33331
280146 1.32977
280891 1.32624
281638 1.32272
282383 1.58308
292064 1.53061
292809 1.52671
293558 0.761408
294302 1.01264
301754 0.987637
303243 0.982788
303989 0.980376
304733 0.977982
312930 0.952365
313675 1.18763
315164 1.18202
315909 1.17923
316654 1.17646
327087 1.13893
327831 1.13635
329320 1.35745
330067 1.35438
330810 1.35133
331557 1.34829
341987 1.30717
342732 1.30433
343477 1.3015
349437 0.639649
350926 0.849247
351673 0.847445
352417 0.845656
358378 0.831589
360613 0.826434
361358 0.824731
362102 1.02879
362847 1.02668
368809 1.01009
371789 1.00199
372534 0.999986
373280 0.997988
