341.425 2
1010.98 3
1232.49 4
2239.32 5
2461.84 6
2685.36 7
2907.88 8
4698.01 8.125
4920.53 1
5147.05 2
5594.08 3
5817.6 4
5929.36 5
7603.74 5.2
7715.5 5.39231
7826.26 5.57776
7938.02 5.75704
8833.09 5.93074
9278.12 6.09935
9391.88 6.26331
9502.64 6.42297
9614.4 6.57866
10509.5 1
11182 2
11293.8 3
11405.5 4
11517.3 4.25
11626.1 4.48529
13079.9 1
13529 2
14642.5 3
14867.1 3.33333
15983.6 3.63333
16208.2 3.90856
16431.7 4.16441
17771.8 4.40454
17996.3 4.63158
18219.8 4.84749
18558.1 5.05378
19559.9 5.25165
19671.7 5.44207
19896.2 5.62582
20346.2 1
21124.5 2
21460.8 3
22353.9 3.33333
22578.4 3.63333
22801.9 3.90856
23695 4.16441
23918.5 4.40454
24257.8 4.63158
25259.6 4.84749
25484.1 5.05378
25706.7 5.25165
25931.2 1
26936 2
27163.5 3
27384 3.33333
27607.6 3.63333
28835.9 3.90856
29059.4 4.16441
29283.9 4.40454
30735.8 4.63158
31071.1 4.84749
31186.8 5.05378
31298.6 5.25165
32975 5.44207
33306.2 5.62582
33418 5.80357
33530.8 1
34761.1 2
35094.4 3
36212 3.33333
36323.7 3.63333
36435.5 3.90856
37776.6 4.16441
38000.1 4.40454
38111.9 4.63158
39341.2 4.84749
39565.7 5.05378
39789.2 5.25165
39901 5.44207
41467.6 1
41576.4 2
41688.1 3
41803.9 3.33333
41915.7 3.63333
43141 3.90856
43252.8 1
43365.5 2
