3054.25 3054.25
9162.76 6108.52
10686.6 7632.39
15270.8 4584.13
15273.8 6111.01
21376.8 6106.01
22903.7 7629.88
25958.4 3054.76
27483.3 12209.5
30535.8 9159.02
32063.7 6105.26
33590.6 7632.14
35112.4 4576.64
39695.6 7631.88
41219.7 13736.4
41220.7 6108.26
42742.6 9152.02
45804.8 6109.26
47323.2 12210.8
47327.7 6107.01
48856.6 6114.01
50370.5 9150.78
53432.2 7627.39
54948.1 7624.9
54959.1 7631.39
56473 7616.41
56483.2 6112.75
64103.4 7620.16
64113.6 10681.4
65638.2 10690.1
67157.6 12209.5
67166.4 10693.4
68681 4567.4
68685.5 13726.4
74785 7618.65
77847.3 13743.9
79373.2 13734.9
80900 13733.7
82418.4 13737.4
82423.2 9204.83
83943.3 15257.8
83955.3 3055.25
85480.2 3061.74
87003.5 4580.38
87009.5 3054.25
88528.4 4585.13
91574.4 6094.28
93111.6 6108.01
94626.2 7622.65
96155.8 9146.29
96166.8 3055.25
97676.7 9148.27
98878.5 3054.25
100731 3054.25
102258 10683.9
103783 4904.68
103788 3057.25
105321 10694.9
109889 6100.77
111418 7629.39
112939 7618.39
112950 10692.1
114467 4578.38
114479 10696.1
119054 7636.39
119057 6118.01
120583 7632.39
122106 9155.27
123636 9168.27
125158 10678.4
128220 9165.76
129734 10676.9
129744 9160.76
131263 9157.27
132790 9154.27
134313 9155.02
134321 10685.6
135839 6104.26
137367 3054.25
137371 9151.27
141952 10688.6
141954 12210
143476 9154.53
143478 10687.9
145001 9162.76
146529 9162.27
148051 6099.77
149580 6102.26
151104 6102.77
151105 13734.2
151111 6110.01
152629 6099.52
155685 13730.9
157207 9156.02
157208 13732.7
157214 6102.52
158733 9153.27
158739 6110.01
161788 4118.31
163320 7635.88
167896 10688.6
169416 12209
169421 12212.5
170939 13725.4
172471 3054.25
172477 3055.76
174003 3063.99
175526 3055.76
179058 3057.25
183155 10678.2
183159 7632.88
184680 10676.4
186205 10678.2
189262 3057.25
190784 8205.47
196896 7634.39
201475 10690.4
202998 6102.01
204530 7633.88
206056 3057.5
212154 15068.6
212159 6103.26
215207 3053.25
219786 15255.8
221310 9150.78
221320 6113.01
222837 10677.7
224366 3056.25
224373 4587.36
225898 4578.38
227422 3056.25
228954 3056.25
230481 3058.99
232011 3056.25
233516 12196.1
235046 12209
236570 12196.3
236572 3055.76
241148 12193.8
242673 12191.8
242683 10671.9
244203 3054.25
244207 9161.74
245734 9162.74
247250 10680.2
247263 10691.6
250306 3056.25
257943 15260.8
259471 15263.8
260994 13730.9
262522 12216
265571 7627.16
265572 6100.28
271681 6109.75
273204 12210
274728 12206
279306 13735.1
279311 7630.14
279314 7633.14
283882 10678.2
285408 10680.2
286939 8771.55
288465 8979.87
288468 8959.14
289996 10227.6
296090 10682.2
297616 10677.4
300680 4589.36
302209 6118.24
305268 3059.25
311348 13731.9
312875 12195.3
314404 9136.55
317461 3056.76
318983 6108.01
320100 3057.25
323554 12206
325081 12206
326610 10729.5
331186 14264.2
335765 12211
338413 7227.1
340341 13730.9
341464 5698.71
342990 7225.1
342992 4579.64
344520 4178.83
347971 6507.32
349498 6507.81
351024 8031.69
353674 5702.71
355198 4174.34
356723 13730.9
356731 3057.25
358248 13728.4
361710 4986.43
362827 13328.6
362834 6102.52
364351 9152.27
364362 6113.5
365877 9154.27
365886 5822.31
367417 3055.25
370465 4587.62
373506 9155.27
373519 3054.25
375032 9145.29
376562 9144.8
376575 3055.25
378086 10668.7
378102 3070.72
379614 6108.01
379628 3066.72
381142 4567.17
382662 6100.52
382665 4579.13
382670 3056.25
384193 4564.17
385719 4577.64
385722 3060.25
387238 9135.31
387244 4579.64
387245 4583.13
388773 6103.03
388776 3056.76
390304 4581.13
390307 3061.25
391828 4590.62
393352 6108.01
394874 10681.2
394878 6105.26
396399 9154.27
396404 7627.88
397925 6097.03
397931 7627.39
397932 3053.5
399459 9152.27
399461 4582.38
400985 7632.39
400988 4589.13
402510 7635.88
402512 4586.13
402515 3054.25
404035 7631.39
404036 6105.52
404043 3058.25
405559 6100.52
405562 7630.14
405568 4580.13
407085 4573.64
407088 6100.26
407093 4583.13
408612 4576.64
408616 6100.77
408619 4582.13
410138 4578.64
410141 6097.77
410144 4582.38
411665 6097.03
411668 4582.64
411671 3059.25
413189 6101.03
413191 6106.26
413198 3053.5
414717 6100.77
414718 7624.9
414725 3056.99
416243 3054.25
416245 7626.65
416250 4579.13
417771 7633.14
417773 3055.5
417778 4586.87
419297 9156.27
419301 4576.15
419304 6106.26
420825 9160.02
420826 4582.64
420829 6112.5
422348 9158.76
422353 4580.38
422356 4584.87
423875 7629.39
423881 3056.25
423882 4585.13
425402 9151.04
425406 3058.25
425410 6109.01
426925 9147.04
426933 6103.52
426937 3055.25
428451 9154.27
428458 4583.87
428464 3054.25
429977 10672.9
429983 6102.26
429990 3057.5
431504 10678.2
431509 6107.75
431520 3055.5
433028 10674.4
433037 7631.14
433044 3054.25
434556 12199.8
434564 9154.02
434572 3068.23
436080 9154.27
436087 7628.65
436099 3071.23
437609 10671.2
437615 7631.39
437623 4586.13
439133 10681.4
439140 7630.39
439149 4593.11
440660 10683.2
440668 9147.78
440674 4574.64
442186 9149.04
442191 9147.04
442201 3060.99
443710 9146.04
443718 9146.04
443727 3066.48
445238 9150.78
445242 9162.51
445251 4583.87
446761 9146.04
446771 9162.51
446778 6104.52
448287 10663.4
448294 9161.51
448303 6111.75
449813 6094.28
449823 10673.9
449829 7628.39
451343 3056.25
451346 10671.9
451356 6117.99
452868 4573.64
452875 10688.4
452883 7640.63
454393 4569.89
454399 10689.4
454409 7637.63
455922 6092.54
455926 12199.5
455934 6120.99
457446 6103.52
457449 12197.8
457460 7647.86
458971 6088.54
458976 12215.3
458984 7638.63
460496 4569.89
460504 13725.7
460513 9157.27
462024 4577.64
462028 13724.9
462037 9169.25
463550 6089.54
463556 9163.02
463563 10688.4
465074 4560.66
465082 10672.9
465088 10688.6
466601 4572.64
466606 10672.2
466615 10693.1
468129 6091.54
468131 10682.2
468143 9171.25
469653 6103.52
469659 10683.2
469666 10694.4
471178 6104.52
471183 12199.1
471192 10696.1
472704 4575.64
472709 10684.9
472719 12215.3
474229 6100.52
474234 10671.2
474244 10688.4
475756 7624.65
475760 10678.2
475770 7627.39
477281 7621.65
477286 12197.5
477297 7643.37
478807 7614.41
478813 12212.8
478824 9158.02
480336 7626.65
480339 13733.7
480348 9169.25
481864 10680.9
483391 10686.9
484918 12198.8
499877 3056.25
