1495.27 2
5216.56 2
5964.61 2.5
14160.3 2
15650.4 2.5
27573.3 2.9
29061.4 3.24483
40239.3 3.55301
41727.4 3.83446
42471.5 4.09525
49179 4.33944
50668.1 4.56988
52158.2 4.78871
52902.3 4.99753
60355.9 5.19763
61844 5.39003
63334.1 5.57555
64824.2 5.75491
73762.9 5.92867
75255 6.09735
75999.1 6.26135
77490.2 6.42106
78980.3 6.5768
87176.9 6.72885
88666.1 6.87746
89410.1 1
90156.2 2
90903.2 3
91648.3 4
100588 4.25
102077 4.48529
102821 4.70824
103566 4.92064
113999 5.12386
115488 5.31903
116978 5.50703
117722 5.68862
130391 5.86441
131135 6.03493
132624 1
134117 1
135607 2
145287 3
146037 3
146781 4
156468 4.25
157212 4.48529
157956 4.70824
158702 4.92064
169878 5.12386
170624 5.31903
171368 5.50703
172113 5.68862
181054 5.86441
181799 6.03493
182543 6.20063
183288 6.36191
184033 6.51909
194466 6.67249
195210 6.82236
195954 6.96893
196699 7.11243
197445 1
198190 2
207873 3
208621 4
209367 4.25
210111 4.48529
210856 4.70824
220539 4.92064
221287 5.12386
222031 5.31903
222777 5.50703
233209 5.68862
233953 5.86441
234697 6.03493
235442 6.20063
236188 6.36191
247365 6.51909
248109 6.67249
248854 6.82236
249599 1
250344 2
251836 3
263753 4
264498 4.25
265245 4.48529
277168 4.70824
277909 4.92064
278656 5.12386
279401 5.31903
289085 5.50703
289830 5.68862
290577 5.86441
291322 6.03493
292812 6.20063
302496 1
303241 2
303990 3
304735 4
