2984.38 2
7454.73 3
8942.85 4
17139.5 2
18628.6 2.5
19377.7 2.9
20122.7 3.24483
32785.7 3.55301
33533.8 3.83446
35019.9 4.09525
43962.6 4.33944
44706.6 4.56988
46195.7 4.78871
48429.9 4.99753
54393.4 5.19763
55137.4 5.39003
56626.6 5.57555
58860.7 5.75491
66314.3 1
67058.4 2
67803.4 3
69296.5 3.33333
72276.8 3.63333
81217.5 3.90856
82703.6 4.16441
85686.8 1
93880.5 2
95373.6 3
96118.6 3.33333
106546 3.63333
107290 3.90856
108781 4.16441
120703 4.40454
121446 4.63158
122937 4.84749
124431 5.05378
138584 5.25165
139327 5.44207
140072 1
141567 2
142311 2
150505 2
151994 3
163174 3.33333
164660 3.63333
166150 3.90856
175092 4.16441
176581 4.40454
178070 4.63158
187758 1
188501 2
189996 3
191482 3
202657 1
204152 1
205642 2
217558 2.5
219053 2.9
229479 3.24483
231715 3.55301
243635 3.83446
245126 4.09525
245874 4.33944
259281 4.56988
260771 4.78871
261521 4.99753
262266 5.19763
270457 5.39003
272692 5.57555
274188 1
274933 2
276423 3
284615 3.33333
287594 3.63333
288339 3.90856
296539 4.16441
301010 4.40454
301754 4.63158
307712 4.84749
309201 5.05378
312930 5.25165
313675 5.44207
316653 5.62582
318142 5.80357
319632 5.97588
324105 6.14322
324850 6.306
328574 6.46458
330063 6.61927
331553 6.77034
337516 6.91805
338262 1
339753 2
342733 3
344223 4
344963 4.25
350182 4.48529
352418 4.70824
353159 4.92064
353909 5.12386
