3728.44 2
9687.9 3
11177 4
20863.8 5
22352.9 2
23843 3
24592.1 3.33333
34278.8 1
35768.9 2
38749.2 2.5
45450.7 2.9
46943.8 3.24483
55884.5 3.55301
58119.7 3.83446
59609.8 4.09525
68547.5 4.33944
70785.7 4.56988
73020.8 4.78871
74507 1
82707.6 2
84941.8 2
87922 3
97604.8 1
101333 2
102819 2.5
114744 2.9
116230 3.24483
128155 3.55301
129645 3.83446
130391 4.09525
141563 4.33944
143057 4.56988
143801 4.78871
144542 4.99753
154977 5.19763
156463 5.39003
157208 5.57555
157953 5.75491
166898 5.92867
167643 1
168384 2
169134 3
169879 3.33333
178075 3.63333
178819 3.90856
179560 4.16441
188502 4.40454
189250 4.63158
189996 4.84749
191481 5.05378
201913 5.25165
202658 5.44207
203402 5.62582
204892 5.80357
205639 5.97588
217559 6.14322
218304 6.306
219048 1
220538 2
221285 3
229480 4
230225 4.25
230969 4.48529
239915 4.70824
240656 4.92064
241400 5.12386
242890 5.31903
251836 5.50703
252577 5.68862
253321 5.86441
254811 6.03493
255558 1
266733 1
267482 2
268227 3
269712 4
270462 4.25
280892 4.48529
281634 4.70824
282378 4.92064
283123 5.12386
292813 5.31903
293558 5.50703
294299 1
295044 1
296539 2
304735 2
305480 3
314421 3.33333
315162 3.63333
316651 3.90856
326342 4.16441
327087 4.40454
328572 4.63158
338262 4.84749
339007 5.05378
340493 5.25165
341241 1
350928 2
351674 3
