607 19
1607 39
2087 40
2807 29
3287 30
4007 35
4487 24
5087 33
5807 27
6407 25
6887 25
7607 29
8202 28
8807 26
9287 26
10007 23
10487 18
11087 22
11567 23
12646 27
13247 26
13722 27
14447 24
14927 24
15642 27
16126 27
16607 27
17327 25
17807 25
18527 27
19007 27
19726 26
20202 26
20807 25
21287 25
21767 25
22487 24
22967 24
23686 22
24287 22
24767 22
25247 22
25722 22
26327 21
26683 22
27767 22
28247 22
28722 22
29202 22
29682 22
30162 22
30527 23
31607 23
32087 23
32567 23
33047 23
33527 23
34007 23
34247 22
35447 20
36047 23
36527 23
37007 23
37487 20
38087 20
39162 19
39642 19
40246 19
40722 19
41202 19
42162 19
43126 19
43607 19
44327 18
44807 18
45407 18
46367 18
47202 19
47682 19
48162 19
48642 19
49246 19
