671.701 1
672.701 2
1673.7 2
1674.7 3
2116.74 3
2117.74 4
2792.29 4
2793.29 5
3351.08 5
3352.08 6
3798.12 6
3799.12 7
4468.67 7
4469.67 8
4915.7 8
4916.7 8.125
5586.26 8.125
5587.26 8.24808
6140.05 8.24808
6141.05 8.36932
6592.08 8.36932
6593.08 8.4888
7262.64 8.4888
7263.64 1
7704.67 1
7705.67 2
8380.22 2
8381.22 3
8939.02 3
8940.02 4
9386.05 4
9387.05 5
10056.6 5
10057.6 1
10503.6 1
10504.6 2
11169.2 2
11170.2 3
11733 3
11734 3.33333
12175 3.33333
12176 3.63333
12850.6 3.63333
12851.6 3.90856
13297.6 3.90856
13298.6 4.16441
13968.2 4.16441
13969.2 4.40454
14415.2 4.40454
14416.2 4.63158
14862.2 4.63158
14863.2 4.84749
15309.3 4.84749
15310.3 5.05378
15979.8 5.05378
15980.8 5.25165
16426.9 5.25165
16427.9 5.44207
16985.6 5.44207
16986.6 5.62582
17432.7 5.62582
17433.7 5.80357
18103.2 5.80357
18104.2 1
19215.8 1
19216.8 2
19662.9 2
19663.9 1
20338.4 1
20339.4 2
20785.4 2
20786.4 2.5
21344.2 2.5
21345.2 1
21903 1
21904 2
22350.1 2
22351.1 1
22908.9 1
22909.9 2
23355.9 2
23356.9 2.5
24026.4 2.5
24027.4 1
24473.5 1
24474.5 2
25032.3 2
25033.3 1
25479.3 1
25480.3 2
26038.1 2
26039.1 1
27043.9 1
27044.9 2
27491 2
27492 1
28158.5 1
28159.5 2
28608.6 2
28609.6 2.5
29279.1 2.5
29280.1 1
29724.1 1
29725.1 2
30284.9 2
30285.9 2.5
31178 2.5
31179 2.9
31621 2.9
31622 3.24483
31961.3 3.24483
31962.3 1
32628.9 1
32629.9 2
33302.4 2
33303.4 1
34420 1
34421 2
34755.3 2
34756.3 2.5
35537.6 2.5
35538.6 2.9
35984.6 2.9
35985.6 1
37102.2 1
37103.2 2
37772.8 2
37773.8 2.5
38214.8 2.5
38215.8 2.9
38890.4 2.9
38891.4 3.24483
39896.2 3.24483
39897.2 1
41013.8 1
41014.8 2
41460.8 2
41461.8 1
41907.8 1
41908.8 2
42689.1 2
42690.1 2.5
43248.9 2.5
43249.9 1
48054.6 1
48055.6 2
48501.6 2
48502.6 1
49507.4 1
49508.4 2
49954.5 2
49955.5 2.5
