2984.38 24.9652
7454.73 16.6667
8942.85 25.0084
17139.5 15.3862
18628.6 20.0036
19377.7 21.4204
20122.7 26.6571
32785.7 11.1136
33533.8 11.1111
35019.9 15.004
43962.6 19.9982
44706.6 20.0054
45450.7 21.4286
46195.7 26.6667
53648.3 30.7692
54392.4 30.7692
55136.4 30.7692
55881.5 30.7692
65569.3 25
66313.3 29.4141
67058.4 29.4118
67802.4 29.4118
69292.5 27.7778
78980.3 27.7778
80468.4 26.3176
81214.5 30
81958.5 30.002
83452.7 28.5641
84196.7 29.994
93136.4 31.5789
94624.5 31.5789
105802 11.7647
107291 15.7917
108781 15.7895
120704 15
121449 19.0476
122941 19.0428
124431 19.0428
134115 22.2222
137094 11.7675
138584 15.7928
146036 18.75
150505 12.5
158702 11.7647
164664 10.5241
174348 9.52381
175838 13.0435
179562 15.003
185524 20
187759 18.75
188504 23.5294
191483 25
197445 25
200425 23.5294
201170 23.5294
204894 22.2222
205639 26.3158
210853 27.784
214581 26.3158
215326 26.3158
219795 25
220540 25
222033 27.2677
226502 28.566
230229 28.5678
234698 17.6485
235443 22.2239
239915 22.2189
241401 26.6762
245129 28.5714
245874 28.5714
250344 28.5769
251832 28.5714
253322 31.25
257050 31.25
257795 31.25
263755 27.7778
265243 27.7778
265992 29.4025
266737 33.3234
271206 31.5789
272693 30.006
278653 30.006
279403 31.57
280148 31.5789
280893 31.5789
285362 31.5789
286854 33.3312
288340 33.3333
292812 36.8343
298773 18.7516
300261 18.75
301755 22.2156
306968 21.0526
313675 20
314420 21.0482
327832 10.5256
328576 15
330067 14.2848
341985 15.7928
