2252.17 0
6722.52 0
9702.75 0
17153.3 1
18643.5 1
19388.5 1
21623.7 1
30564.4 2
33544.6 2
34289.7 2
42485.3 2
43230.4 2
44720.5 2
49935.9 2
50680.9 2
52171.1 2
53661.2 2
58876.6 2
59621.6 2
61111.8 2
62601.9 2
70052.5 2
70797.5 2
72287.6 2
73777.7 2
75267.9 2
84208.6 2
85698.7 2
87933.9 2
93894.3 2
94639.4 2
95384.4 2
97619.6 2
105815 2
106560 2
107305 2
108795 2
110286 2
119226 2
119971 2
120716 2
132637 2
133382 2
134127 2
146048 2
146793 2
147538 2
149029 2
157224 2
157969 2
158714 2
160204 2
161695 2
169145 2
169890 2
172125 2
180321 2
181066 2
182556 2
184046 2
194477 2
195222 2
196712 2
197457 2
198202 2
207888 2
210123 2
211613 2
222044 2
225770 2
227260 2
235455 2
236200 2
245886 2
257807 2
259297 2
271218 2
273453 2
274198 2
285374 2
286864 2
287609 2
289100 2
299530 2
301020 2
302511 2
304001 2
304746 2
315922 2
317412 2
319647 2
321137 2
321882 2
333058 2
333803 2
335293 2
346469 2
347214 2
348704 2
350194 2
359135 2
359880 2
369566 2
