2997.23 0
7467.58 0
10447.8 0
11937.9 0
20133.6 1
20878.6 1
23113.8 1
25349 1
35034.7 1
36524.8 1
37269.9 1
43975.4 1
51426 1
52916.1 1
60366.7 1
61856.8 1
71542.6 1
73032.7 1
74522.8 1
83463.5 1
84953.6 1
86443.7 1
87188.8 1
96129.5 1
96874.5 1
98364.7 1
108050 1
109541 1
111031 1
121461 1
122207 1
122952 1
134873 1
135618 1
136363 1
148284 1
149774 1
150519 1
159459 1
160950 1
162440 1
170635 1
171380 1
172870 1
181811 1
183301 1
184791 1
185536 1
195967 1
198948 1
199693 1
209378 1
210868 1
212359 1
224279 1
225025 1
226515 1
228005 1
236945 1
237691 1
238436 1
246631 1
247376 1
248121 1
258552 1
260042 1
260787 1
262277 1
272708 1
274943 1
275688 1
277179 1
277924 1
286119 1
288354 1
289845 1
290590 1
291335 1
300275 1
301766 1
303256 1
305491 1
306236 1
306981 1
316667 1
318157 1
318902 1
320392 1
322627 1
330823 1
331568 1
332313 1
334548 1
344234 1
344979 1
345724 1
347959 1
349449 1
358390 1
360625 1
361370 1
368076 1
370311 1
