3728.44 2
9687.9 3
11177 4
20863.8 5
21608.8 6
22353.9 7
23097.9 8
34274.8 1
35767.9 2
36510 3
37255.1 4
38003.1 4.25
38748.2 4.48529
39489.2 4.70824
40234.3 4.92064
48430.9 5.12386
49176 5.31903
49920 5.50703
50665.1 5.68862
60351.9 5.86441
61096.9 6.03493
61841 6.20063
62586 6.36191
63331.1 6.51909
75256 6.67249
75998.1 6.82236
76742.1 6.96893
77487.2 7.11243
78232.2 7.25303
78977.3 7.3909
91644.3 7.5262
92389.3 1
93133.4 1
93882.5 2
94627.5 3
95372.6 3
96858.7 3
107291 4
108036 4.25
108781 4.48529
116231 4.70824
117720 4.92064
118466 5.12386
119210 5.31903
128897 5.50703
131132 5.68862
131877 5.86441
132621 6.03493
133367 6.20063
144543 6.36191
146782 6.51909
147527 6.67249
148268 1
149013 2
149762 3
156464 4
157953 4.25
158699 4.48529
166150 4.70824
167639 4.92064
168385 5.12386
169129 5.31903
178071 5.50703
179560 5.68862
180306 1
181050 2
181799 3
193717 3.33333
195206 1
195952 1
206383 2
216069 2.5
217558 2.9
229480 3.24483
231718 3.55301
242892 3.83446
243636 4.09525
244380 4.33944
255558 4.56988
256302 1
257046 2
258540 3
268968 3.33333
270457 1
271951 2
283869 2.5
286104 2.9
295790 3.24483
298773 3.55301
309946 3.83446
310691 4.09525
311435 4.33944
322615 4.56988
323360 4.78871
324101 1
325596 2
333789 3
334534 3.33333
343475 3.63333
344220 3.90856
