2500 2000
3745.44 1245.44
3746.44 1
10236.3 6489.88
10237.3 1
11197 959.702
13431.2 2234.17
28334.4 14903.2
28335.4 1
35779.9 7444.58
36525 745.058
42487.5 5962.46
42488.5 1
43979.6 1491.12
51426.2 7446.58
52171.2 745.058
52172.2 1
53665.3 1493.12
62607 8941.7
63347.1 740.058
64096.1 749.058
76758.1 12662
76759.1 1
77503.2 744.058
91659.3 14156.1
92404.3 745.058
105070 12666
105815 745.058
105816 1
115501 9684.75
116246 745.058
116995 749.058
116996 1
127422 10425.8
129662 2240.17
129663 1
140088 10424.8
141582 1494.12
142323 741.058
150521 8197.64
150522 1
152013 1491.12
152758 745.058
163187 10428.8
164679 1492.12
164680 1
165425 745.058
178831 13406
179581 750.058
179582 1
187774 8191.64
188519 745.058
190011 1492.12
197463 7451.58
197464 1
198952 1488.12
210871 11918.9
210872 1
212363 1491.12
224282 11918.9
225027 745.058
226519 1492.12
226520 1
237693 11172.9
238438 745.058
239930 1492.12
252594 12664
254086 1492.12
254087 1
262280 8192.64
263025 745.058
263770 745.058
273455 9685.75
273456 1
274948 1491.12
275693 745.058
283886 8193.64
284631 745.058
284632 1
285376 744.058
286123 747.058
294318 8194.64
295809 1491.12
296552 743.058
306986 10433.8
308475 1489.12
309221 746.058
316668 7446.58
317413 745.058
317414 1
318159 745.058
326354 8194.64
327847 1493.12
328590 743.058
328591 1
329337 746.058
339020 9682.75
340510 1490.12
341256 746.058
342003 747.058
342748 745.058
342749 1
