1510.27 1496.27
1511.27 1
4502.8 2991.53
4503.8 1
5234.56 730.76
5978.61 744.058
13103.9 7125.29
16627.4 3523.44
17899.5 1272.19
17900.5 1
32057.6 14157.1
39508.2 7450.58
39509.2 1
47703.9 8194.64
48448.9 745.058
57389.6 8940.7
57390.6 1
58134.7 744.058
70055.6 11920.9
70800.7 745.058
70801.7 1
71545.7 744.058
82721.6 11175.9
85703.8 2982.23
85704.8 1
98369.8 12665
99855.9 1486.12
100605 749.058
109544 8938.7
109545 1
110289 744.058
111032 743.058
120720 9687.75
121465 745.058
121466 1
122208 742.058
133386 11177.9
134133 747.058
134874 741.058
144561 9687.75
145306 745.058
145307 1
146050 742.058
155737 9687.75
156482 745.058
170640 14158.1
170641 1
181815 11173.9
183302 1487.12
192245 8942.7
192246 1
192990 744.058
203421 10430.8
204166 745.058
204167 1
205654 1487.12
216087 10432.8
217575 1488.12
230988 13413
230989 1
232476 1487.12
245889 13413
257807 11917.9
257808 1
267498 9689.75
268241 743.058
279414 11172.9
279415 1
289845 10429.8
290590 745.058
302514 11923.9
303261 747.058
314437 11175.9
314438 1
315177 739.058
322627 7450.58
324118 1491.12
324119 1
325608 1488.12
333803 8195.64
335298 1495.12
337533 2235.17
338279 745.058
338280 1
346469 8189.64
347214 745.058
349451 2237.17
350196 745.058
362865 12669
362866 1
363610 744.058
368076 4465.35
368826 750.058
369571 745.058
369572 1
372546 2974.23
373291 745.058
374036 745.058
375527 1491.12
375528 1
377762 2233.17
379257 1495.12
380002 745.058
