3742.29 0
8212.64 0
11192.9 0
13428 0
22368.7 1
23858.9 1
24603.9 1
28329.2 1
35779.8 1
36524.8 1
37269.9 1
43230.4 1
44720.5 1
45465.5 1
46210.6 1
54406.2 1
55896.4 1
56641.4 1
57386.5 1
65582.1 1
67072.2 1
68562.3 1
69307.4 1
70052.5 1
78248.1 1
81228.3 1
89424 1
90914.1 1
93894.3 1
102090 1
103580 1
107305 1
108050 1
116991 1
117736 1
120716 1
122207 1
122952 1
131892 1
132637 1
134873 1
137108 1
137853 1
145303 1
146048 1
147538 1
149029 1
149774 1
150519 1
157224 1
157969 1
158714 1
160204 1
162440 1
163185 1
163930 1
172125 1
173616 1
174361 1
175106 1
176596 1
178086 1
184791 1
185536 1
186282 1
187027 1
188517 1
195222 1
195967 1
196712 1
197457 1
198948 1
199693 1
204908 1
207143 1
208633 1
210123 1
215339 1
217574 1
219809 1
221299 1
222044 1
228005 1
230985 1
233220 1
235455 1
236200 1
236945 1
244396 1
245141 1
245886 1
247376 1
255572 1
257062 1
257807 1
258552 1
260042 1
269728 1
271963 1
272708 1
273453 1
274198 1
275688 1
