4487.35 0
8957.7 0
12683 0
14918.2 0
26094 1
26839.1 1
29074.3 1
29819.3 1
38015 1
38760 1
39505.1 1
46955.7 1
47700.7 1
48445.8 1
49190.8 1
58131.5 1
58876.6 1
59621.6 1
60366.7 1
70797.5 1
71542.6 1
72287.6 1
81973.4 1
82718.4 1
83463.5 1
94639.4 1
95384.4 1
96129.5 1
96874.5 1
108795 1
109541 1
110286 1
111031 1
111776 1
123697 1
124442 1
125187 1
125932 1
126677 1
127422 1
138598 1
139343 1
140088 1
141578 1
151264 1
152009 1
164675 1
165420 1
166165 1
178831 1
179576 1
190007 1
190752 1
201183 1
201928 1
210868 1
211613 1
212359 1
222789 1
223534 1
224279 1
225025 1
237691 1
238436 1
246631 1
248121 1
248866 1
259297 1
260787 1
261532 1
262277 1
274943 1
276434 1
277179 1
277924 1
278669 1
287609 1
288354 1
298040 1
298785 1
299530 1
309216 1
310706 1
311451 1
312196 1
320392 1
321137 1
321882 1
322627 1
323372 1
332313 1
333058 1
333803 1
334548 1
335293 1
343489 1
344979 1
345724 1
346469 1
351684 1
353175 1
354665 1
355410 1
