2469 2000
3424.38 955.381
3425.38 1
9335.14 5909.76
9336.14 1
10877 1540.82
12365.1 1488.12
23544.9 11179.9
34715.8 11170.9
43660.5 8944.7
43661.5 1
55581.4 11919.9
69738.5 14157.1
69739.5 1
83149.6 13410
83894.7 745.058
96555.6 12661
96556.6 1
97300.7 744.058
109227 11925.9
110715 1488.12
121888 11172.9
122638 750.058
135303 12665
135304 1
148714 13410
161380 12666
161381 1
171061 9680.75
172555 1493.12
183732 11177.9
183733 1
185221 1487.12
195652 10431.8
197141 1489.12
197142 1
197889 746.058
209064 11175.9
209808 744.058
210553 744.058
211298 745.058
211299 1
221725 10426.8
222470 745.058
223219 748.058
223964 745.058
225454 1490.12
225455 1
232901 7446.58
233646 745.058
234394 748.058
235139 745.058
235884 745.058
236630 745.058
236631 1
246312 9681.75
249298 2985.23
250043 745.058
251531 1488.12
261213 9682.75
261964 750.058
262709 745.058
263452 743.058
263453 1
272390 8937.7
273134 744.058
273879 745.058
274628 748.058
276118 1490.12
276119 1
285056 8937.7
286548 1492.12
287296 747.058
302942 15646.2
302943 1
303682 739.058
303683 1
314863 11179.9
315608 745.058
317096 1488.12
318586 1490.12
323053 4467.35
323054 1
323798 744.058
326037 2238.17
327527 1490.12
331249 3722.29
331994 745.058
331995 1
333487 1492.12
335723 2236.17
337212 1489.12
340937 3724.29
342425 1488.12
343918 1493.12
344665 747.058
344666 1
346898 2232.17
347645 747.058
352113 4467.35
354346 2233.17
355091 745.058
