2050 128
2050 0
4450 128
4450 0
5474 128
5474 0
6851 128
6851 0
7875 128
7875 0
8899 128
8899 0
9924 128
9924 0
10948 128
10948 0
11972 128
11972 0
12996 128
12996 0
14020 128
14020 0
15044 128
15044 0
16068 128
16068 0
17092 128
17092 0
18116 128
18116 0
19140 128
19140 0
20164 128
20164 0
21188 128
21188 0
22212 128
22212 0
23236 128
23236 0
24260 128
24260 0
25284 128
25284 0
26308 128
26308 0
27332 128
27332 0
28356 128
28356 0
29380 128
29380 0
30404 128
30404 0
31428 128
31428 0
32452 128
32452 0
33476 128
33476 0
34500 128
34500 0
35524 128
35524 0
36548 128
36548 0
37572 128
37572 0
38596 128
38596 0
39620 128
39620 0
40644 128
40644 0
41668 128
41668 0
42692 128
42692 0
43716 128
43716 0
44740 128
44740 0
45764 128
45764 0
46788 128
46788 0
47812 128
47812 0
48836 128
48836 0
49860 128
49860 0
50884 128
50884 0
51908 128
51908 0
52932 128
52932 0
53956 128
53956 0
54980 128
54980 0
56004 128
56004 0
57028 128
57028 0
58052 128
58052 0
59076 128
59076 0
60100 128
60100 0
61124 128
61124 0
62148 128
62148 0
63172 128
63172 0
64196 128
64196 0
65220 128
65220 0
66244 128
66244 0
67268 128
67268 0
68292 128
68292 0
69316 128
69316 0
70340 128
70340 0
71364 128
71364 0
72388 128
72388 0
73412 128
73412 0
74436 128
74436 0
75460 128
75460 0
76484 128
76484 0
77508 128
77508 0
78532 128
78532 0
79556 128
79556 0
80580 128
80580 0
81604 128
81604 0
82628 128
82628 0
83652 128
83652 0
84676 128
84676 0
85700 128
85700 0
86724 128
86724 0
87748 128
87748 0
88772 128
88772 0
89796 128
89796 0
90820 128
90820 0
91844 128
91844 0
92868 128
92868 0
93892 128
93892 0
94916 128
94916 0
95940 128
95940 0
96964 128
96964 0
97988 128
97988 0
99012 128
99012 0
