1530.37 4.98533
3061.74 9.96415
3826.68 9.96738
4594.11 19.9153
5358.05 16.6123
6118.99 19.9695
6883.93 17.4686
7643.86 20.0131
8409.8 15.9958
9172.74 16
9935.68 13.3333
10698.6 13.3275
11461.6 11.4243
12224.5 11.4286
12987.4 8.75
13750.4 7.49632
14513.3 6.25
15276.3 5
16039.2 3.75
16802.1 2.5
17565.1 1.25
19096.4 4.98207
20627.8 4.98207
22159.2 4.98207
23690.6 9.96415
24454.5 6.64782
25223.9 9.95115
25985.9 14.9462
26757.3 14.9267
27519.2 9.97172
28283.2 13.2841
29044.1 13.345
29809 13.3275
30571 10
31334.9 10
32095.9 12.5
32860.8 12.5
33622.7 12.5
34386.7 12.5
35147.6 10.0052
35912.6 11.9937
36674.5 12.0031
37438.4 11.9969
38199.4 12.0063
38964.3 11.9937
39726.3 9.99782
40490.2 11.6667
41251.1 11.6692
42016.1 10
42778 8.33151
43542 6.66667
44306.9 4.99673
45067.8 2.85661
45830.8 1.42857
47363.1 4.97882
48895.5 4.97882
50426.9 9.96415
51191.8 6.64492
51957.3 9.97066
52725.2 14.9267
53488.6 14.9462
54253.6 9.96738
55013.5 13.3363
55779.4 13.3217
56540.4 13.345
57305.3 10
58066.3 9.99672
58831.2 12.5
59592.1 12.5
60357.1 12.5
61118 12.5
61883 9.99476
62643.9 12.0063
63408.8 11.9937
64169.8 12.0063
64934.7 11.9937
65695.7 12.0063
66460.6 10
67222.5 11.6641
67986.5 11.6667
68747.4 10
69512.4 8.33333
70274.3 6.66521
71038.2 5
71802.9 2.85621
72564.1 1.4283
74096.5 4.97882
75627.8 4.98207
77160.2 9.95765
77922.2 6.65071
78693.6 9.95115
79453.5 14.9462
80227 14.9267
80987.9 9.97607
81752.8 13.2725
82512.8 13.3508
83278.7 13.3217
84039.7 10
84804.6 10
85565.5 12.4959
86330.5 12.5
87091.4 12.5
87856.3 12.5
88617.3 10.0052
89382.2 11.9937
90143.2 12.0063
90908.1 11.9937
91669 12.0063
92434 11.9937
93194.9 10
93959.9 11.6667
94721.8 11.6641
95485.7 10
96246.7 8.33333
97011.6 6.66667
97773.6 4.99891
98537.5 2.85607
99299.9 1.42871
