1507.12 0
5232.41 0
5977.46 0
14173.1 1
15663.2 1
16408.3 1
17898.4 1
27584.1 2
31309.4 2
32054.5 3
32799.6 3
41740.3 3
42485.3 3
53661.2 3
54406.2 3
65582.1 3
66327.2 3
67072.2 3
81228.3 3
81973.4 3
93894.3 3
94639.4 3
108050 3
109541 3
110286 3
119226 3
119971 3
125932 3
127422 3
128167 3
135618 3
137853 3
138598 3
139343 3
148284 3
151264 3
152009 3
152754 3
162440 3
163930 3
166165 3
166910 3
167655 3
178831 3
180321 3
181066 3
183301 3
184046 3
184791 3
195222 3
195967 3
196712 3
198202 3
207888 3
209378 3
210123 3
211613 3
213104 3
219809 3
220554 3
221299 3
222789 3
225025 3
225770 3
233220 3
234710 3
236945 3
237691 3
245886 3
247376 3
250357 3
251102 3
251847 3
257807 3
259297 3
260787 3
261532 3
262277 3
263768 3
269728 3
271218 3
272708 3
273453 3
274198 3
275688 3
276434 3
283139 3
284629 3
286864 3
287609 3
288354 3
289845 3
290590 3
291335 3
298785 3
300275 3
303256 3
304001 3
304746 3
312196 3
313686 3
317412 3
318902 3
319647 3
