2980.23 0
7450.58 0
8940.7 0
17136.3 0
18626.5 0
19371.5 0
20116.6 0
30547.4 3
32037.5 5
32782.6 5
33527.6 5
35017.7 5
46938.7 5
47683.7 5
49173.8 5
49918.9 5
61094.8 5
61839.8 5
63329.9 5
64820.1 5
75995.9 5
77486 5
78976.2 5
88661.9 5
102073 5
103563 5
116974 5
118464 5
128150 5
129640 5
130385 5
139326 5
140816 5
141561 5
142306 5
154227 5
155717 5
156462 5
157207 5
157952 5
168383 5
169128 5
169873 5
178814 5
180304 5
181049 5
181794 5
192225 5
192970 5
193715 5
203401 5
204146 5
204891 5
213832 5
214577 5
215322 5
216067 5
227243 5
228733 5
229478 5
230223 5
230968 5
240654 5
242144 5
242889 5
243634 5
244379 5
253320 5
254065 5
254810 5
256300 5
266731 5
267476 5
268221 5
268966 5
270456 5
283867 5
284612 5
285357 5
298768 5
315160 5
330061 5
331551 5
339001 5
339746 5
347942 5
349432 5
350922 5
355393 5
356883 5
357628 5
359118 5
363588 5
364333 5
365078 5
365824 5
366569 5
371039 5
371784 5
372529 5
373274 5
374019 5
