3728.44 3728.44
9687.9 5959.46
11177 7448.58
20863.8 11175.9
22353.9 12666
23847 12670
24592.1 13415
38004.1 14157.1
38749.2 14157.1
47688.9 9684.75
48434.9 10430.8
49920 11170.9
59606.8 11917.9
60351.9 11916.9
61841 13406
62590 12670
72275.8 12669
73017.8 12666
74507 12666
75256 12666
76742.1 14152.1
84938.8 12663
85683.8 12666
87172.9 12666
87922 12666
98349.8 12666
99838.9 12666
101334 13412
112506 14156.1
113255 13416
114000 14161.1
115485 14151.1
126662 14156.1
127407 14152.1
128151 14151.1
128901 14901.2
129646 14161.1
139328 12666
140073 11171.9
140818 11171.9
149759 10430.8
151248 11174.9
151994 11175.9
153483 12665
163170 13411
164664 13416
165409 13415
166899 13416
168384 14901.2
181796 14897.2
183285 16386.3
184781 16396.3
192972 11175.9
194461 11175.9
195956 11175.9
196698 11917.9
204148 11175.9
205637 11175.9
207132 11175.9
207874 11175.9
209362 12664
217559 13411
219048 13411
221285 14153.1
222030 14156.1
223524 14161.1
232460 14901.2
233950 16391.3
234694 15646.2
245871 13411
248106 15646.2
248853 14902.2
249601 14906.2
257047 11175.9
259282 9681.75
260771 11170.9
269713 12666
272697 13415
274183 13411
283128 13415
283869 14156.1
286103 13406
287599 13416
295049 11920.9
295794 11924.9
296534 12665
298024 11920.9
298771 11172.9
303989 8939.7
304733 8938.7
305480 8945.7
306965 8940.7
308455 10430.8
314420 8939.7
315906 10425.8
316653 9687.75
318141 9685.75
324850 10430.8
326342 10435.8
327832 11178.9
