4489.5 19.2746
12687.1 9.08869
14921.3 14.2843
29079.4 9.09035
29823.5 9.99933
39507.2 14.2898
40254.3 14.2857
40998.3 20.0018
50683.1 20
51430.2 20
52174.2 20
52921.3 24.9958
64841.2 21.0497
65586.3 11.7656
66330.3 16.6692
78997.3 15.7895
79742.4 15.7895
80488.4 15.7872
92408.3 11.7647
93153.4 11.7656
103584 13.3333
104329 13.3333
116995 5.88235
117740 11.1111
129662 11.7638
131152 11.1103
140092 8.33427
141581 14.2885
150523 14.2857
152012 14.2857
163189 11.7647
163934 16.6667
165423 16.6667
175111 13.3321
176599 13.3333
185541 14.2871
187030 14.2857
194481 16.6667
195226 23.0769
196715 23.0769
207148 17.6457
207892 17.6471
208636 22.2239
210127 22.2222
221301 21.0571
222048 21.0526
222793 21.0526
224283 21.0526
225026 25.0034
236203 25
236950 25
237694 25
239186 24.9966
239927 25
240676 28.5641
249614 33.3333
251105 19.9964
251848 25
252595 25.0042
263025 22.2222
264516 22.2222
265259 22.2222
266006 22.2222
266751 26.3158
279416 22.7273
280909 22.7245
281654 22.7217
282397 22.7273
290592 23.0841
291337 23.0841
292083 23.0769
302513 18.75
303258 18.75
304003 23.5294
304749 23.5294
314434 25
315925 23.5276
316669 23.5294
317414 27.7778
318160 27.7778
327845 27.7778
329336 27.7778
330826 26.3139
331570 26.3158
332315 26.3176
333061 30
342749 29.994
344237 30
345727 30
347216 28.5714
347961 28.5714
348707 28.5714
349452 31.8182
356905 36.8421
357650 38.8831
359140 38.8831
361372 36.8421
362117 36.8421
362865 36.8369
363610 36.8369
