2241.32 2
6709.67 3
8199.79 2
14906.3 2.5
16394.4 2
28317.4 2.5
31296.6 2.9
40979.3 3.24483
43217.5 3.55301
52903.3 3.83446
53649.3 4.09525
55882.5 4.33944
65571.3 4.56988
66315.3 4.78871
67803.4 1
69294.5 2
77492.2 3
78237.2 3.33333
87176.9 3.63333
87923 3.90856
89410.1 4.16441
98352.8 4.40454
99097.9 1
100589 2
102079 3
112509 3.33333
113254 3.63333
114742 3.90856
125920 4.16441
127408 4.40454
128898 1
139331 2
140822 3
141566 3.33333
151252 3.63333
151997 3.90856
152740 4.16441
162428 4.40454
163173 4.63158
163916 4.84749
165406 5.05378
177330 5.25165
178074 5.44207
178817 5.62582
180307 5.80357
181797 1
193720 2
194466 3
207132 3.33333
208619 3.63333
209365 3.90856
219793 4.16441
221288 4.40454
222031 4.63158
232459 4.84749
233208 5.05378
234696 5.25165
235442 5.44207
248851 5.62582
249600 5.80357
250345 5.97588
251833 1
252579 2
268222 3
269717 1
270461 2
279398 2.5
280892 2.9
289084 3.24483
291323 3.55301
301750 3.83446
302495 4.09525
305479 4.33944
315165 4.56988
315911 4.78871
317398 4.99753
320380 1
329321 2
330067 3
331554 3.33333
342728 3.63333
343478 3.90856
344223 4.16441
352414 4.40454
353159 4.63158
353904 4.84749
354651 5.05378
362104 5.25165
363591 5.44207
364340 5.62582
365082 5.80357
366572 5.97588
371790 6.14322
372535 6.306
373277 6.46458
374025 6.61927
375515 6.77034
379986 6.91805
