245 245
843 843
1443 1198
1563 1318
2523 1680
2763 1920
3723 2280
3963 2520
4087 2524
4326 2763
6848 3125
7203 3240
7323 3236
7447 3121
8885 2037
9608 2161
10685 1800
10926 2041
11648 2040
13085 2400
13443 2517
13563 2637
14047 2399
14888 1803
15248 1805
15486 2043
16684 1796
17043 1795
17283 2035
17403 1917
18844 2160
19203 2160
19568 2285
19688 2405
19808 2405
21245 2401
21603 2400
21846 2038
21968 2160
23405 2160
23763 2160
25565 2160
25805 2400
26046 2283
27605 1800
27725 1679
27845 1799
29405 1800
29646 1801
29765 1920
31204 1799
31445 1799
32884 1680
33245 1800
33368 1923
35284 2400
35526 2158
35645 2277
37684 2400
38048 2522
38165 2520
38286 2641
40084 2400
40444 2396
40568 2282
41885 1801
42124 1680
43804 1919
44046 2161
44288 2164
46204 2400
46324 2036
46566 2278
48364 2160
48484 2160
48728 2162
48847 2281
