3728.44 2
9687.9 3
11177 4
20863.8 5
22353.9 2
23843 2
24592.1 2
34278.8 1
36510 2
46195.7 2.5
46943.8 2.9
55881.5 3.24483
56626.6 3.55301
67057.4 3.83446
67802.4 4.09525
69291.5 4.33944
80472.4 4.56988
81213.5 4.78871
82702.6 4.99753
83451.7 1
94624.5 2
95369.6 3
96863.7 3.33333
105800 3.63333
106545 3.90856
108035 4.16441
118466 4.40454
119211 4.63158
120701 1
122196 2
134862 3
135607 3.33333
149014 3.63333
149759 3.90856
150503 1
160190 2
160935 2.5
172856 1
173601 2
187757 2.5
188502 2.9
203403 3.24483
204148 3.55301
218304 3.83446
219049 4.09525
219793 4.33944
236190 1
236935 1
237680 2
239165 3
255557 1
257051 2
257796 2.5
269713 2.5
270458 2.5
282379 2.9
283124 1
294300 2
305476 2.5
306970 2.9
316652 3.24483
317401 3.55301
327832 3.83446
328577 1
329317 2
338263 2.5
339008 2.9
344220 3.24483
344965 3.55301
350180 3.83446
351669 4.09525
353164 4.33944
358379 4.56988
359124 4.78871
359864 4.99753
361354 5.19763
362849 5.39003
363594 5.57555
364335 5.75491
365080 5.92867
365825 6.09735
366570 6.26135
367315 6.42106
368060 6.5768
368805 6.72885
369550 6.87746
370295 7.02286
371040 7.16526
371785 7.30482
372530 7.44171
373275 7.57609
374020 7.70809
374765 7.83782
375510 7.96541
376255 8.09095
377001 8.21454
377746 8.33628
378496 8.45624
379241 8.57449
379986 8.69112
