4473.5 16.6549
10433 12.5021
12667.1 18.1863
21608.8 13.3333
23097.9 17.6485
25338.1 17.6401
26828.2 21.0452
35763.9 21.0541
37255.1 23.8095
40239.3 16.6667
46939.8 20
49180 16.6667
57370.6 14.2857
59609.8 14.2871
67801.4 14.2857
69291.5 18.75
70785.7 20
80468.4 17.6457
82702.6 16.6667
84196.7 19.9946
84942.8 21.0511
93134.4 23.5294
96114.6 22.2206
106545 11.1111
108039 14.997
111020 14.996
121451 14.996
125171 10.53
133370 12.5021
137837 11.7647
147523 7.69231
157953 7.14286
159448 12.4958
172110 10.5263
173604 10.5263
186266 10.5263
187760 14.2821
201167 10
211599 7.14217
223520 6.25
225009 11.1119
236186 11.7647
237679 11.761
251091 9.99732
252580 13.6339
254070 13.6364
261518 21.4368
263012 21.4265
264501 25
273438 14.2912
274183 20.009
275677 20
286850 16.6667
287595 16.6654
289088 16.6667
290578 20
297279 28.5742
298025 28.5714
299518 28.5714
301009 28.5714
301750 33.3453
306220 41.6667
307714 38.4496
309204 38.4615
310690 38.4774
311435 38.4615
316651 35.7143
318145 37.4874
319635 37.5
321125 37.5
323361 35.2802
324101 35.2941
329322 35.2802
330811 35.2941
331557 38.886
333047 38.886
333792 41.1732
336027 41.1765
336767 41.1765
341240 43.761
342732 33.3383
343478 40
344967 36.3459
348690 40
350182 40
350928 40
352418 40
353161 45.4656
356886 45.4545
357631 50.0134
358376 50.0201
359868 50
360611 50
361358 54.5321
365082 54.5455
366575 49.9832
367317 50
368810 49.9944
369552 50
370300 49.9944
