725 16
1685 25
2166 30
3484 33
4084 40
4565 40
5162 40
6007 43
7087 43
7682 37
8162 37
8767 33
9246 32
9847 29
10684 27
10927 24
11527 23
12007 23
12607 21
13447 20
14047 20
14527 20
15007 20
15487 18
15847 19
16447 19
16927 19
17527 20
18246 21
18722 21
19202 21
19682 21
20643 21
21126 21
21607 21
22087 21
22447 20
23047 19
23887 20
24487 20
24847 20
25206 21
25682 21
26407 22
27007 21
27487 19
27847 20
28683 20
29047 21
29527 21
29887 19
30487 19
30967 19
31327 19
32047 21
32642 20
33607 20
34087 20
34447 18
34927 18
35407 19
35767 19
36607 20
37087 20
37927 21
38287 22
38642 23
39247 22
39607 23
40683 22
41165 22
41642 23
42007 23
42366 21
42844 25
43447 24
44284 29
45007 27
45487 24
45722 25
46085 26
46682 26
47162 25
47642 23
48847 22
