1495.27 2
5216.56 2
5964.61 2.5
14160.3 2
15650.4 2.5
27573.3 2.9
29061.4 3.24483
40979.3 3.55301
42472.5 1
43216.5 2
51414.2 2.5
53647.3 2.9
62591 3.24483
64824.2 3.55301
75257 3.83446
76745.1 4.09525
78235.2 4.33944
91647.3 4.56988
93136.4 1
93880.5 1
94628.5 2
109530 1
111020 2
120705 2.5
122938 2.5
132625 2.9
134859 3.24483
146783 3.55301
149760 3.83446
150505 4.09525
160193 1
163171 2
163919 3
164664 3
174347 3.33333
175092 3.63333
176583 3.90856
185523 4.16441
187014 4.40454
187758 4.63158
198937 4.84749
199682 5.05378
201170 5.25165
201915 5.44207
213093 5.62582
213837 5.80357
215326 5.97588
216816 6.14322
217560 6.306
225013 6.46458
225758 6.61927
227247 6.77034
228736 6.91805
229481 1
230227 2
238424 3
239169 3
240658 4
242892 4.25
251835 4.48529
253324 4.70824
254068 4.92064
256306 5.12386
267481 1
268971 1
269714 2
270462 3
271207 3.33333
280147 3.33333
280890 3.63333
281636 3.90856
292068 4.16441
292813 4.40454
293556 4.63158
305479 4.84749
306968 5.05378
307712 1
308457 2
317400 2
318890 2
320379 2
330067 3
331555 3.33333
337514 3.63333
339006 3.90856
339750 4.16441
346454 4.40454
347946 4.63158
348690 4.84749
349436 5.05378
357631 5.25165
359122 5.44207
359866 5.62582
360612 5.80357
361357 5.97588
369552 6.14322
371042 6.306
371790 6.46458
372535 6.61927
373280 6.77034
