228.666 2
783.46 3
895.219 4
1789.29 5
2015.81 6
2128.56 7
2351.08 8
3917.7 1
4024.46 2
4475.5 3
4811.77 4
5256.81 4.25
6822.43 4.48529
6935.19 1
7270.47 2
8159.53 3
8386.05 3.33333
9616.4 3.63333
9728.16 3.90856
9950.67 1
11516.3 2
12969.2 2.5
13080.9 2.9
14645.5 1
14757.3 2
15874.9 2.5
15986.6 2.9
17439.5 3.24483
17551.3 3.55301
19228.6 3.83446
19450.2 1
19562.9 2
20788.3 2.5
21014.8 2.9
22357.9 3.24483
22468.6 1
24141 2
24252.8 2.5
25934.2 2.9
26044.9 3.24483
27605.6 3.55301
27717.3 3.83446
27943.8 4.09525
29398.7 4.33944
29505.4 4.56988
29732 4.78871
29842.7 1
31185.8 2
31293.6 3
32526.9 3.33333
32634.7 3.63333
32861.2 3.90856
34204.3 4.16441
34316.1 4.40454
34537.6 4.63158
35875.7 4.84749
35991.5 1
36216 2
36324.7 3
37667.8 3.33333
37890.4 3.63333
38001.1 3.90856
39228.5 4.16441
39455 4.40454
39678.5 1
40681.3 2
40793.1 3
42362.7 3.33333
42473.5 3.63333
42584.2 3.90856
43480.3 4.16441
43591 4.40454
43701.8 4.63158
44816.4 1
44932.2 2
45044.9 3
45266.4 3.33333
46381 3.63333
46497.8 3.90856
46719.3 4.16441
47498.6 4.40454
47610.4 4.63158
47836.9 4.84749
48060.4 5.05378
48951.5 5.25165
49063.2 5.44207
49289.7 5.62582
49513.3 5.80357
49624 5.97588
