2984.38 24.9652
7454.73 16.6667
8942.85 25.0084
17139.5 15.3862
18628.6 20.0036
19376.7 21.4224
20121.7 26.6595
32785.7 11.1128
33532.8 11.1111
35019.9 15.003
46938.8 15.7928
47686.9 15.7917
49176 15.7895
49920 20.0013
61097.9 21.0482
61845 21.0497
63335.1 21.0482
64822.2 19.9987
75999.1 11.7666
77488.2 15.7928
78981.3 15.7861
88667.1 17.6443
102076 5.55638
103566 10.0013
116979 9.99866
118466 10.0007
128150 13.3393
129642 17.6512
130388 18.7484
139329 19.9946
140818 20
141564 24.9979
142308 25.0021
154227 20.004
155722 19.996
156467 19.9973
157212 19.996
157954 23.8095
168386 18.7531
169128 18.7579
169873 18.7531
178817 21.4286
180306 19.9964
181054 24.9895
181799 24.9895
192228 22.2222
192970 13.3393
193717 18.7547
203404 20
204146 20
204893 20
213835 21.4286
214577 26.6738
215322 26.6667
216069 26.6667
227246 22.2222
228735 21.0497
229478 25
230225 24.9966
230970 25
240657 27.7778
242149 27.7716
242894 27.7674
243639 27.7716
244381 31.5789
253323 21.4327
254065 26.6786
254812 26.6738
256302 25
266734 22.2222
267476 22.2222
268223 22.2222
268968 26.3158
270461 26.3102
283872 21.7366
284612 21.7391
285357 21.7417
298772 15.001
315163 4.54573
330064 5
331553 9.09146
339005 16.6667
339747 18.1863
347945 16.6667
349434 21.4306
350924 19.9964
355396 30
356885 30
357633 36.3503
359120 36.3636
363591 36.3636
364337 39.9946
365081 40.0161
365826 44.4444
366571 50
371042 50
371787 50
372532 49.9933
373279 49.9799
374024 49.9799
