367 367
962 595
1324 824
1922 960
2402 1402
2764 1440
3123 1623
3723 1801
4322 2322
4802 2400
5402 2902
5764 3000
6246 3246
6725 3602
7203 3703
8287 4287
9126 4626
9722 4920
10327 5327
10807 5405
11407 5907
11767 6003
11887 5887
12367 6121
13087 6587
13682 6682
14162 6662
15126 6626
15967 6467
16447 6447
16927 6427
17407 6407
17887 6387
18367 6367
18607 6107
19807 6307
20287 6287
20767 6267
21722 6222
22202 6202
22682 6182
23162 6162
23643 6143
24007 6007
24487 5987
25087 6087
25927 5927
26527 6027
27007 6007
27967 5967
28447 5947
28927 5927
29407 5907
29767 5767
30247 5747
31203 5703
31682 5682
32642 5642
33126 5626
33607 5607
34087 5587
34567 5567
35047 5547
35407 5407
35767 5267
36607 5107
37087 5087
38047 5047
38527 5027
39007 5007
39487 4987
39967 4967
40327 4827
40682 4682
41527 4527
42007 4507
42967 4467
43447 4447
43927 4427
44407 4407
44767 4267
45126 4126
46087 4087
46567 4067
47162 4162
47767 4267
48247 4247
48607 4107
49087 4087
49567 4067
