4473.5 2
10433 3
12667.1 4
21608.8 5
23097.9 2
25338.1 2
26828.2 3
35763.9 1
37259.1 2
40239.3 2.5
46940.8 2.9
48433.9 3.24483
56626.6 3.55301
58119.7 3.83446
58865.7 4.09525
70036.6 4.33944
71530.7 4.56988
72276.8 4.78871
73765.9 4.99753
87177.9 5.19763
88667.1 5.39003
89412.1 5.57555
90902.2 5.75491
100586 5.92867
101330 6.09735
102075 6.26135
102823 6.42106
104313 6.5768
112507 6.72885
113999 1
114745 2
115490 3
116235 4
117724 4.25
126663 4.25
128152 4.48529
128897 4.70824
130390 4.92064
137842 5.12386
140076 5.31903
140818 5.50703
142311 5.68862
149015 5.86441
150505 6.03493
151997 6.20063
152739 1
154233 2
161681 3
163174 4
163916 4.25
165408 4.48529
176582 4.70824
177327 1
178820 2
179565 3
189993 3.33333
192972 1
193717 2
203404 2.5
207873 2.9
217560 3.24483
220539 3.55301
228736 3.83446
230228 4.09525
233205 4.33944
242892 4.56988
243637 4.78871
244382 1
246616 2
255558 3
257050 3.33333
268224 1
268969 2
270461 2.5
283125 2.9
283870 3.24483
295046 3.55301
296538 3.83446
297281 1
306967 2
308457 2.5
315163 2.9
317401 3.24483
324104 3.55301
324849 3.83446
325596 4.09525
333045 4.33944
333790 4.56988
334535 4.78871
335281 4.99753
343476 5.19763
344967 5.39003
345711 5.57555
346457 5.75491
354652 5.92867
355397 6.09735
357632 1
358377 2
359124 3
367318 4
