2241.32 2241.32
6709.67 4468.35
8199.79 5958.46
14906.3 8196.64
16394.4 9684.75
28317.4 13411
31296.6 14902.2
41728.4 13411
43961.6 12665
50669.1 8940.7
52157.2 10428.8
61844 11174.9
63333.1 11175.9
71529.7 9685.75
73018.8 9685.75
74509 11175.9
84197.7 12668
85687.8 12669
87177.9 12669
88665.1 14156.1
98352.8 11174.9
99840.9 12663
101331 12666
110274 11920.9
111762 11920.9
113252 11920.9
113998 12667
123686 13412
125173 13411
127409 14157.1
128154 14156.1
128898 14900.2
140072 16386.3
140821 15648.2
143055 15646.2
143800 15646.2
144545 15647.2
154228 14156.1
155723 15651.2
156467 15646.2
158704 15648.2
160191 16390.3
168389 11921.9
169879 11175.9
171367 12663
178819 8939.7
180307 8940.7
190739 11919.9
192229 13410
192974 12667
207130 14901.2
207875 14901.2
224267 17136.3
225014 17138.3
225756 17880.4
236188 11920.9
236933 11918.9
248108 11920.9
248854 11920.9
259284 11175.9
260029 11175.9
260773 11919.9
274188 14903.2
274931 14901.2
275675 14901.2
276420 15646.2
288342 14154.1
289087 14156.1
289831 14156.1
290576 14156.1
299517 11175.9
300263 11920.9
301007 10430.8
312929 13411
313674 13411
314418 13411
326340 13411
327085 14156.1
327830 14156.1
328574 14156.1
337516 11176.9
339005 11919.9
339751 12666
340495 12665
341240 12666
350928 13412
353164 14159.1
353909 14158.1
354651 14156.1
355396 14901.2
356141 14901.2
363592 12664
364338 11173.9
365083 11173.9
365827 11175.9
366575 11178.9
367320 11923.9
368065 11923.9
372533 8940.7
374025 9687.75
