1491.12 0
5216.41 0
5961.46 0
11921.9 0
13412 1
14157.1 1
15647.2 1
26078 2
27568.1 2
29058.3 2
40979.2 2
42469.3 2
43214.4 2
51410 2
52155.1 2
52900.1 2
54390.2 2
63330.9 2
64076 2
64821.1 2
66311.2 2
75251.9 2
75996.9 2
76742 2
87917.9 2
88662.9 2
89408 2
101329 2
102074 2
113250 2
113995 2
128151 2
128896 2
129641 2
146032 2
146777 2
157953 2
168384 2
169129 2
181050 2
190736 2
192226 2
200422 2
202657 2
212343 2
213088 2
216068 2
225754 2
226499 2
227989 2
230224 2
241400 2
242145 2
243635 2
244380 2
245125 2
252576 2
254066 2
255556 2
256301 2
257046 2
257791 2
265242 2
267477 2
268967 2
269712 2
270457 2
271202 2
271947 2
280888 2
282378 2
283123 2
283868 2
284613 2
285358 2
286103 2
296534 2
298024 2
298769 2
299514 2
300259 2
301004 2
301750 2
302495 2
312925 2
313670 2
314416 2
315161 2
316651 2
326336 2
327827 2
329317 2
336767 2
338257 2
339747 2
345708 2
347198 2
347943 2
349433 2
353159 2
355394 2
356139 2
356884 2
