4172.44 21.2969
13110.1 8.33613
14604.7 14.2838
28013.3 9.99866
30995.5 9.09115
37699.1 15.3846
38444.1 20.0054
39932.2 25.0112
47384.8 23.0769
48129.9 23.0769
49618 23.0769
50364 28.5687
59305.7 25
60050.8 25
62284 23.5294
63030 23.5294
73461.8 21.0526
74206.9 25
75695 23.8126
89109.1 14.2848
89855.1 14.2839
91341.2 14.2857
104011 14.999
104756 15
106242 18.1863
115186 14.2871
116675 18.7531
117419 19.9982
124872 23.0769
127106 21.4286
127850 21.4286
138282 13.3333
139026 13.3333
150203 12.5
150947 12.5
152436 16.6679
165849 14.2857
166593 14.2857
168082 14.2857
169572 17.3913
182242 18.1796
182987 18.1785
184477 18.1774
194162 7.6931
195649 13.3381
205337 13.3345
206825 17.6512
207571 18.7484
218748 16.6667
220236 16.6667
220982 16.6667
222471 20.0013
232159 22.2222
233648 22.2206
234393 22.2222
235886 22.2156
236629 26.3139
248549 15.7895
250043 15.7895
250788 15.7861
260470 14.2898
261215 14.2898
270904 14.2816
271646 14.2857
272390 20.0018
281333 21.4327
282077 21.4286
282821 21.4286
284311 25
292509 26.6667
293253 26.6667
293997 26.6667
295487 26.6667
305175 23.5294
305919 27.7798
306663 27.7798
318586 16.6667
319331 16.6654
320074 16.6667
331997 16.6667
332744 16.6642
333489 21.0497
334234 21.0467
343174 15.3862
343919 21.4306
345406 20.0072
351369 27.2727
352115 27.2727
353602 27.2727
354346 33.3371
361055 30.7692
361800 30.7692
363287 30.7692
364031 30.7692
364778 35.7109
370741 38.4615
371486 38.4615
372973 38.4615
379682 25
380427 25
