2236.17 0
6706.52 0
8196.64 0
14902.2 0
16392.3 0
17882.4 2
28313.2 2
29803.3 3
31293.4 3
41724.3 3
43959.4 3
51410 3
52900.1 3
60350.7 3
61840.8 3
72271.6 3
73016.7 3
74506.8 3
87917.9 3
88662.9 3
90153 3
90898.1 3
105799 3
106544 3
108034 3
108779 3
109525 3
118465 3
119210 3
131131 3
131876 3
132621 3
146032 3
146777 3
147522 3
148268 3
162424 3
163169 3
163914 3
164659 3
165404 3
175835 3
176580 3
177325 3
187011 3
187756 3
188501 3
200422 3
201167 3
201912 3
202657 3
217558 3
218303 3
219048 3
219793 3
220538 3
232459 3
233949 3
234694 3
235439 3
245125 3
245870 3
246615 3
257791 3
258536 3
259281 3
260026 3
272692 3
273437 3
274182 3
288338 3
289084 3
289829 3
300259 3
301004 3
309200 3
309945 3
310690 3
319631 3
320376 3
321121 3
321866 3
333042 3
333787 3
334532 3
335277 3
344218 3
344963 3
345708 3
346453 3
347198 3
352413 3
353904 3
354649 3
355394 3
356139 3
356884 3
362099 3
364334 3
365079 3
365825 3
366570 3
