6109.75 2
12218.8 3
15270.5 4
18329.3 5
21381 6
24432.8 7
27484.5 8
30536.3 8.125
33588.1 8.24808
36639.8 8.36932
39691.6 8.4888
42743.3 2
45795.1 3
48846.9 4
51898.6 5
54950.4 5.2
58002.1 5.39231
61053.9 5.57776
64105.6 5.75704
67157.4 5.93074
70209.2 6.09935
73260.9 6.26331
76312.7 6.42297
79364.4 6.57866
82416.2 2
85467.9 3
88519.7 4
91571.5 4.25
94623.2 4.48529
97675 4.70824
100727 4.92064
103778 5.12386
106830 5.31903
109882 5.50703
112934 5.68862
115986 2
119037 3
122089 3.33333
125141 3.63333
128193 3.90856
131244 4.16441
134296 4.40454
137348 4.63158
140400 4.84749
143451 5.05378
146503 5.25165
149555 5.44207
152607 5.62582
155658 5.80357
158710 5.97588
161762 6.14322
164814 6.306
167865 6.46458
170917 6.61927
173969 6.77034
177021 6.91805
180072 7.0626
183124 7.20419
186176 7.343
189228 7.47918
192279 7.61288
195331 7.74424
198383 2
201435 3
204486 4
207538 4.25
210590 4.48529
213647 4.70824
216699 2
219756 3
222808 3.33333
225865 3.63333
228917 3.90856
231974 2
235026 2.5
238078 2.9
241135 3.24483
244187 3.55301
247244 3.83446
250296 4.09525
253348 4.33944
256399 4.56988
259451 4.78871
262503 4.99753
265555 5.19763
268606 5.39003
271658 5.57555
274710 5.75491
277762 5.92867
280813 6.09735
283865 6.26135
286917 6.42106
289969 6.5768
293020 6.72885
296072 6.87746
299124 7.02286
302176 7.16526
305227 7.30482
308279 7.44171
311331 7.57609
314383 7.70809
317434 2
320486 3
323538 4
326590 4.25
329642 4.48529
332699 4.70824
335751 4.92064
338808 2
341860 3
344911 3.33333
347969 3.63333
351020 2
354078 2.5
357129 2.9
360187 3.24483
363238 3.55301
366296 3.83446
369347 4.09525
372399 4.33944
375451 4.56988
378503 4.78871
381554 4.99753
384606 5.19763
387658 5.39003
390710 5.57555
393761 5.75491
396813 5.92867
399865 6.09735
402917 6.26135
405968 6.42106
409020 6.5768
412072 6.72885
415124 6.87746
418175 7.02286
421227 7.16526
424279 7.30482
427331 7.44171
430382 7.57609
433434 7.70809
436486 2
439538 3
442589 4
445641 4.25
448693 4.48529
451750 4.70824
454802 4.92064
457859 2
460911 3
463963 3.33333
467020 3.63333
470072 2
473129 2.5
476181 2.9
479238 3.24483
482290 3.55301
485347 3.83446
488399 4.09525
491451 4.33944
494502 4.56988
497554 4.78871
500606 4.99753
503658 5.19763
506709 5.39003
509761 5.57555
512813 5.75491
515865 5.92867
518916 6.09735
521968 6.26135
525020 6.42106
528072 6.5768
531123 6.72885
534175 6.87746
537227 7.02286
540279 7.16526
543330 7.30482
546382 7.44171
549434 7.57609
552486 7.70809
555537 2
558589 3
561641 4
564693 4.25
567745 4.48529
570802 4.70824
573854 4.92064
576911 2
579963 3
583014 3.33333
586072 3.63333
589123 2
592181 2.5
595232 2.9
598290 3.24483
601341 3.55301
604399 3.83446
607450 4.09525
610502 4.33944
613554 4.56988
616607 4.78871
