672.701 0
1674.7 0
2117.74 0
2793.29 0
3352.08 0
3799.12 0
4469.67 0
4916.7 0
5587.26 0
6141.05 0
6593.08 0
7263.64 0
7705.67 0
8381.22 0
8940.02 0
9387.05 0
10057.6 0
10504.6 0
11170.2 0
11734 0
12176 0
12851.6 0
13298.6 0
13969.2 0
14416.2 0
15086.7 0
15533.8 0
16203.3 0
16763.1 0
17205.2 0
17880.7 0
18327.7 0
18774.8 0
19333.6 0
19780.6 0
20339.4 0
20786.4 0
21457 0
21904 0
22351.1 0
22909.9 0
23580.4 0
24027.4 0
24693 0
25256.8 0
25698.8 0
26262.6 0
26821.4 0
27268.4 0
27827.2 0
28386 0
28944.8 0
29391.9 0
30062.4 0
30509.4 0
31068.2 0
31515.3 0
32180.8 0
32521.1 0
33634.7 0
34085.7 0
34756.3 0
35198.3 0
35645.3 0
36097.4 0
36991.5 0
37438.5 0
37997.3 0
38444.3 0
39003.1 0
39450.1 0
40008.9 0
40456 0
41122.5 0
41573.6 0
42579.4 0
43137.2 0
43585.2 0
44697.8 0
45148.8 0
46043.9 0
46602.7 0
47049.7 0
47715.3 0
48162.3 0
48837.9 0
49284.9 0
49843.7 0
