228.666 0
783.46 0
895.219 0
1789.29 0
2015.81 0
2128.56 0
2351.08 0
3916.7 0
4028.46 0
4363.74 0
4475.5 0
4588.26 0
4809.77 0
5033.29 0
5144.05 0
6934.19 0
7156.71 0
7380.22 0
7490.98 0
8275.29 0
8497.81 0
9616.4 0
9728.16 0
9950.67 0
11517.3 0
11628.1 0
11850.6 0
11961.3 0
13528 0
13639.7 0
13864.2 0
13973 0
14084.7 0
15651.4 0
15984.6 0
16096.4 0
17328.7 0
17550.3 0
18780.6 0
19003.1 0
20121.7 0
20233.5 0
20456 0
21798.1 0
21909.9 0
22020.6 0
22246.1 0
23922.5 0
24144 0
24367.5 0
25593.9 0
25822.4 0
26043.9 0
27051.8 0
27163.5 0
27275.3 0
28281.1 0
28387.9 0
28502.6 0
29622.2 0
29734 0
29843.7 0
30067.2 0
30958.3 0
31070.1 0
31184.8 0
31408.3 0
31519.1 0
32746.5 0
32858.2 0
32970 0
33196.5 0
33307.2 0
34311.1 0
34534.6 0
34646.3 0
35880.7 0
36216 0
36327.7 0
36437.5 0
37552.1 0
38004.1 0
38110.9 0
38222.6 0
38451.1 0
39679.5 0
40346 0
40572.6 0
41579.4 0
42245.9 0
43140 0
43480.3 0
44596.9 0
44928.2 0
45039.9 0
46273.3 0
46604.5 0
46833 0
46944.8 0
48284.9 0
