111.759 0
453.184 1500
564.943 0
1122.74 1500
1234.49 3000
1346.25 1500
1458.01 0
2351.08 1500
2462.84 0
3019.63 0
4811.77 0
5032.29 0
7157.71 0
7379.22 0
8498.81 0
8720.33 1500
8832.09 0
9950.67 0
10173.2 0
10286 1500
10397.7 0
11850.6 0
12185.8 0
12297.6 1500
12409.4 0
13862.2 1500
13974 0
15875.9 1500
15987.6 1500
16099.4 0
17212 0
17327.7 0
17549.3 1500
17661 0
19005.1 1500
19116.9 1500
19228.6 0
20456 0
20678.5 0
20791.3 1500
20903 0
22246.1 0
22466.6 0
22579.4 0
22691.2 1500
22802.9 0
24146 0
24366.5 0
24590.1 0
24702.8 0
26045.9 0
26266.4 0
26381.2 0
27608.6 0
27720.3 0
28726.1 0
28837.9 1500
28949.7 0
30067.2 0
30289.8 0
30402.5 1500
30514.3 0
31408.3 0
31743.6 0
31855.4 1500
31967.1 0
33196.5 1500
33308.2 0
33530.8 0
33645.5 1500
33757.3 0
34872.9 0
34984.6 1500
35096.4 0
36661 0
36772.8 1500
36884.5 1500
36996.3 0
38451.1 0
38671.7 0
40569.6 1500
40681.3 0
42469.5 1500
42581.2 1500
42693 0
43703.8 1500
43815.6 0
44036.1 1500
44147.8 0
45263.4 0
45378.2 1500
45489.9 3000
45601.7 1500
45713.5 0
47391.8 0
47503.6 0
47724.1 0
48621.2 0
48732.9 0
49067.2 0
