4473.5 2
10433 3
12667.1 4
21608.8 5
23097.9 2
25338.1 3
26828.2 3
35763.9 3.33333
37258.1 1
40239.3 2
46939.8 2.5
48433.9 2.9
55880.5 3.24483
57374.6 3.55301
66312.3 3.83446
67805.4 4.09525
68551.5 4.33944
80472.4 4.56988
81961.5 4.78871
82707.6 4.99753
83451.7 5.19763
96118.6 1
98348.8 2
99093.9 3
99843.9 3.33333
101333 3.63333
113250 3.90856
113995 4.16441
114740 4.40454
123681 1
125176 2
125921 2
126666 3
139327 3.33333
140072 3.63333
141566 3.90856
154978 4.16441
156467 4.40454
157957 4.63158
169874 1
171370 2
172110 3
173604 3.33333
181795 3.63333
182540 3.90856
184034 4.16441
193716 4.40454
194461 4.63158
195955 4.84749
196699 5.05378
208617 5.25165
210108 5.44207
211602 1
212348 1
213093 2
227245 1
229484 2
240655 2.5
241401 2.9
252581 3.24483
253322 3.55301
265987 3.83446
266733 4.09525
268226 4.33944
280888 1
281633 2
282383 3
283872 3.33333
298029 1
298774 2
299519 2.5
307710 2.9
308455 3.24483
317396 3.55301
318141 3.83446
318890 4.09525
330062 1
330807 1
331552 1
332302 2
342733 3
343473 3.33333
350178 3.63333
351673 3.90856
353163 4.16441
359864 4.40454
361354 4.63158
362848 4.84749
363594 5.05378
369550 5.25165
371790 5.44207
372535 5.62582
373279 5.80357
374024 5.97588
376260 6.14322
377006 6.306
377750 6.46458
378496 6.61927
379241 6.77034
379986 6.91805
