223.666 49.9667
787.46 38.878
1223.67 49.9667
2234.49 30.4314
2346.25 32.2766
2905.05 27.5915
3910.88 24.5387
4022.63 42.7675
5028.46 32.5997
5135.22 35.1873
5698.01 32.0219
6703.84 27.8505
6816.6 27.3717
7822.43 25.353
7934.19 23.9264
8492.98 22.5097
9498.81 22.3695
9610.57 30.1896
10616.4 27.6562
10727.2 27.3214
11287 26.052
12292.8 24.9353
12404.5 23.8709
13410.4 23.4005
13522.1 29.3691
14528 27.5546
14634.7 27.3464
15640.5 26.1053
15757.3 25.4388
16316.1 24.6152
17321.9 24.066
17433.7 23.1184
18439.5 22.906
18886.5 23.4144
19445.3 22.8514
19557.1 27.1642
20115.9 26.4094
20669.7 25.7546
21675.5 25.0626
21792.3 24.3773
22798.1 19.9705
22909.9 18.5503
23915.7 19.1651
24027.4 22.109
24921.5 19.1269
25480.3 22.5292
25927.3 23.0208
26933.2 19.0508
27044.9 21.9571
28050.8 21.9799
28161.5 20.9953
29163.3 21.1976
30173.2 24.6539
30285.9 24.0692
31291.8 23.7657
31738.8 24.1544
31850.6 23.5236
32744.6 24.111
33415.2 22.9069
33526.9 25.845
34085.7 25.3526
34640.5 24.9102
35538.6 25.2663
35645.3 24.872
36651.2 24.4872
36767.9 23.939
37773.8 20.7303
37885.5 19.8065
38663.8 18.3019
38779.6 17.0385
39338.4 16.7384
39785.4 17.0083
40344.2 16.7093
41238.3 17.2559
42127.4 21.4415
42355.9 19.5665
43249.9 20.6328
43361.7 19.5266
44255.8 24.3327
44701.8 24.8187
45261.6 24.2813
45596.9 25.8215
46490.9 22.4194
46602.7 25.7637
47608.5 25.1666
48055.6 25.6028
48614.4 25.1195
48723.1 24.6244
49616.8 21.5139
49731.9 20.454
