452.184 24.7153
1010.98 43.7431
1452.18 24.7153
1899.22 27.9944
2569.77 39.2293
3127.56 35.6166
3575.6 38.8321
4246.15 29.956
4688.19 32.4792
5363.74 25.8779
5922.53 24.2287
6369.57 25.7044
7040.12 32.2344
7487.15 22.6426
8156.71 28.9854
8711.5 27.6745
9162.53 28.8401
9834.09 25.1315
10281.1 26.1705
10951.7 23.0958
11510.5 29.5958
11957.5 23.0035
12627.1 27.4751
13075.1 28.3815
13745.6 25.6086
14187.7 26.4882
14863.2 23.9925
15310.3 24.6945
15980.8 22.5682
16539.6 21.9177
16986.6 16.8765
17652.2 20.7711
18104.2 21.2446
19110.1 26.4824
19780.6 24.5019
20339.4 23.8861
20898.2 23.3005
21345.2 23.8268
22015.8 22.2115
22462.8 18.1513
23128.4 17.008
23580.4 17.3242
24251 16.2501
25144 21.1342
26149.9 25.3052
26597.9 25.8114
27268.4 24.2213
27710.5 24.7392
28386 23.2344
28833.1 23.6688
29391.9 23.1876
29838.9 23.6202
30509.4 25.9952
30956.5 22.6807
31515.3 22.2385
32074.1 21.8132
32409.3 19.2068
33079.9 21.7719
33750.5 20.6295
34309.2 20.263
35202.3 20.9396
35873.9 19.8749
36320.9 20.1919
36991.5 19.2055
37438.5 19.5014
38109 18.5798
39003.1 19.1416
39561.9 18.8257
40008.9 19.1098
40567.7 18.7949
40903 16.4206
41797.1 16.9481
42579.4 18.1462
43026.4 18.4638
43585.2 18.112
44032.3 18.4283
44926.3 19.0954
45820.4 23.7751
46267.4 24.2302
46826.2 23.7261
47273.3 24.1793
47832 23.6773
48279.1 24.1285
48949.6 22.7334
49284.9 24.078
49955.5 22.6886
