2683.32 2242.32
10131.9 7448.58
11623 8938.7
22799.9 12668
25033.1 13410
33975.8 11175.9
39187.2 5211.41
41426.3 7449.58
48128.9 8941.7
50366 8939.7
57812.6 9683.75
59302.7 11172.9
60796.9 10430.8
70478.6 12666
72718.8 13416
73458.8 14155.1
74953 14156.1
86869.9 16391.3
89855.1 17136.3
90595.2 17136.3
104008 13413
104751 14155.1
118909 14901.2
119652 14901.2
131578 12669
133067 14157.1
144239 12661
146480 13412
158395 11915.9
159890 13409
173302 14906.2
174787 14897.2
187453 12666
188198 13410
200867 13414
201614 13416
214280 13413
215025 14157.1
215769 14155.1
229926 15646.2
230666 15641.2
231415 16389.3
232905 17136.3
245572 15646.2
246312 15646.2
247061 15646.2
247806 14901.2
248552 15646.2
260468 14896.2
261213 14901.2
261959 13406
273134 12666
274629 13415
275375 13416
287293 14158.1
288036 13407
288785 14155.1
289531 14156.1
301449 14156.1
302192 12661
302941 13409
314860 13411
315605 13413
327526 12666
328271 12666
340940 13414
341682 13411
342429 14157.1
349877 8937.7
350622 8940.7
351367 8938.7
352115 9684.75
355093 5215.41
356585 5962.46
357328 5960.46
358075 5960.46
361053 5960.46
361798 6704.52
364033 7448.58
364779 7450.58
365526 7450.58
368504 7450.58
369249 7450.58
369996 8196.64
372231 8197.64
372977 8198.64
373721 8195.64
376702 8198.64
377448 8198.64
378192 8195.64
378937 8939.7
379682 7450.58
380427 7449.58
381172 7450.58
381917 5214.41
382663 5215.41
383408 5216.41
384153 5216.41
384898 5216.41
385643 5960.46
