4487.35 0
8957.7 0
12683 0
14918.2 0
26094 1
26839.1 1
29074.3 1
29819.3 1
39505.1 1
40250.1 1
49190.8 1
50680.9 1
61111.8 1
62601.9 1
63346.9 1
74522.8 1
76012.9 1
76758 1
87933.9 1
88678.9 1
90169 1
102835 1
103580 1
104325 1
105070 1
120716 1
121461 1
122207 1
137108 1
137853 1
138598 1
140088 1
152754 1
154244 1
164675 1
165420 1
166165 1
177341 1
178086 1
178831 1
179576 1
189262 1
190752 1
191497 1
192242 1
192987 1
201928 1
204163 1
204908 1
213104 1
215339 1
216084 1
225025 1
228005 1
228750 1
229495 1
239926 1
242161 1
243651 1
244396 1
245141 1
251102 1
254082 1
254827 1
255572 1
265258 1
266003 1
266748 1
278669 1
279414 1
280159 1
280904 1
292825 1
293570 1
294315 1
295060 1
295805 1
306981 1
307726 1
308471 1
309216 1
309961 1
310706 1
321137 1
322627 1
323372 1
324117 1
333803 1
336038 1
336783 1
337528 1
346469 1
347214 1
347959 1
356155 1
357645 1
358390 1
365841 1
366586 1
367331 1
368076 1
373291 1
374036 1
