1507.12 0
5232.41 0
5977.46 0
14173.1 1
15663.2 1
16408.3 1
17898.4 1
27584.1 2
31309.4 2
32054.5 3
32799.6 3
41740.3 3
42485.3 3
43230.4 3
54406.2 3
55151.3 3
55896.4 3
56641.4 3
67817.3 3
68562.3 3
69307.4 3
70052.5 3
82718.4 3
83463.5 3
84953.6 3
93149.3 3
93894.3 3
94639.4 3
95384.4 3
106560 3
107305 3
108050 3
108795 3
109541 3
119971 3
120716 3
121461 3
132637 3
133382 3
134127 3
143068 3
143813 3
152009 3
152754 3
163185 3
163930 3
164675 3
178086 3
178831 3
179576 3
180321 3
192242 3
192987 3
194477 3
202673 3
203418 3
211613 3
213104 3
223534 3
225770 3
227260 3
239181 3
242161 3
243651 3
245141 3
256317 3
257062 3
257807 3
258552 3
270473 3
271218 3
282394 3
283139 3
284629 3
292825 3
293570 3
294315 3
295060 3
304001 3
304746 3
306236 3
314432 3
315922 3
317412 3
318902 3
326352 3
327843 3
329333 3
330823 3
332313 3
338273 3
339763 3
341254 3
342744 3
344979 3
351684 3
352429 3
353175 3
353920 3
355410 3
364350 3
365095 3
365841 3
366586 3
