1507.12 0
5232.41 0
5977.46 0
14173.1 1
15663.2 1
16408.3 1
17898.4 1
27584.1 2
31309.4 2
32054.5 3
32799.6 3
40250.1 3
40995.2 3
41740.3 3
51426 3
52171.1 3
52916.1 3
53661.2 3
63346.9 3
64092 3
64837.1 3
65582.1 3
78248.1 3
78993.2 3
79738.2 3
80483.3 3
81228.3 3
96874.5 3
97619.6 3
98364.7 3
99109.7 3
111776 3
112521 3
123697 3
124442 3
135618 3
136363 3
137108 3
149774 3
150519 3
160950 3
161695 3
172870 3
183301 3
184046 3
192242 3
203418 3
204163 3
217574 3
218319 3
229495 3
230240 3
239926 3
241416 3
249611 3
251102 3
251847 3
262277 3
263768 3
264513 3
265258 3
277924 3
278669 3
279414 3
287609 3
288354 3
289100 3
298040 3
298785 3
299530 3
300275 3
310706 3
311451 3
312196 3
312941 3
313686 3
321137 3
322627 3
323372 3
331568 3
333058 3
333803 3
344234 3
344979 3
346469 3
347214 3
359135 3
359880 3
360625 3
368076 3
368821 3
369566 3
370311 3
374781 3
375526 3
376271 3
377016 3
377761 3
381487 3
382232 3
382977 3
383722 3
384467 3
385212 3
