2252.17 0
6722.52 0
9702.75 0
17153.3 1
18643.5 1
19388.5 1
21623.7 1
30564.4 2
33544.6 2
34289.7 2
42485.3 2
43230.4 2
54406.2 2
55151.3 2
56641.4 2
66327.2 2
67072.2 2
68562.3 2
70052.5 2
81973.4 2
82718.4 2
84208.6 2
86443.7 2
87933.9 2
99854.8 2
100600 2
102090 2
103580 2
104325 2
105070 2
113266 2
116246 2
116991 2
117736 2
125187 2
127422 2
128167 2
128912 2
137853 2
139343 2
140833 2
141578 2
142323 2
151264 2
152754 2
154244 2
162440 2
163930 2
165420 2
166910 2
175106 2
176596 2
178086 2
184791 2
187027 2
188517 2
193732 2
195222 2
196712 2
198948 2
205653 2
207143 2
208633 2
209378 2
212359 2
219064 2
221299 2
224279 2
230985 2
233965 2
242161 2
243651 2
252592 2
254082 2
266003 2
267493 2
268238 2
280904 2
281649 2
289845 2
291335 2
301020 2
302511 2
314432 2
315177 2
315922 2
324117 2
324862 2
325607 2
326352 2
334548 2
335293 2
336038 2
336783 2
338273 2
347959 2
348704 2
349449 2
350194 2
351684 2
352429 2
361370 2
362115 2
