223.666 223.666
787.46 287.46
1223.67 223.666
2234.49 734.495
2346.25 346.254
2905.05 405.047
3910.88 910.875
4022.63 522.634
5028.46 1028.46
5135.22 635.221
5698.01 698.015
6703.84 1203.84
6816.6 816.602
7822.43 1322.43
7934.19 934.189
8492.98 992.983
9498.81 1498.81
9610.57 1110.57
10616.4 1616.4
10727.2 1227.16
11287 1286.95
12292.8 1792.78
12404.5 1404.54
13410.4 1910.37
13522.1 1522.12
14528 2027.95
14634.7 1634.71
15640.5 2140.54
15757.3 1757.3
16316.1 1816.09
17321.9 2321.92
17433.7 1933.68
18439.5 2439.51
18886.5 2386.54
19445.3 1945.34
19892.4 1892.37
20898.2 2398.2
21010 2009.96
21568.8 2068.75
22462.8 2462.82
23021.6 2521.61
23128.4 2128.37
24134.2 2634.2
24251 2250.96
24809.8 2309.75
25815.6 2315.58
26374.4 2374.38
26933.2 2433.17
27380.2 2380.2
27939 2439
28497.8 2497.79
29503.6 3003.62
29615.4 2615.38
30170.2 2670.17
30616.8 2616.83
31622 3122.04
31738.8 2738.79
32627.9 3127.86
32856.4 2856.38
33303.4 2803.42
34192.5 3192.49
34309.2 2809.24
34868 2868.04
35762.1 2762.11
36204.1 2704.14
37103.2 2603.21
37550.2 2550.25
38109 2609.04
38556.1 2556.08
39561.9 3061.9
40567.7 3067.73
40678.5 2678.49
41238.3 2738.28
41908.8 2908.84
42127.4 2627.35
42687.1 2687.15
43692 3191.98
43808.7 2808.73
44255.8 2755.77
44814.6 2814.56
45261.6 2761.6
46150.7 3150.67
47156.5 3156.5
47273.3 2773.25
48279.1 3279.08
48390.8 2890.84
49396.7 2896.67
