2984.38 24.9652
7454.73 16.6667
8942.85 25.0084
17139.5 15.3862
18628.6 20.0036
19376.7 21.4224
20121.7 26.6595
32787.7 11.1111
33532.8 11.1111
45452.7 11.7656
46197.7 16.6679
47685.9 15.7928
58118.7 17.6471
58862.7 17.6485
59606.8 22.2255
60354.9 23.5238
71528.7 22.2239
72273.8 12.5021
73017.8 17.6512
84939.8 16.6667
85684.8 16.6667
86428.9 16.6667
98350.8 16.6667
99097.9 21.0497
99842.9 21.0497
111762 11.7666
112507 11.7666
113996 15.7928
123685 18.7469
125172 17.6485
134116 14.2857
135603 14.2857
143796 15.3926
155720 6.24843
157209 11.1095
169873 10.5285
184032 5.26204
185522 9.52259
198934 10
199679 10.5256
212342 5.88375
213090 11.1111
226498 10.5263
227243 10.5285
237677 13.3298
238424 18.7421
239166 18.7469
249595 18.7547
250343 18.7531
251087 23.535
252577 22.2222
264496 20
265244 20
265988 20
267478 20
268222 23.811
282380 20.8298
283125 20.8333
283870 20.8322
285359 20.8333
286850 19.9989
287598 23.0722
296536 31.5789
298028 29.996
298771 30
299515 31.5789
309204 20
309949 19.9964
310691 25.0021
312181 23.5294
319630 28.5851
320375 28.5851
321120 28.5769
322612 28.5714
323358 33.3304
331551 31.25
333046 29.4002
333791 29.4002
335281 29.4048
336024 29.4118
337513 31.5812
346452 20.009
347197 20.0054
348689 23.5313
349435 24.9979
356886 28.5632
357633 28.5577
359866 26.6643
360611 26.6667
361355 31.2526
366574 38.4536
367314 38.4814
369554 38.4536
370299 38.4536
371041 38.4615
372534 39.9893
376259 46.1538
377005 46.13
377750 54.5455
378495 54.5455
