3728.44 19.9831
9687.9 12.5021
11177 20.0054
20863.8 13.3333
21608.8 18.75
22352.9 20
23097.9 25
34274.8 22.2222
35019.9 26.3158
35764.9 26.3158
36509 30.002
37254.1 30
38744.2 31.8182
40238.3 30.4277
40978.3 33.3352
46940.8 47.0588
48430.9 44.4444
49176 44.4444
49924 44.4312
50669.1 44.4312
51414.2 47.044
61099.9 24.9937
61842 29.4118
62586 29.4211
63331.1 29.4211
64076.1 29.4211
73762.9 29.4187
74508 29.4118
75256 29.4025
76001.1 33.3234
76742.1 33.3333
87173.9 18.7547
87919 18.7547
88663.1 23.5368
90157.2 22.2156
100585 22.2222
102075 12.5031
103564 16.6716
113252 17.6457
115485 16.6679
116979 16.6617
125918 17.6471
126662 22.2239
127406 25
128151 26.6762
136349 28.5714
137096 28.5632
137837 33.3363
138582 33.3333
139327 33.3333
145288 41.6713
146034 41.6807
146778 41.6667
147523 41.6667
148268 46.1538
149758 42.8571
157955 35.2913
158703 35.2858
159444 35.2941
160189 35.2941
160934 35.2941
162424 36.8421
163172 38.8802
171366 38.8918
172111 38.8976
172859 38.8773
173604 38.8773
174349 38.8773
175835 38.8889
176580 42.1053
186270 23.5294
187012 27.784
188505 26.3158
189991 26.3158
200426 16.6629
201912 16.6716
203406 16.6617
213834 16.6704
215327 16.6617
216817 16.6667
218303 20.0054
227990 13.3369
228735 18.7547
229479 20
239911 18.75
240656 18.75
241401 18.7484
242145 23.5294
251832 25
253321 23.5313
254067 23.5294
254811 23.5294
255556 27.7778
266733 25
268967 23.8095
269713 23.8095
270458 23.808
271206 23.8034
284614 20.8333
286107 23.0733
