367 32
967 25
1367 32
1847 34
2567 42
3047 43
3767 31
4246 32
4847 28
5567 33
6162 30
6642 31
7367 26
7967 24
8567 30
9047 31
9767 27
10126 29
10847 25
11327 26
12047 29
12527 29
13247 26
13847 25
14327 25
15047 28
15642 27
16246 26
16722 26
17327 25
17807 25
18407 24
18887 24
19487 24
19967 24
20567 27
20927 24
21407 24
22007 27
22487 24
23206 26
23686 26
24287 25
24767 25
25247 25
25847 25
26327 25
26927 24
27407 24
27887 24
28487 24
28967 24
29567 23
29927 21
30527 23
31007 23
31367 21
31847 21
32447 20
33407 24
33887 24
34487 24
34847 25
35202 26
35807 25
36287 25
36767 25
37487 24
37967 24
38447 24
38927 24
39287 25
40007 27
40367 24
40967 24
41447 24
41807 25
42287 25
42767 25
43126 26
43607 27
44087 27
44567 27
44927 24
45287 25
45767 26
46367 25
46967 24
47447 24
47807 25
48166 27
48642 27
49247 26
49847 25
