2980.38 24.9988
10435 9.99463
11923.1 16.6629
23101.9 11.7638
25337.1 11.1086
34272.8 13.3393
35020.9 15.3878
35764.9 21.4347
41726.4 29.9879
42471.5 30
43215.5 30
43960.6 36.3636
50667.1 33.3333
51412.2 33.3333
52156.2 33.3333
52901.3 33.3333
61843 26.6667
62588 31.25
63333.1 31.25
64077.1 31.25
64822.2 31.25
75999.1 26.3158
77488.2 25.0017
78234.2 28.5714
78978.3 28.5733
79726.4 28.566
80471.4 28.566
93882.5 24.9972
96115.6 23.9987
96860.7 13.638
97607.8 17.3913
107294 22.2222
109527 12.5021
121445 10.53
123683 10.5263
125172 14.2866
139329 9.52381
140819 9.5232
151250 12.5
152739 12.501
162423 13.3369
163915 17.6485
165408 17.6429
176584 15.7839
179562 10.5278
191480 10.0034
194463 10
204146 11.7647
205638 15.7872
218307 10.5226
219797 10.5241
230973 6.66667
231718 12.5
243639 11.7647
244379 11.7694
256305 11.7647
257050 16.6667
258537 15.7872
271946 14.2903
272691 14.2903
274184 17.3943
274930 18.1807
290578 15.9957
292065 15.383
303984 11.1153
304729 15.7951
306221 15.7895
318140 15.7895
318885 15.7895
320377 15.7895
321867 19.0476
330061 25
330811 24.9895
332298 25
333791 24.9937
334534 29.4094
341242 33.3184
341987 33.3333
347947 22.2222
348692 30
349434 30.0121
351670 60.0484
352417 60.0161
353160 60
354650 57.1429
356887 57.121
357632 57.1429
358375 57.1429
359865 57.1429
360612 62.479
363592 55.5556
364338 55.5556
365081 55.5556
366571 55.5556
367316 55.5721
371043 50
371788 54.5455
372533 54.5455
374024 49.9832
374768 54.5321
