3726.29 0
9686.75 0
11176.9 0
20862.6 0
22352.7 0
23842.9 0
24587.9 0
34273.7 0
36508.8 0
37999 4
39489.1 4
48429.8 4
49919.9 4
58860.6 4
60350.7 4
61840.8 4
70781.5 4
72271.6 4
75251.9 4
76742 4
86427.7 4
87917.9 4
90898.1 4
91643.1 4
101329 4
102074 4
103564 4
113995 4
114740 4
116230 4
116975 4
130386 4
131876 4
133366 4
144542 4
146032 4
157953 4
159443 4
172109 4
173600 4
183285 4
184030 4
184775 4
194461 4
195206 4
195951 4
197441 4
207127 4
207872 4
208617 4
210107 4
210852 4
222028 4
222773 4
223518 4
224263 4
225009 4
225754 4
233204 4
233949 4
234694 4
242890 4
243635 4
244380 4
245870 4
256301 4
257046 4
257791 4
259281 4
260026 4
271947 4
273437 4
274182 4
283123 4
286103 4
286848 4
288338 4
297279 4
300259 4
301004 4
301750 4
302495 4
312925 4
315906 4
316651 4
326336 4
327827 4
328572 4
337512 4
338257 4
350178 4
350923 4
352413 4
360609 4
361354 4
362099 4
362844 4
367315 4
368805 4
369550 4
370295 4
