2000 2000
3728.44 1728.44
3728.44 0
11185.3 7456.88
11185.3 0
12667.1 1481.82
14160.3 1493.12
26824.2 12664
37255.1 10430.8
37255.1 0
43961.6 6706.52
45449.7 1488.12
52902.3 7452.58
52902.3 0
54390.4 1488.12
64078.1 9687.75
65566.3 1488.12
65566.3 0
66312.3 746.058
76744.1 10431.8
78232.2 1488.12
78981.3 749.058
79726.4 745.058
79726.4 0
93134.4 13408
93879.5 745.058
108781 14901.2
108781 0
117721 8940.7
119210 1489.12
129642 10431.8
143054 13412
143054 0
155720 12666
157208 1488.12
168386 11177.9
168386 0
169131 745.058
178071 8939.7
178817 746.058
178817 0
180305 1488.12
190737 10431.8
191485 748.058
192971 1486.12
193719 748.058
193719 0
205641 11921.9
206385 744.058
207127 742.058
215324 8196.64
216071 747.058
216071 0
216813 742.058
225010 8196.64
225757 747.058
226499 742.058
226499 0
227244 745.058
236933 9688.75
239914 2981.23
239914 0
251835 11920.9
252580 745.058
263008 10427.8
263756 748.058
263756 0
274929 11172.9
275674 745.058
276418 744.058
276418 0
287595 11176.9
288340 745.058
289084 744.058
289829 745.058
300261 10431.8
300261 0
301006 745.058
301751 745.058
302495 744.058
310691 8196.64
312180 1489.12
312180 0
312927 746.058
313671 744.058
326338 12667
327083 745.058
327083 0
338259 11175.9
339007 748.058
348689 9682.75
349437 748.058
349437 0
359123 9685.75
359868 745.058
360609 741.058
360609 0
368807 8197.64
369552 745.058
370295 743.058
379238 8942.7
379238 0
