242 49
847 34
1242 49
2327 29
2447 26
3527 35
3646 37
4722 29
5327 27
5447 25
6047 34
7126 29
7247 28
7847 26
8447 24
9527 17
9642 14
10246 13
12166 27
12287 26
13367 25
13487 24
14567 23
14682 21
15164 22
16246 21
16367 20
17447 24
18164 22
18767 21
18887 20
19847 21
19967 19
20682 21
21162 22
22126 22
22246 21
23202 21
24047 18
24643 18
25247 17
25847 20
26927 24
27407 24
28487 24
28607 27
29203 26
30287 21
30407 20
31367 17
31487 16
32087 15
32927 14
33527 15
34367 16
35927 17
36407 17
37007 19
37487 16
38567 13
39163 15
39642 15
40722 14
42287 18
42767 18
43367 17
44807 15
44927 14
46487 12
46967 12
47567 11
48527 13
49967 13
