2984.38 2
7454.73 3
8942.85 4
17139.5 2
19377.7 2.5
20122.7 2.9
32785.7 3.24483
33533.8 1
43217.5 2
43961.6 2.5
52158.2 2.9
52902.3 3.24483
64079.1 3.55301
64823.2 3.83446
65567.3 4.09525
79725.4 4.33944
80469.4 4.56988
81213.5 4.78871
81958.5 4.99753
93880.5 5.19763
94625.5 5.39003
95369.6 5.57555
96114.6 5.75491
111017 1
111765 2
112510 3
113255 3.33333
114741 3.63333
127408 3.90856
128897 4.16441
138584 4.40454
139329 4.63158
140074 4.84749
140818 5.05378
148271 5.25165
149759 5.44207
150505 5.62582
151249 5.80357
152739 5.97588
161682 6.14322
163916 6.306
164661 6.46458
165406 6.61927
166895 6.77034
176580 1
177328 2
179565 3
181055 4
183286 4.25
194463 4.48529
195208 4.70824
196697 4.92064
197446 5.12386
204149 5.31903
205638 5.50703
207128 5.68862
207876 1
208621 2
216070 3
218305 3.33333
219794 3.63333
228736 3.90856
230971 4.16441
231719 4.40454
242895 4.63158
244381 4.84749
245127 5.05378
245871 1
256304 2
258538 3
259286 3.33333
260031 3.63333
269715 3.90856
270459 4.16441
271203 4.40454
280891 4.63158
281635 4.84749
282379 5.05378
283869 5.25165
293557 5.44207
294301 5.62582
295045 5.80357
296535 5.97588
298029 6.14322
309203 6.306
309947 1
310691 2
312185 3
314421 4
315907 4.25
328575 1
332302 2
341986 3
342733 3.33333
350928 3.63333
