228.666 228.666
783.46 554.794
895.219 666.552
1789.29 1005.83
2015.81 1232.35
2128.56 1233.35
2351.08 1455.86
3917.7 2128.42
4029.46 2240.17
4363.74 2347.93
4475.5 2459.69
4588.26 2459.69
4811.77 2683.21
5035.29 2684.21
5258.81 2907.73
6818.43 2900.73
7379.22 2120.42
8720.33 1341.1
8943.85 1564.62
10176.2 1455.86
10397.7 1453.86
11626.1 1449.86
11849.6 1451.86
11961.3 1563.62
13190.7 1564.62
13526 1676.38
13637.7 1676.38
13749.5 1788.14
15425.9 1788.14
15537.6 1899.9
15649.4 1899.9
17437.5 2011.66
17662 2124.42
17772.8 2123.42
17884.5 2235.17
19675.7 2238.17
19897.2 2235.17
21125.5 1449.86
21237.3 1561.62
22578.4 1452.86
22690.2 1452.86
24143 1564.62
24369.5 1679.38
24478.3 1788.14
26378.2 2008.66
26493 2014.66
28166.3 1788.14
28278.1 1785.14
28502.6 2009.66
29619.2 1452.86
29843.7 1565.62
30177 1674.38
30404.5 1901.9
31186.8 1567.62
31298.6 1454.86
32636.7 1449.86
32748.5 1449.86
32973 1674.38
34424.8 1788.14
34536.6 1788.14
34648.3 1675.38
35545.4 1120.59
35766.9 1342.1
35877.7 1341.1
35989.5 1341.1
37109 1563.62
37333.6 1566.62
37555.1 1788.14
37665.8 1788.14
39006.9 1673.38
39231.5 1676.38
39342.2 1676.38
41021.6 2014.66
41243.1 2011.66
41353.9 2122.42
41466.6 2124.42
43032.3 2010.66
43254.8 2011.66
43365.5 2011.66
43478.3 2124.42
43592 2125.42
44708.6 1676.38
44931.2 1676.38
45938 1229.35
46049.7 1341.1
46160.5 1229.35
47167.3 1229.35
47279.1 1229.35
47390.8 1230.35
47501.6 1341.1
48616.2 1448.86
48842.7 1563.62
48955.5 1564.62
49067.2 1565.62
49180 1678.38
