561.943 561.943
1455.01 893.07
1677.53 1115.59
3243.15 1788.14
3465.67 2010.66
3577.43 1899.9
3800.95 2123.42
6264.64 3021.49
6484.15 3241
6595.91 3130.24
6707.67 3242
7937.02 1452.86
8159.53 1563.62
8271.29 1563.62
9501.64 1564.62
9613.4 1676.38
10731 1229.35
10958.5 1456.86
11177 1563.62
12407.4 1448.86
12629.9 1452.86
14195.5 1788.14
14418 1788.14
14534.8 1904.9
16095.4 1899.9
16207.2 1789.14
16317.9 1783.14
16541.4 2006.66
18222.8 2127.42
18330.6 2123.42
18441.3 2123.42
18664.9 2123.42
20234.5 2011.66
20342.2 2119.42
20454 2123.42
21571.6 1117.59
21687.3 1233.35
22914.7 1343.1
23024.4 1452.86
23135.2 1447.86
24702.8 1788.14
24812.6 1788.14
24923.3 1788.14
25146.9 2011.66
26714.5 2011.66
26826.2 2013.66
26935 2011.66
27158.5 2011.66
27274.3 2127.42
28612.4 1897.9
28726.1 1899.9
28837.9 1902.9
30288.8 1676.38
30516.3 1790.14
30628 1790.14
31631.9 1343.1
31741.6 1225.35
31852.4 1336.1
32075.9 1447.86
33306.2 1674.38
33418 1676.38
33528.8 1676.38
33757.3 1904.9
33980.8 1904.9
34982.6 1676.38
36439.5 1456.86
36658 1675.38
38000.1 1560.62
38222.6 1783.14
38338.4 1680.38
39676.5 1676.38
39899 1676.38
40014.8 1676.38
40127.5 1789.14
41799.9 2123.42
42027.4 2128.42
42138.2 2123.42
42249.9 2122.42
42469.5 2341.93
44035.1 1896.9
44150.8 1900.9
44369.4 1899.9
45264.4 1229.35
45376.2 1225.35
45603.7 1452.86
46493.8 1117.59
46605.5 1229.35
46828 1224.35
47946.6 1452.86
48058.4 1452.86
48169.2 1341.1
48280.9 1452.86
49511.3 1564.62
49623 1564.62
49733.8 1564.62
49845.5 1564.62
