4473.5 2
10433 3
12667.1 4
21608.8 5
23097.9 2
25338.1 3
26828.2 3.33333
35023.9 3.63333
36513 3.90856
39494.2 4.16441
46940.8 4.40454
48429.9 4.63158
49924 1
51415.2 2
60351.9 3
62590 3.33333
72276.8 3.63333
73765.9 3.90856
76002.1 4.16441
85687.8 4.40454
87176.9 4.63158
90153.2 4.84749
91643.3 5.05378
101330 5.25165
102823 5.44207
105804 5.62582
108040 1
108785 2
116231 3
116976 3.33333
118469 3.63333
126662 3.90856
127407 4.16441
128900 4.40454
137093 4.63158
138583 4.84749
140076 5.05378
141566 5.25165
151249 1
153488 2
154974 3
155718 3
157212 3.33333
170620 3.63333
171365 3.90856
172859 1
181796 2
183289 2.5
192227 2.9
192972 3.24483
203403 3.55301
204896 3.83446
206386 1
217559 2
219049 2.5
230974 2.9
233205 3.24483
241402 3.55301
243640 3.83446
245129 4.09525
253323 4.33944
255557 1
257051 1
257796 2
267479 3
271203 3.33333
281635 3.63333
282380 3.90856
286104 1
296536 2
297281 2.5
308457 2.9
309949 3.24483
322613 3.55301
324848 3.83446
325594 4.09525
332300 4.33944
334534 4.56988
336026 4.78871
336772 4.99753
342731 5.19763
344967 5.39003
345713 5.57555
346457 5.75491
351672 5.92867
352417 6.09735
353162 6.26135
353908 6.42106
354653 6.5768
360612 6.72885
362103 6.87746
362847 7.02286
363593 7.16526
364339 7.30482
365084 7.44171
370298 7.57609
371788 7.70809
372533 7.83782
373280 7.96541
374025 8.09095
