1490.27 2
5216.56 2
8943.85 2
17141.5 2
20866.8 2.5
32037.6 1
32787.7 1
40234.3 2
47683.9 2.5
49178 2.9
57369.6 3.24483
58863.7 3.55301
70036.6 3.83446
71529.7 4.09525
72275.8 4.33944
86427.9 1
87922 2
88667.1 3
89412.1 3
99837.9 3.33333
100584 3.63333
102077 3.90856
111759 1
112504 2
113998 2.5
125171 2.9
126664 3.24483
138586 3.55301
140075 3.83446
140821 4.09525
149012 4.33944
151252 4.56988
151994 4.78871
153486 4.99753
162428 5.19763
164660 5.39003
165405 5.57555
166897 5.75491
175089 5.92867
175834 6.09735
178071 6.26135
178816 6.42106
180308 6.5768
187010 6.72885
187755 1
188500 1
190740 1
192230 2
193720 3
200421 4
204893 4.25
206384 4.48529
213087 4.70824
213832 1
218304 2
220540 3
227248 3.33333
233950 3.63333
234696 3.90856
239165 4.16441
245871 4.40454
246616 4.63158
251831 4.84749
253320 5.05378
259283 5.25165
260027 5.44207
265987 5.62582
268226 5.80357
269715 1
275674 2
276422 3
283123 3
285362 3
291321 1
295793 2
298028 2.5
306220 1
309199 2
319635 1
321125 2
333041 2.5
333786 2.9
344217 3.24483
345711 3.55301
353903 3.83446
354648 4.09525
355397 4.33944
361355 4.56988
362103 4.78871
362847 4.99753
363592 5.19763
369551 5.39003
370296 5.57555
371041 5.75491
371788 5.92867
373278 6.09735
379237 6.26135
380730 6.42106
381475 6.5768
382220 6.72885
