1495.27 49.8278
5216.56 20.0215
5964.61 33.3408
14160.3 16.6611
15650.4 15.3846
27573.3 11.1095
29061.4 11.1111
40979.3 11.1153
42472.5 11.1111
43216.5 15.7906
52160.2 19.9911
53645.3 20.0054
54392.4 20
55137.4 25
63331.1 26.6786
65569.3 24.9937
67059.4 23.5276
67806.4 23.5238
75997.1 23.5294
77490.2 26.3102
78980.3 27.7778
79724.4 29.4141
80469.4 29.4187
87918 31.25
89411.1 31.25
90158.2 35.2885
91646.3 35.2941
93136.4 33.3308
93880.5 33.3333
102074 31.5789
102819 33.3408
103564 33.3458
105057 35.0047
105801 36.8447
107293 36.8421
108037 36.8421
114740 41.1765
116235 38.8744
116980 38.8744
118468 38.8889
119958 36.8395
120703 40
130386 22.2305
131136 23.5257
131881 27.7736
133370 27.7778
134117 27.7716
143052 29.4118
143797 29.4234
144545 29.4164
145290 31.25
146036 35.2941
146781 35.2997
154973 37.5
155718 37.5
156463 37.5094
157213 37.4937
157958 37.4937
158704 41.17
159449 41.17
168384 38.8889
169879 20
170624 25
172113 23.5331
182545 12.5
184030 12.5031
191481 16.676
193721 20
201912 14.2857
204147 14.2926
213838 12.4948
216813 11.7647
217558 16.6667
226503 17.6485
230974 11.107
240659 10.5263
244380 11.1153
250345 15.3846
251834 20.0018
256301 18.75
262266 18.75
264501 17.6457
265246 22.2206
269712 22.2222
276422 21.0526
283128 11.107
291320 10.002
292065 14.2885
295789 17.654
301754 21.4224
305475 15.3846
314421 11.7638
318146 11.7601
325593 13.3381
327085 17.6498
328575 21.4327
335282 23.0674
336023 25.0056
336772 30.7629
337517 33.3259
