4489.5 2
12687.1 2
14921.3 2.5
29079.4 2.9
29823.5 3.24483
39507.2 3.55301
40254.3 3.83446
40998.3 4.09525
49195 4.33944
49940 4.56988
50684.1 4.78871
51429.2 4.99753
61115.9 5.19763
61861 1
62606 2
63350.1 3
70801.7 3.33333
72290.8 3.63333
73036.8 3.90856
81232.5 4.16441
83466.7 4.40454
84212.7 4.63158
93898.5 4.84749
95387.6 5.05378
97622.8 1
98369.8 2
108056 2
109545 2
110290 3
120721 3.33333
121467 1
122210 2
129659 2.5
130406 2.9
139345 3.24483
140092 3.55301
151266 3.83446
152014 4.09525
152757 4.33944
165425 4.56988
166167 4.78871
166913 1
168405 2
178836 2
179578 3
189264 3.33333
190009 1
191502 2
201185 2.5
202676 2.9
213106 3.24483
214597 3.55301
227262 3.83446
228007 4.09525
229498 4.33944
244398 1
245888 2
246636 3
248124 3
261535 3.33333
262280 3.63333
263025 3.90856
271220 4.16441
272711 4.40454
273455 4.63158
282399 4.84749
283144 5.05378
284632 5.25165
285377 5.44207
296552 5.62582
297297 5.80357
298788 1
299532 2
300281 3
310710 3.33333
311453 3.63333
312945 3.90856
321141 4.16441
321887 4.40454
322630 4.63158
329337 4.84749
330082 5.05378
330826 5.25165
331571 5.44207
340513 5.62582
341258 5.80357
342002 5.97588
342747 6.14322
343492 6.306
354669 6.46458
355414 6.61927
356158 1
356903 1
357650 2
358395 2
368826 3
369570 3
377022 4
377767 4.25
379257 4.48529
