2240.32 2240.32
9690.9 7450.58
11179 8938.7
22355.9 12665
23845 12666
33527.8 11171.9
35020.9 11175.9
35764.9 11919.9
43958.6 10430.8
45451.7 10430.8
46195.7 10430.8
46941.8 11176.9
57373.6 13415
58862.7 13411
59606.8 13411
60351.9 13410
70040.6 12667
70784.7 13411
72273.8 13411
73763.9 14157.1
74511 14159.1
84196.7 14156.1
84941.8 14157.1
86431.9 15647.2
87173.9 14900.2
87920 14156.1
94622.5 8190.64
95369.6 8937.7
96114.6 8940.7
97605.8 9685.75
105057 10434.8
106546 11176.9
107291 11175.9
108782 11175.9
109526 11919.9
118468 13411
119957 13411
121448 14157.1
122940 14158.1
123682 14156.1
124427 14901.2
133370 14901.2
134859 14901.2
137841 13414
146781 13411
148270 13411
149014 14155.1
150505 12664
159448 12667
160936 12666
161680 12666
162428 11922.9
163173 12668
172856 13408
174347 11918.9
175091 11917.9
185524 12668
187013 12666
188503 13412
189247 14156.1
198190 12666
199681 12668
201171 12668
202659 13412
203406 14159.1
210856 9684.75
211601 8941.7
212345 8938.7
220541 9685.75
221284 9683.75
222030 10429.8
222776 10430.8
231717 11175.9
232460 11175.9
233206 11175.9
233951 11920.9
234696 11920.9
245873 14156.1
246616 14156.1
247362 14156.1
248107 14156.1
248855 14158.1
249600 14903.2
261520 15646.2
262263 15646.2
263009 13409
263754 14154.1
274186 12666
274929 12666
275674 12665
286104 11175.9
286850 11920.9
287595 11920.9
298772 12668
300262 13412
301006 13411
301752 14157.1
312929 14156.1
314420 14158.1
315162 14156.1
