4473.5 16.6549
10433 12.5021
12667.1 18.1863
21608.8 13.3333
23097.9 17.6485
25338.1 17.6401
26828.2 21.0452
35763.9 21.0541
37255.1 23.8095
40239.3 16.6667
47689.9 18.7421
49921 17.6471
51414.2 20.0018
57370.6 23.0888
58864.7 26.6691
60354.9 28.5632
61096.9 30.7788
67802.4 28.5687
69295.5 28.5714
70041.6 33.3304
71530.7 33.3333
73020.8 31.2421
81213.5 27.7778
82707.6 27.7757
83452.7 27.7778
84942.8 27.7757
86431.9 30
87922 30
97604.8 17.6526
99098.9 17.6457
100589 21.0511
101334 22.2206
112506 12.5042
113251 17.6526
114744 16.6679
125172 17.6471
126662 16.6667
128155 16.6667
128901 21.0511
137838 23.5294
140076 22.2173
151249 11.1111
151994 15.7895
152742 17.6471
163915 17.6471
164660 17.6471
165408 17.6471
177326 16.6667
178075 21.0467
178819 21.0482
179564 21.0526
189993 23.5276
190737 23.5368
191482 27.7861
192230 27.7778
204149 16.6654
204893 16.6667
205641 16.6667
217559 16.6679
218308 16.6617
219052 21.0482
219797 21.0526
229481 24.9979
230225 25.0084
240660 13.3298
241401 13.3333
242146 18.75
253323 17.6512
254815 16.6629
255560 16.6629
267479 15.7895
268971 19.0452
270461 19.0476
271206 19.0476
281635 21.0526
283124 21.0571
283869 25.005
284618 26.3139
285363 26.3139
295046 27.7778
297284 17.6471
298025 17.6526
309202 15.7895
310694 11.7619
321123 12.5
322612 12.5031
334534 11.1111
336026 14.998
337516 14.997
346455 18.75
348693 17.6457
349434 22.2272
359869 13.3333
360610 13.3333
362103 17.6429
367316 22.2222
368809 22.2222
371041 40
373280 33.3259
374021 42.8818
