2984.38 24.9652
7454.73 16.6667
8942.85 25.0084
17139.5 15.3862
18628.6 20.0036
19377.7 21.4204
20122.7 26.6571
32785.7 11.1136
33533.8 11.1111
35019.9 15.004
44707.6 18.7484
45451.7 18.7547
46944.8 18.7437
48430.9 22.2222
56627.6 15.3894
58115.7 20.009
59610.8 19.9928
66313.3 23.0769
68546.5 21.4286
70785.7 20.0018
72272.8 23.5368
79724.4 22.2222
81957.5 22.2222
84197.7 22.2206
85687.8 22.2156
87173.9 25
96115.6 22.7273
98353.8 17.6471
99839.9 17.6471
110272 15.7895
111017 17.6512
111761 18.75
122941 17.6429
123686 22.2173
124427 22.2239
125917 21.0526
135604 23.535
136349 23.535
137093 27.7861
138583 26.3158
139331 27.7716
149015 27.7778
149760 27.7778
150504 27.7778
161681 17.6471
162426 17.6471
163170 17.6471
175092 16.6667
175837 16.6667
176582 21.0526
189248 11.1111
202659 5.55556
203404 10.5263
215326 11.7638
216814 11.1119
227247 12.5
228735 16.6692
237678 14.2857
239915 13.3286
251089 11.1111
252577 11.7684
254067 15.7939
265245 15.7895
266733 15.7895
268223 15.7895
269717 19.0428
279401 21.0526
280890 21.0511
282379 21.0526
294301 11.1111
295790 15.001
296538 15.7861
308457 15.7895
309946 11.1136
320378 12.5
321867 12.5
333792 11.1086
335278 15.001
336772 14.996
345710 18.7547
347203 18.7437
347948 23.522
350182 22.2239
359124 13.3333
361355 13.3369
365830 22.2222
366575 30
368061 33.3333
369555 60
370299 60.0161
371786 60
372535 66.6071
374766 57.1867
375515 57.1319
376260 66.6071
377002 66.7264
377747 71.4834
378496 99.8927
379241 100
379986 100
