2822 2000
4917.5 2095.5
4918.5 1
13108.5 8189.99
13109.5 1
13856.6 747.133
16090.4 2233.74
30250.5 14160.1
31737.6 1487.12
31738.6 1
39189.2 7450.58
39932.2 743.058
40677.3 745.058
40678.3 1
50365 9686.75
51854.2 1489.12
52598.2 744.058
53344.3 746.058
63776.1 10431.8
63777.1 1
65264.2 1487.12
66010.3 746.058
66755.3 745.058
80914.4 14159.1
81659.5 745.058
82401.5 742.058
95070.5 12669
95811.6 741.058
108480 12668
109223 743.058
117420 8197.64
118909 1489.12
118910 1
127849 8938.7
129340 1491.12
130084 744.058
130085 1
141260 11174.9
142751 1491.12
143499 748.058
144241 742.058
159889 15647.2
160636 747.058
160637 1
170319 9682.75
171064 745.058
172554 1489.12
181495 8941.7
182984 1489.12
191924 8939.7
193415 1491.12
193416 1
204592 11175.9
206081 1489.12
207571 1490.12
207572 1
218003 10430.8
219492 1489.12
220235 743.058
220980 745.058
229179 8198.64
229180 1
230668 1488.12
232158 1490.12
232906 748.058
241845 8938.7
242590 745.058
242591 1
244079 1488.12
245569 1490.12
246317 748.058
261218 14901.2
262706 1487.12
262707 1
263454 747.058
273137 9683.75
274627 1489.12
275370 743.058
276117 747.058
276118 1
284310 8192.64
288786 4475.35
288787 1
298469 9682.75
301447 2977.23
302942 1495.12
315603 12661
317098 1495.12
327524 10425.8
329016 1492.12
329017 1
335719 6702.52
337214 1495.12
337958 744.058
337959 1
343916 5956.46
345410 1494.12
346154 744.058
347642 1488.12
352857 5214.41
352858 1
354347 1489.12
