2441 2000
2683.32 242.323
2684.32 1
7167.97 4483.65
7168.97 1
10131.9 2962.93
11623 1491.12
22799.9 11176.9
25033.1 2233.17
25034.1 1
33970.8 8936.7
35460.9 1490.12
36208.9 748.058
36209.9 1
42911.5 6701.52
45151.6 2240.17
45894.7 743.058
46640.7 746.058
55577.4 8936.7
55578.4 1
58557.7 2979.23
59305.7 748.058
60050.8 745.058
68988.5 8937.7
70478.6 1490.12
70479.6 1
72717.8 2238.17
74207.9 1490.12
74952 744.058
84634.7 9682.75
86869.9 2235.17
88364 1494.12
88365 1
101776 13411
101777 1
103265 1488.12
104010 745.058
111457 7446.58
114442 2985.23
114443 1
121143 6699.52
123383 2240.17
124128 745.058
132318 8190.64
132319 1
135299 2979.23
136044 745.058
150205 14161.1
150206 1
151694 1488.12
163611 11916.9
165101 1490.12
174792 9690.75
176281 1489.12
186713 10431.8
186714 1
197143 10429.8
197889 745.058
211300 13411
211301 1
223216 11914.9
223961 745.058
235136 11175.9
235881 745.058
235882 1
250043 14160.1
251532 1489.12
264941 13409
266433 1492.12
276862 10428.8
276863 1
277607 744.058
288041 10433.8
289530 1489.12
289531 1
290273 742.058
300702 10428.8
302196 1494.12
303686 1490.12
304429 743.058
304430 1
314858 10427.8
316352 1494.12
317842 1490.12
318585 743.058
328269 9683.75
329763 1494.12
330506 743.058
336469 5963.46
338702 2232.17
338703 1
339447 744.058
344665 5218.41
346897 2232.17
348389 1492.12
348390 1
349132 742.058
353602 4469.35
355838 2236.17
357330 1492.12
358076 746.058
358820 744.058
