1495.27 49.8278
5216.56 20.0215
5964.61 33.3408
14160.3 16.6611
15650.4 15.3846
27573.3 11.1095
29061.4 11.1111
40234.3 11.7694
41728.4 11.7638
42474.5 16.6642
51414.2 19.9928
54394.4 17.6471
55137.4 17.6512
56628.6 21.0556
65571.3 21.0511
69295.5 20
70784.7 19.0464
72273.8 19.0488
80467.4 20.0067
81962.5 22.7273
83450.7 26.3176
84940.8 26.3158
87174.9 25
96118.6 23.8019
97608.8 23.8095
99098.9 26.087
99843.9 27.2694
101332 27.2727
102822 28.5696
111015 20.009
112510 19.9964
113252 25.0021
114743 25
123681 23.5294
125171 23.5387
125918 23.5294
127409 23.5294
128899 26.3158
135602 31.25
137842 29.4002
138584 29.4118
140075 29.4118
141565 29.4118
143055 31.5789
149758 31.5789
151993 31.5901
152740 31.5789
154233 31.5745
155721 31.5789
157211 31.5789
166899 17.6471
168387 21.0556
169131 22.2239
170622 22.2222
176580 30.7851
178073 30.7692
178817 30.7692
179563 35.7109
181053 35.7143
188501 31.25
189994 31.25
190738 31.25
191483 31.2526
192229 35.2941
193719 35.2941
201167 35.2941
202657 35.3025
204152 33.3259
204897 33.3259
205640 33.3333
213833 23.0888
214578 28.5851
215323 28.5851
216816 26.6667
225754 25
227247 23.5238
227994 23.5201
229484 23.5257
230226 27.7798
238420 29.4118
241405 18.75
242147 18.75
248105 23.0769
251086 23.0888
252579 21.4265
254069 24.9979
260026 25
263757 23.5201
265244 23.5313
266735 23.5294
268225 26.3158
274183 26.3158
275676 31.2552
277910 29.4118
278655 31.2526
279400 33.3363
285358 33.3333
286103 37.5
287599 37.4937
289831 37.5
