2998.38 28.5421
10450 9.99866
11942.1 16.6611
23113.9 11.7666
25354.1 11.1103
35034.9 12.5
36527 13.3369
37274.1 18.7516
44720.6 23.0769
46212.7 23.0769
46959.8 23.0769
48447.9 26.6714
56641.6 25
58136.7 24.9937
58880.7 25
60368.9 25
70056.6 13.3333
71546.7 17.6471
72291.8 18.7469
81977.5 18.75
84212.7 17.6471
84957.8 17.6471
86445.9 21.0556
95389.6 22.2206
98368.8 21.0526
99113.9 21.0526
100605 21.0482
101349 24.9966
108797 27.7861
111780 27.7778
113268 18.7531
119972 20
123702 18.7484
125189 18.75
133384 16.6667
135623 19.0428
137110 22.2272
149029 11.1153
150524 11.1086
151268 15.7872
160210 15.3846
160954 15.3846
169894 15.3862
170639 15.3846
172128 20.0036
183301 16.6716
184046 16.6716
185542 16.6629
187029 20
198207 19.9946
199695 19.0452
201185 19.0513
202675 19.0476
211618 22.2222
213106 25.0034
213853 26.3121
216086 25
217576 25
226519 25
228007 25
228754 28.5678
230242 27.2761
230987 30
231735 31.5723
241421 29.998
242910 29.996
243655 30
245143 31.8221
254086 20
254831 25
256319 23.5331
257809 23.5294
265262 26.6667
266750 25.0042
268240 25
268986 29.4094
269730 31.25
276438 33.3333
277183 35.7074
278674 35.704
279417 35.7143
280162 40
281651 37.5
289849 33.3333
292083 18.75
292828 23.5294
294320 23.5238
300280 28.5714
304004 15.3878
305493 20.0054
312200 18.75
316670 17.6471
318159 17.6471
325612 16.6667
327100 20.0027
331573 19.9973
333063 19.996
337528 25.0084
339023 24.9958
340514 27.7716
