3057.25 2
9160.76 3
10688.6 2
18321.5 2.5
19849.4 2.9
32054.4 3.24483
33582.3 3.55301
47313.2 3.83446
53422.2 4.09525
59530.2 4.33944
61058.1 4.56988
65633.8 4.78871
67161.6 2
74790 3
76317.9 3.33333
77843.8 3.63333
85471.2 3.90856
86999.1 4.16441
88524.9 4.40454
99204.1 4.63158
100732 4.84749
102258 5.05378
112937 5.25165
114465 5.44207
115991 5.62582
117517 2
128196 3
129724 3.33333
143455 3.63333
151084 2
161765 2.5
163293 2.9
173972 3.24483
175500 3.55301
183127 3.83446
184655 4.09525
186181 4.33944
193809 4.56988
195336 4.78871
196862 4.99753
198388 5.19763
209067 5.39003
210595 5.57555
212121 5.75491
213647 5.92867
221274 6.09735
222802 6.26135
224328 6.42106
225854 2
233481 3
235009 4
236535 4.25
238061 4.48529
248740 4.70824
250268 4.92064
251794 5.12386
259421 2
260949 3
262475 3.33333
264001 3.63333
271628 3.90856
273156 4.16441
274682 4.40454
282310 4.63158
283837 4.84749
285363 5.05378
286889 5.25165
297568 5.44207
299096 5.62582
300622 5.80357
311301 5.97588
312829 6.14322
314355 2
325034 3
326562 4
340293 4.25
347922 2
352500 3
360129 3.33333
364707 3.63333
372336 3.90856
373864 4.16441
381492 2
383020 3
384545 3.33333
389121 3.63333
393699 3.90856
395227 4.16441
402854 4.40454
407432 4.63158
408960 4.84749
410485 5.05378
415061 5.25165
419639 5.44207
421167 5.62582
422692 5.80357
424218 5.97588
428794 6.14322
433372 6.306
434899 6.46458
436425 6.61927
437951 6.77034
439477 6.91805
441003 7.0626
445579 7.20419
447106 7.343
448632 7.47918
450158 7.61288
451684 7.74424
453210 7.87337
454736 8.00038
459312 8.12537
460839 8.24844
462365 8.36968
463891 8.48916
465417 8.60696
466943 8.72314
468469 8.83778
469995 8.95093
474570 9.06265
476098 9.17299
477624 9.28201
479150 9.38974
480676 9.49624
482202 9.60155
483728 9.7057
488303 9.80873
489831 9.91068
491357 10.0116
492883 10.1115
494409 10.2104
495935 10.3083
497460 10.4053
502036 2
503564 3
505090 4
506616 5
508142 6
509668 6.16667
511193 6.32883
512719 6.48684
517295 2
518823 3
520349 4
521875 4.25
523400 4.48529
531028 2
532556 3
534082 3.33333
538657 3.63333
543235 3.90856
544763 4.16441
549338 4.40454
556968 4.63158
558496 4.84749
560022 5.05378
561547 5.25165
572227 5.44207
573754 5.62582
575280 5.80357
585959 5.97588
587487 6.14322
589013 6.306
596641 2
598168 3
599694 4
601220 4.25
605796 4.48529
607324 4.70824
611899 4.92064
613427 5.12386
618003 5.31903
619531 5.50703
627158 5.68862
628686 5.86441
630212 6.03493
631738 6.20063
639365 6.36191
640893 6.51909
642419 2
643945 3
645471 4
653098 4.25
654626 4.48529
656152 4.70824
657678 4.92064
662253 5.12386
663781 5.31903
665307 5.50703
666833 5.68862
671409 5.86441
672937 6.03493
674462 6.20063
675988 6.36191
677514 6.51909
685142 6.67249
686669 6.82236
688195 6.96893
689721 7.11243
691247 7.25303
695823 7.3909
697351 7.5262
698876 7.65907
700402 7.78963
701928 7.91801
703454 8.0443
708030 2
709558 3
711084 4
712609 5
714135 5.2
715661 5.39231
717187 5.57776
718713 5.75704
726340 5.93074
727868 6.09935
729394 6.26331
730920 6.42297
732446 6.57866
737021 6.73066
738549 6.87924
740075 7.0246
741601 7.16696
743127 7.30649
744653 7.44335
749229 7.5777
753806 7.70967
755334 7.83937
756860 7.96694
758386 8.09245
762961 8.21603
767539 8.33774
769067 8.45768
770593 8.57591
772119 2
773645 3
775170 4
782798 5
784326 5.2
785852 5.39231
787377 5.57776
795005 5.75704
796533 5.93074
798059 6.09935
799585 6.26331
810264 2
811792 3
813317 4
814843 4.25
822471 4.48529
823999 4.70824
831626 2
833154 3
843833 3.33333
845361 3.63333
846887 3.90856
857566 4.16441
859094 4.40454
860620 4.63158
871299 4.84749
872827 5.05378
874353 5.25165
885032 5.44207
886560 5.62582
888085 5.80357
898765 2
900293 3
901818 3.33333
903344 3.63333
907920 2
912498 2.5
914025 2.9
918606 3.24483
920133 3.55301
924714 3.83446
926241 4.09525
930817 4.33944
935395 4.56988
936923 4.78871
938448 4.99753
943025 5.19763
947603 5.39003
949131 5.57555
950656 5.75491
955232 5.92867
956760 6.09735
961336 6.26135
962864 6.42106
964389 6.5768
968965 6.72885
970493 6.87746
972019 7.02286
976594 7.16526
978122 7.30482
982698 7.44171
984226 7.57609
985752 7.70809
987278 7.83782
988803 7.96541
990329 8.09095
994905 8.21454
996433 2
997959 3
999485 4
