228.666 228.666
783.46 554.794
895.219 666.552
1789.29 1005.83
2015.81 1232.35
2128.56 1233.35
2351.08 1455.86
3917.7 2128.42
4029.46 2240.17
4364.74 2348.93
4475.5 2459.69
4586.26 2457.69
4811.77 2683.21
5035.29 2684.21
5258.81 2907.73
7270.47 3352.76
7377.22 3347.76
7716.5 3351.76
7829.26 2570.45
8831.09 1001.83
10060.4 1229.35
10175.2 1344.1
11517.3 1456.86
11628.1 1452.86
13193.7 1676.38
13304.4 1787.14
13527 1898.9
15201.3 2007.66
15316.1 2011.66
15538.6 2234.17
15649.4 2122.42
16989.5 1788.14
17101.2 1785.14
18330.6 1341.1
18442.3 1452.86
18556.1 1454.86
19898.2 1567.62
20011 1568.62
20120.7 1564.62
20232.5 1676.38
21798.1 1899.9
21909.9 1898.9
22021.6 1900.9
22132.4 1899.9
22357.9 2125.42
23586.2 1788.14
23810.8 1900.9
23921.5 1899.9
25150.9 1340.1
25262.6 1341.1
25485.1 1563.62
26488 1337.1
26716.5 1453.86
26938 1452.86
28056.6 1568.62
28168.3 1680.38
28279.1 1562.62
28390.9 1452.86
29510.4 1453.86
29621.2 1452.86
29732 1563.62
29845.7 1566.62
29957.5 1566.62
30963.3 1452.86
31074.1 1228.35
31184.8 1227.35
32527.9 1564.62
32638.7 1564.62
32749.5 1564.62
33975.8 1447.86
34087.6 1559.62
34202.3 1563.62
34425.8 1676.38
35657.2 1681.38
35767.9 1680.38
35878.7 1791.14
35990.5 1788.14
36104.2 1678.38
37440.3 1783.14
37552.1 1784.14
39120.7 1680.38
39228.5 1788.14
39343.2 1791.14
41020.6 1899.9
41128.4 1899.9
42809.7 1789.14
42916.5 1788.14
44261.6 1451.86
44374.4 1457.86
45490.9 1229.35
45598.7 1337.1
45710.5 1336.1
47167.3 1676.38
47389.8 1791.14
47498.6 1899.9
47613.4 1902.9
49290.7 2123.42
49513.3 2123.42
