673.701 673.701
1566.77 893.07
1905.05 1231.35
3354.91 1788.14
3689.19 2122.42
4139.22 2234.17
4250.98 2345.93
7493.98 3243
7605.74 3354.76
8719.33 1225.35
9612.4 893.07
9952.67 1233.35
11070.3 1457.86
11404.5 1451.86
12518.1 1447.86
12858.4 1788.14
13081.9 1677.38
14977.8 1895.9
15089.6 2007.66
16658.2 1680.38
16880.7 1791.14
17883.5 1225.35
17994.3 1336.1
19447.2 1563.62
19558.9 1564.62
21348.1 1900.9
21574.6 2015.66
21687.3 2128.42
23136.2 1788.14
23362.7 1788.14
23475.5 1788.14
23698 2010.66
24700.8 1564.62
24811.6 1448.86
24928.3 1452.86
25040.1 1342.1
26269.4 1341.1
26376.2 1447.86
26604.7 1564.62
27830.1 1560.62
29171.2 1341.1
29397.7 1567.62
30623 1451.86
30851.6 1453.86
32299.4 1447.86
32411.2 1559.62
33864 1452.86
35316.9 1452.86
35544.4 1680.38
36993.3 1676.38
37332.6 1788.14
38562.9 1569.62
38669.7 1676.38
38897.2 1564.62
40347 1784.14
40457.8 1788.14
40686.3 2016.66
40798.1 1900.9
42139.2 1792.14
42474.5 1676.38
42581.2 1783.14
43699.8 1560.62
44039.1 1564.62
45040.9 1341.1
45267.4 1228.35
46605.5 1564.62
46829 1561.62
46939.8 1672.38
48621.2 2015.66
48952.5 2123.42
49063.2 2123.42
49179 2239.17
