3728.44 2
9687.9 3
11177 4
20863.8 5
21608.8 6
22352.9 7
23097.9 8
34274.8 8.125
35019.9 1
35763.9 1
36513 2
37258.1 2
38748.2 3
40238.3 4
41724.4 5
52156.2 5.2
54389.4 5.39231
55134.4 5.57776
56625.6 5.75704
58115.7 5.93074
62587 6.09935
64820.2 6.26331
66311.3 6.42297
67801.4 6.57866
69290.5 6.73066
75253 6.87924
75998.1 7.0246
78231.2 1
79726.4 2
81216.5 2
83446.7 3
89410.1 4
90154.2 4
90898.2 4.25
101330 4.48529
102075 4.70824
102819 4.92064
103564 5.12386
113997 1
114744 2
115489 3
116234 3.33333
116975 3.63333
126662 3.90856
127407 4.16441
128151 4.40454
140074 4.63158
140819 4.84749
141562 5.05378
142307 5.25165
154230 5.44207
154975 5.62582
155718 1
156463 2
157212 3
169876 3.33333
170621 3.63333
171365 1
183289 2
184034 2.5
194463 2.9
195207 3.24483
204894 3.55301
205638 1
206382 2
217560 2.5
218304 2.9
229481 3.24483
230225 3.55301
242892 3.83446
243636 4.09525
245125 4.33944
259282 4.56988
260027 1
261521 2
262265 3
269714 3.33333
271948 3.63333
272693 3.90856
280892 4.16441
284614 4.40454
285361 4.63158
294303 4.84749
295048 1
299517 2
300263 3
306967 3
310693 1
311438 2
320380 2
324104 2.5
330806 2.9
335281 3.24483
339747 3.55301
341984 3.83446
342729 4.09525
347197 4.33944
350924 4.56988
351670 4.78871
352415 4.99753
