673.701 16.5888
1566.77 25.028
1905.05 27.2284
3354.91 25
3693.19 26.2787
4139.22 20.009
4250.98 14.2918
6376.4 11.0964
6711.67 6.65872
7044.95 4
8611.57 14.2675
8721.33 6.66667
10286 14.2857
10397.7 13.3333
11735.8 15.4164
11850.6 23.0769
13188.7 23.0769
13303.4 21.3876
13416.2 28.5532
14981.8 24.9303
15091.6 18.75
15205.3 11.7523
15317.1 17.6378
16653.2 23.1566
16768 21.456
16992.5 20.0119
17994.3 33.3333
18106.1 33.4081
18333.6 33.3333
18667.9 26.6826
19785.4 31.1977
19894.2 31.25
20121.7 31.25
20567.8 29.4118
20792.3 26.3034
21685.3 29.4118
21794.1 35.2941
22021.6 35.2941
22467.6 35.2941
22578.4 31.285
23473.5 25
23699 16.6501
23810.8 22.1671
24033.3 22.2222
25485.1 25.028
25593.9 17.6936
25710.7 11.7647
25822.4 12.493
27270.3 21.4973
27382 21.4973
27609.6 18.7605
29058.4 18.75
29170.2 25
29397.7 25
30623 28.5714
30734.8 26.6667
30850.6 33.254
31074.1 26.6667
32416.2 18.6977
32527.9 18.6977
32638.7 17.61
33752.3 25.0936
33864 25.0936
33975.8 33.4331
35321.9 28.4804
35544.4 26.6032
35657.2 24.9303
35767.9 31.1803
36881.5 35.8288
36993.3 38.5677
37109 38.488
37220.8 28.5897
37445.3 19.9881
38786.4 11.7338
38898.2 17.6007
40351 14.2857
40462.8 13.3333
41801.9 15.4058
41910.7 15.4377
43366.5 21.4286
43591 19.9524
43814.6 17.61
45266.4 23.5294
45598.7 16.6999
45827.2 11.1056
45939 15.782
47386.8 21.4973
47498.6 20.0598
47610.4 20.0598
48727.9 25
48955.5 30.6848
49067.2 30.6848
