3728.44 3728.44
12667.1 8938.7
14160.3 10431.8
26824.2 14157.1
29062.4 14902.2
38000.1 11175.9
38745.2 9682.75
39489.2 10426.8
49921 11920.9
50666.1 11920.9
51410.2 11920.9
52155.2 12666
64077.1 14156.1
64822.2 14156.1
65566.3 14156.1
66311.3 14156.1
78233.2 14156.1
78978.3 14901.2
79722.4 14900.2
80471.4 14905.2
81216.5 14905.2
90899.2 12666
91644.3 11172.9
92389.3 11172.9
99839.9 8940.7
101329 9684.75
102075 9685.75
102819 10429.8
112506 12666
113999 12670
114741 12666
115486 12667
116230 13411
127407 12666
128152 12666
128897 12667
137093 9685.75
138582 10429.8
139328 11175.9
140072 11174.9
149014 11920.9
151249 12667
151994 12666
152738 13410
153483 13411
163915 14901.2
166898 15649.2
167643 15649.2
168388 15650.2
179561 11917.9
190737 11175.9
192226 12665
203403 12666
204893 12667
217562 12669
218307 13414
230225 11917.9
231715 13408
242891 12666
245125 13410
258540 15649.2
260026 17135.3
261521 16395.3
274185 15644.2
277164 15643.2
285360 11175.9
288340 11175.9
297281 11920.9
298771 13411
301751 13411
312928 14156.1
316655 14904.2
323358 10430.8
333044 9685.75
334532 11173.9
343475 10430.8
344963 10430.8
352416 8940.7
353904 10428.8
354651 9687.75
360613 8197.64
362099 8195.64
362848 8944.7
364335 9683.75
368063 7449.58
368808 6708.52
369553 6704.52
371040 6705.52
371788 7453.58
375514 7451.58
377001 8192.64
377750 8196.64
379236 8195.64
379985 8196.64
380730 8941.7
382220 6705.52
382965 5964.46
383710 5960.46
384455 5219.41
385200 5215.41
