10689.4 2.85494
19851.2 3.33097
21374.5 5.71216
30539.5 5.71042
30541.3 6.65831
33593 7.49295
33594 11.103
39703.6 13.3206
42751.1 9.99775
45798.1 12.0002
45804.6 11.9965
50382.2 10.9062
51899.6 11.6692
58004.1 10.0055
59538.5 8.88824
61056.9 11.6697
64109.6 11.666
68689.3 9.0882
68693.7 14.2744
71747.2 12.4982
74801.3 11.1018
77852 10.9023
80903.8 11.9216
83962.8 9.99319
88532.2 8.57223
91586.9 8.56982
93124.3 9.99319
97705.9 9.97987
100752 10.6267
108385 5.71536
109912 6.66303
117553 8.87326
120601 5.71016
128235 5.71376
131287 5.71149
134336 6.66533
137395 9.99429
141974 8.56703
146551 7.4951
149601 7.99687
155706 6.66667
158761 7.27186
158765 9.99127
164860 8.33424
164870 13.3199
167922 13.3239
169439 13.3333
172491 11.116
174030 13.3272
177083 13.3253
180136 12.4936
181645 14.5455
184696 12.0008
186238 12.4987
189275 12.728
190819 13.3307
193872 13.3295
195380 13.3314
196918 13.9865
198434 15.0132
203011 12.5151
203028 15.5332
206060 14.2871
207602 15.5598
209113 15.0157
213692 12.0008
215231 14.9844
216741 13.3525
219794 11.4286
219809 15.5366
224388 12.7259
227422 12.5161
230475 11.1103
230488 11.4318
233526 12.7271
236581 12.725
236594 15.0009
239647 14.2817
245732 10.6432
247263 11.4283
248783 10.0148
251838 10.0131
254898 13.3181
259470 10
262525 10.3993
267101 7.50246
268634 9.9902
276259 6.6657
276264 9.9921
282359 8.00052
286949 8.56464
289999 6.66558
296090 6.66764
296107 8.87889
303731 7.27403
305250 9.99429
308311 8.33242
309830 8.89552
317468 9.68478
325096 5.45455
326633 6.65905
335726 5.7416
337299 7.50246
338780 7.53738
347941 3.33106
349458 8.8897
352511 8.02475
355563 7.27359
358620 9.99236
364718 9.09537
367770 8.92605
372350 6.66812
373893 9.9785
378449 8.57262
381518 9.9864
383029 11.4307
387623 8.89035
392189 6.66358
393729 9.98628
396788 9.98992
399833 9.99727
402890 9.99319
405934 11.1012
408998 9.98992
413563 9.09591
415100 9.99836
416618 11.1153
418149 12.4916
424248 10.0061
427311 6.66213
428824 11.9984
431875 10.9151
431888 11.7954
441033 6.66431
441048 6.66358
450194 6.66303
451717 5.72096
460873 5.71522
463926 4.99918
463928 8.88809
473093 3.3297
483774 2.85727
497508 2.22198
500560 5.42363
502076 7.15964
511239 3.33034
512755 7.50754
521912 5.71869
523440 5.71202
524960 8.89682
535643 6.66764
535647 7.5
538700 7.9996
541748 7.27143
544808 13.3195
550905 8.00065
550907 9.9996
553959 9.99653
555481 11.1111
560067 13.3228
563111 10.0041
566171 9.99591
567688 10.912
569222 11.1045
572276 10.9024
575317 12.0073
578377 12.501
579894 12.7288
581429 13.3253
584471 12.0073
587522 12.0096
589055 12.7311
592101 12.5
593635 14.0009
599731 8.57563
601262 10.905
602785 11.4254
605837 11.1087
610411 9.09537
615014 6.65071
616514 10.9104
619571 10.0012
619590 13.2985
624174 13.3257
627200 12.7446
634825 6.14419
639405 6.01111
642457 6.92801
645520 8.56082
650929 9.99429
653148 8.88243
663829 4.73158
666884 4.44356
672991 6.66194
676044 6.66321
676684 9.99319
679098 9.99408
685205 9.99292
688259 7.90957
691315 7.49402
