487 24
1087 40
1487 24
1967 25
2686 34
3162 36
3887 27
4367 27
4967 24
5686 30
6287 27
6767 28
7487 24
8087 30
8682 28
9166 28
9887 25
10487 24
10967 24
11682 27
12287 26
12767 26
13367 25
13967 24
14567 23
15166 22
15767 21
16246 21
16847 21
17682 22
18407 20
18887 20
19607 23
20202 22
21166 26
21642 26
22247 25
22722 26
23447 24
24047 23
24407 21
25007 20
25487 17
26087 20
26567 20
27166 19
27887 21
28726 22
29202 22
29927 21
30407 21
31126 19
31487 17
32447 17
32927 17
33527 20
34007 20
34967 20
35807 21
36287 21
36767 22
37487 20
37847 21
38447 20
39527 23
39887 21
40367 21
40967 20
41327 21
41807 21
42287 21
43367 21
43722 22
44327 21
44682 22
45287 21
45646 22
46487 24
46967 24
47567 27
47927 24
48407 24
49007 27
49487 24
