4473.5 2
11922.1 3
13411.2 4
23843 5
24588.1 6
26077.2 7
26822.2 8
38744.2 8.125
40233.3 8.24808
41723.4 1
43218.5 2
43963.6 3
45453.7 3
46943.8 3
49178 4
55880.5 5
57370.6 5.2
60353.9 5.39231
61840 5.57776
66311.3 5.75704
67800.4 5.93074
69290.5 1
72274.8 2
73765.9 3
78981.3 3.33333
80466.4 3.63333
87174.9 3.90856
91643.3 4.16441
93132.4 4.40454
102076 4.63158
106548 4.84749
108034 5.05378
108784 5.25165
116977 5.44207
119959 5.62582
120702 5.80357
121445 5.97588
122190 6.14322
130388 6.306
132622 6.46458
133368 1
134111 2
134861 3
136351 4
143799 4
146034 4.25
147522 4.48529
149012 4.70824
152740 4.92064
155719 5.12386
157952 5.31903
159443 5.50703
164663 5.68862
167640 5.86441
169133 6.03493
170618 6.20063
172109 6.36191
176580 6.51909
178817 6.67249
180306 6.82236
181794 6.96893
182540 7.11243
184029 7.25303
189991 7.3909
192973 7.5262
195207 7.65907
196695 1
197442 1
198936 2
199680 3
204892 4
207874 4
210853 4.25
218307 1
219797 1
223521 2
227248 2
238421 3
239166 3.33333
249597 3.63333
251085 3.90856
252577 4.16441
262263 4.40454
263751 4.63158
265988 4.84749
266735 5.05378
276420 5.25165
277912 1
280889 2
281637 3
283122 3.33333
290576 3.63333
293555 3.90856
295048 4.16441
301007 4.40454
303986 4.63158
304731 4.84749
306224 5.05378
311437 5.25165
315162 5.44207
