2984.38 2
7454.73 3
8942.85 4
17139.5 2
18628.6 2
19377.7 2.5
20122.7 2.9
32785.7 3.24483
33533.8 3.55301
43962.6 3.83446
44706.6 4.09525
45451.7 4.33944
52158.2 4.56988
53646.3 4.78871
54392.4 4.99753
55136.4 5.19763
62589 5.39003
64077.1 5.57555
64823.2 5.75491
65567.3 5.92867
66312.3 6.09735
76745.1 6.26135
78233.2 6.42106
78979.3 6.5768
79723.4 6.72885
80468.4 6.87746
81213.5 7.02286
92390.3 1
93881.5 1
94628.5 1
95373.6 2
96118.6 3
96863.7 3
97604.8 4
108782 4.25
109528 4.48529
110271 1
111765 2
122193 3
122939 3.33333
132623 3.63333
133369 3.90856
134113 4.16441
146781 1
147525 2
148273 2
149018 3
160939 3.33333
161681 3.63333
162425 3.90856
169876 4.16441
170621 4.40454
171366 4.63158
180307 4.84749
181052 5.05378
181797 5.25165
183286 5.44207
193719 5.62582
195207 5.80357
195953 5.97588
197443 6.14322
198191 6.306
210855 6.46458
212344 1
213090 2
214583 2
215327 3
216073 3
226501 4
229481 4.25
230228 4.48529
239167 4.70824
239912 1
242150 2
242895 3
254068 3.33333
255558 3.63333
256303 3.90856
265242 4.16441
267478 4.40454
268224 1
277908 2
279403 3
280889 3.33333
291321 1
292811 2
293556 2.5
306970 2.9
307715 3.24483
318888 3.55301
319633 3.83446
321122 4.09525
332299 4.33944
333044 4.56988
334533 4.78871
335281 4.99753
347203 5.19763
347945 1
349438 2
350183 3
