3424.38 2955.38
10877 7452.58
12365.1 8939.7
23544.9 12668
26524.2 14159.1
33972.8 10427.8
36209.9 9685.75
36955 10429.8
42911.5 8938.7
45150.6 8940.7
45895.7 8940.7
46639.7 9683.75
54092.3 11180.9
57071.6 11920.9
57816.6 11920.9
58561.7 11921.9
66753.3 12661
68243.4 14150.1
70482.6 13411
71971.7 14155.1
72717.8 14156.1
80164.4 13411
82404.5 14161.1
83148.6 14904.2
85382.8 14900.2
87618.9 15647.2
88364 15646.2
95810.6 15646.2
97305.7 14901.2
98049.8 14901.2
99538.9 16389.3
101029 15646.2
110717 13411
111461 13411
112952 13413
114442 13413
121892 11174.9
124127 9684.75
125616 11172.9
133063 11171.9
136048 11920.9
136793 11176.9
144239 11175.9
144984 11919.9
147969 11920.9
148714 11920.9
156905 12666
158398 13414
159889 14903.2
162871 14902.2
163616 14902.2
173297 16391.3
174790 16391.3
176280 16391.3
177770 14899.2
178516 15644.2
180007 16391.3
188943 15646.2
189688 14898.2
190438 14158.1
191926 14156.1
200121 10432.8
200864 10425.8
202359 11919.9
203103 11176.9
215025 12666
215769 13409
217258 14155.1
227688 12663
228435 12666
229924 12666
230671 13412
242589 14901.2
243336 14901.2
244080 14156.1
244827 14156.1
246315 15643.2
256000 13411
256745 11917.9
258236 11920.9
265688 9687.75
267177 10431.8
268667 10430.8
277609 11920.9
278352 12663
279843 12666
288785 10432.8
289528 11174.9
291019 11175.9
301451 12666
302194 12666
303685 12666
314862 13411
315607 14155.1
316350 14156.1
317098 13413
329763 13413
330508 14157.1
331254 14156.1
342429 11920.9
