451.184 451.184
1121.74 670.552
1343.25 892.07
2573.6 1451.86
2796.12 1674.38
3019.63 1676.38
3131.39 1788.14
5480.33 2906.73
5705.84 3132.24
5929.36 3133.24
6152.88 3356.76
8835.09 2682.21
9727.16 892.07
9948.67 1113.59
10956.5 1229.35
11178 1229.35
12520.1 1563.62
12742.6 1786.14
12855.4 1677.38
14755.3 2235.17
14977.8 2235.17
15093.6 2350.93
15205.3 2349.93
16767 2011.66
16878.7 1900.9
16990.5 1896.9
18219.8 1341.1
18334.6 1455.86
18554.1 1563.62
19672.7 1452.86
19784.4 1449.86
20011 1456.86
20121.7 1567.62
21684.3 1673.38
21796.1 1785.14
22018.6 1896.9
23251 1566.62
23360.7 1564.62
23583.2 1564.62
23698 1679.38
24701.8 1450.86
24813.6 1452.86
25036.1 1452.86
25150.9 1452.86
25263.6 1565.62
26492 1790.14
26601.7 1788.14
26824.2 1788.14
26939 1788.14
27051.8 1788.14
28728.1 2236.17
28839.9 2347.93
29063.4 2011.66
29175.2 2123.42
30401.5 1338.1
30515.3 1340.1
31742.6 1341.1
31856.4 1454.86
32076.9 1561.62
33533.8 1791.14
33644.5 1788.14
33865 2008.66
35430.7 1786.14
35545.4 1900.9
37221.8 1791.14
37333.6 1788.14
38559.9 1338.1
38673.7 1340.1
40124.5 1564.62
40239.3 1679.38
40458.8 1785.14
41800.9 1676.38
41912.7 1673.38
42135.2 1895.9
42248.9 1790.14
43700.8 1899.9
43812.6 1899.9
45041.9 1229.35
45153.7 1341.1
46383 1341.1
46494.8 1452.86
46605.5 1451.86
48059.4 1676.38
48174.2 1679.38
48285.9 1680.38
48393.7 1788.14
49847.5 1788.14
49962.3 1788.14
