4473.5 4473.5
10433 5959.46
12667.1 8193.64
21608.8 11175.9
23097.9 12665
25338.1 12671
26828.2 14161.1
35763.9 14155.1
37255.1 15646.2
40239.3 13411
47684.9 11920.9
49180 11924.9
59606.8 10426.8
60351.9 11171.9
72272.8 12666
73017.8 12666
87923 15650.2
88668.1 16395.3
89412.1 16394.3
100584 12661
101329 12661
102078 13410
103568 14156.1
113996 13412
114740 13411
115489 13411
116979 13411
119213 15645.2
128901 14905.2
129641 14901.2
130391 14902.2
131881 14902.2
134860 15646.2
136347 17133.3
142307 10425.8
143801 11919.9
146036 11175.9
148273 11925.9
154228 11920.9
156467 12666
165405 11176.9
166150 11921.9
167643 11175.9
177325 11919.9
178816 12666
180305 12662
181053 13410
192226 14901.2
194462 15646.2
196701 16396.3
197445 16391.3
198191 17137.3
210109 13407
210854 13409
211602 13411
220541 10432.8
221284 10430.8
222032 11178.9
222778 11175.9
233207 12666
233954 12670
234698 12666
235443 13411
236189 13411
248106 14899.2
248852 14897.2
249601 14902.2
250346 14902.2
260027 10426.8
260772 10426.8
261518 11171.9
271202 11174.9
272696 11178.9
284613 13411
286853 14156.1
298769 14156.1
299515 14902.2
300264 13411
311435 12666
312181 12666
312930 13414
313676 13412
323356 11920.9
324102 10426.8
334537 11180.9
335282 11925.9
336026 11923.9
344223 9685.75
344968 9685.75
345712 9685.75
346457 10430.8
352416 8192.64
353164 8195.64
353908 8195.64
354653 8195.64
356143 9685.75
362844 10428.8
363589 10425.8
364335 10426.8
365085 10431.8
