3424.38 2
10877 2
12365.1 2.5
23544.9 2.9
26524.2 3.24483
34715.8 3.55301
36955 3.83446
37700.1 4.09525
45151.6 4.33944
48130.9 4.56988
48875.9 4.78871
49620 4.99753
58557.7 5.19763
61541.9 5.39003
62287 5.57555
63032 5.75491
71968.7 5.92867
72713.8 6.09735
74952 6.26135
76442.1 6.42106
77188.1 6.5768
86124.8 6.72885
86869.9 1
87614.9 2
89110.1 3
90600.2 4
91344.2 4.25
99535.9 4.48529
103265 4.70824
104010 4.92064
105499 5.12386
113692 5.31903
116676 5.50703
118165 5.68862
119655 5.86441
120398 6.03493
128593 6.20063
131577 6.36191
132322 6.51909
133812 6.67249
134555 1
135302 1
142749 2
146479 3
147224 4
148713 4.25
160636 4.48529
161381 1
162124 2
163616 3
173301 3.33333
174790 3.63333
177023 3.90856
187457 1
188202 2
190438 2.5
201614 2.9
203102 3.24483
215024 3.55301
216513 3.83446
218003 4.09525
227690 4.33944
229179 1
230671 2
232161 3
242592 3
244080 3.33333
244824 3.63333
254512 3.90856
256001 4.16441
256748 4.40454
267174 4.63158
267919 4.84749
268664 5.05378
269412 5.25165
281330 5.44207
282823 5.62582
283570 5.80357
284313 1
285058 1
296231 2
297726 2
298471 3
308902 3.33333
309647 3.63333
310390 3.90856
320078 4.16441
320823 4.40454
321566 4.63158
329018 4.84749
329763 5.05378
330507 5.25165
331997 5.44207
336466 5.62582
337213 5.80357
337957 5.97588
338703 6.14322
340936 6.306
346899 6.46458
347644 6.61927
