245 0
843 0
1443 0
1563 0
2527 0
2766 0
3728 0
3968 0
4087 0
4328 0
5763 0
5887 0
6006 0
6246 0
7803 0
7923 0
8046 0
8168 0
8288 0
9963 0
10087 0
10206 0
10446 0
12127 0
12247 0
12367 0
12606 0
14527 0
14647 0
14768 0
14886 0
16807 0
16927 0
17046 0
19087 0
19207 0
19326 0
21007 0
21127 0
22927 0
23047 0
23286 0
24727 0
24847 0
25086 0
25205 0
27127 0
27247 0
27488 0
27605 0
27725 0
29167 0
29406 0
29525 0
29768 0
31325 0
31566 0
31928 0
33365 0
33606 0
35285 0
35408 0
35648 0
37327 0
37566 0
39007 0
39127 0
39366 0
41168 0
41288 0
41526 0
41646 0
43327 0
43448 0
43686 0
43805 0
43926 0
45603 0
45723 0
45966 0
46086 0
47888 0
48007 0
48126 0
49923 0
