3056.25 4.99265
6582.13 4.32766
8112.01 6.0362
9637.37 9.98858
11170.3 9.97878
12693.1 9.98691
14223 9.98255
15744.9 10.0066
17274.8 9.99127
18796.6 10.0087
20326.5 10
21848.4 10
23378.3 10
24900.2 10
26430 10
27951.9 10
29481.8 9.99476
31003.7 10.0052
32533.6 9.99476
34055.4 10.0052
35585.3 9.99476
37107.2 10.0052
38637.1 10
40159 10
41688.8 10
43210.7 10
44740.6 10
46262.5 10
47792.3 10
49314.2 10.0037
50844.1 9.99626
52366 10.0037
53895.9 9.99626
55417.7 10.0037
56947.6 9.99626
58469.5 10.0037
59999.4 9.99626
61521.3 10.0037
63051.1 10
64573 10
66102.9 10
67624.8 10
69154.7 10
70676.5 10
72206.4 10
73728.3 10
75258.2 10
76780 10.0029
78309.9 9.99709
79831.8 10.0029
81361.7 9.99709
82883.6 10.0029
84413.4 9.99709
85935.3 10.0029
87465.2 9.99709
88987.1 10.0029
90517 9.99709
92038.8 10.0029
93568.7 9.99709
95090.6 10.0029
96620.5 9.99709
98142.4 10.0029
99672.2 9.99709
101194 10.0029
102724 9.99709
104246 10.0029
105776 9.99709
107298 10.0029
108828 9.99709
110349 10.0029
111879 9.99709
113401 10.0029
114931 9.99709
116453 10.0029
117983 9.99709
119505 10.0029
121035 9.99709
122556 10
124086 10
125608 10
127138 10
128660 10
130190 10.525
131712 10.0087
133242 9.99127
134763 10.0087
136293 9.99127
137815 10.0087
139345 9.99127
140867 10
142397 12.395
143919 10.0087
145449 9.99127
146970 10.0087
148500 9.99127
150022 10
151552 10
153074 10
154604 10
156126 10
157656 9.99476
159178 10.0052
160707 9.99476
162229 10.0052
163759 9.99476
165281 10.0052
166811 9.99476
168333 10
169863 10
171385 10
172914 10
174436 10
175966 10
177488 10
179018 9.99626
180540 10.0037
182070 9.99626
183592 10.0037
185121 9.99626
186643 10.0037
188173 9.99626
189695 10.0037
191225 10
192747 10
194277 10
195799 10
197328 10
198850 10
200380 10
201902 10
203432 10
204954 10
206484 9.99709
208006 10.0029
209536 9.99709
211057 10.0029
212587 9.99709
214109 10.0029
215639 9.99709
217161 10.0029
218691 9.99709
220213 10.0029
221743 9.99709
223264 10.0029
224794 9.99709
226316 10.0029
227846 9.99709
229368 10.0029
230898 9.99709
232420 10.0029
233950 9.99709
235471 10.0029
237001 9.99709
238523 10.0029
240053 9.99709
241575 10.0029
243105 9.99709
244627 10.0029
246157 9.99709
247678 10.0029
249208 10
250730 10
252260 10
253782 10
255312 10
256834 10
258364 10
259886 10.0052
261415 10.3612
262937 10.0087
264467 9.99127
265989 10.0087
267519 9.99127
269041 11.1729
270571 9.99127
272093 10.0087
273622 9.99127
275144 10.0087
276674 9.99127
278196 10
279726 10
281248 10
282778 10
284300 10
285829 9.99476
287351 10.0052
288881 9.99476
290403 10.0052
291933 9.99476
293455 10.0052
294985 9.99476
296507 10
298036 10
299558 10
301088 10
302610 10
304140 10
305662 10
307192 9.99626
308714 10.0037
310244 9.99626
311765 10.0037
313295 9.99626
314817 10.0037
316347 9.99626
317869 10.0037
319399 10
320921 10
322451 10
323972 10
325502 10
327024 10
328554 10
330076 10
331606 10
333128 10
334658 9.99709
336179 10.0029
337709 9.99709
339231 10.0029
340761 9.99709
342283 10.0029
343813 9.99709
345335 10.0029
346865 9.99709
348386 10.0029
349916 9.99709
351438 10.0029
352968 9.99709
354490 10.0029
356020 9.99709
357542 10.0029
359072 9.99709
360594 10.0029
362123 9.99709
363645 10.0029
365175 9.99709
366697 10.0029
368227 9.99709
369749 10.0029
371279 9.99709
372801 10.0029
374330 9.99709
375852 10.0029
377382 10
378904 10
380434 10
381956 10
383486 10
385008 10
386537 10
388059 10.0052
389589 10.3613
391111 10.0087
392641 9.99127
394163 10.0087
395693 9.99127
397215 11.174
398744 9.99127
400266 10.0087
401796 9.99127
403318 10.0087
404848 9.99127
406370 10
407900 10
409422 10
410952 10
412473 10
414003 9.99476
415525 10.0052
417055 9.99476
418577 10.0052
420107 9.99476
421629 10.0052
423159 9.99476
424680 10
426210 10
427732 10
429262 10
430784 10
432314 10
433836 10
435366 9.99626
436887 10.0037
438417 9.99626
439939 10.0037
441469 9.99626
442991 10.0037
444521 9.99626
446043 10.0037
447573 10
449094 10
450624 10
452146 10
453676 10
455198 10
456728 10
458250 10
459780 10
461302 10
462831 9.99709
464353 10.0029
465883 9.99709
467405 10.0029
468935 9.99709
470457 10.0029
471987 9.99709
473509 10.0029
475038 9.99709
476560 10.0029
478090 9.99709
479612 10.0029
481142 9.99709
482664 10.0029
484194 9.99709
485716 10.0029
487245 9.99709
488767 10.0029
490297 9.99709
491819 10.0029
493349 9.99709
494871 10.0029
496401 9.99709
497923 10.0029
499453 9.99709
500974 10.0029
502504 9.99709
504026 10.0029
505556 10
507078 10
508608 10
510130 10
511660 10
513181 10
514711 10
516233 10.0052
517763 10.3613
519285 10.0087
520815 9.99127
522337 10.0087
523867 9.99127
525388 11.174
526918 9.99127
528440 10.0087
529970 9.99127
531492 10.0087
533022 9.99127
534544 10
536074 10
537595 10
539125 10
540647 10
542177 9.99476
543699 10.0052
545229 9.99476
546751 10.0052
548281 9.99476
549803 10.0052
551332 9.99476
552854 10
554384 10
555906 10
557436 10
558958 10
560488 10
562010 10
563539 9.99626
565061 10.0037
566591 9.99626
568113 10.0037
569643 9.99626
571165 10.0037
572695 9.99626
574217 10.0037
575746 10
577268 10
578798 10
580320 10
581850 10
583372 10
584902 10
586424 10
587953 10
589475 10
591005 9.99709
592527 10.0029
594057 9.99709
595579 10.0029
597109 9.99709
598631 10.0029
600161 9.99709
601682 10.0029
603212 9.99709
604734 10.0029
606264 9.99709
607786 10.0029
609316 9.99709
610838 10.0029
612368 9.99709
622757 4.99592
