3745.44 3245.44
11197 7451.58
13431.2 9684.75
24609.1 13412
28334.4 14903.2
35779.9 11170.9
38020.1 9685.75
38762.2 10426.8
45467.7 9687.75
48447.9 10427.8
49193 10430.8
50685.1 11921.9
61113.9 11920.9
61859 12665
63351.1 12666
74525 13411
75270 13411
76762.1 13411
78252.2 14900.2
91661.3 17136.3
92406.3 17136.3
93898.5 17136.3
107311 14904.2
108800 14901.2
109544 15644.2
120719 13408
122209 13409
122955 13411
131892 11173.9
133387 12667
134877 12668
135621 12666
146794 14901.2
149034 15647.2
149776 16388.3
151268 16391.3
152012 16391.3
160955 14161.1
163187 14153.1
163935 14159.1
165424 14156.1
166168 14899.2
166914 14902.2
173616 12661
175110 11922.9
175856 11920.9
177345 11920.9
178089 11920.9
178834 12665
179581 12667
186284 12668
187777 12667
188519 12663
190011 12666
195972 8195.64
197462 9683.75
198952 10432.8
199696 9684.75
206403 10430.8
208635 11173.9
210128 11175.9
210872 11918.9
211618 11921.9
217579 11175.9
219811 11175.9
222047 11919.9
222793 11920.9
223538 12665
231733 9685.75
233224 11175.9
233968 11175.9
234714 11176.9
243656 11922.9
245145 11920.9
245889 11920.9
246636 12667
247381 12667
257065 13409
258556 11174.9
270476 13411
271967 13411
272713 14156.1
283884 13408
284632 12665
285378 12665
296553 12669
297298 13413
298044 13412
298789 13411
309221 12668
309966 12668
310711 13412
311456 13412
312201 13412
322630 11173.9
323377 11919.9
324866 12665
333808 11177.9
334551 11173.9
345727 11918.9
