1490.27 2
5216.56 2
5960.61 2.5
14160.3 2
14906.3 2.5
27568.3 2.9
28312.4 3.24483
43218.5 1
43958.6 2
44708.6 2
52899.3 2.5
53644.3 2.9
62585 3.24483
63330.1 3.55301
74506 3.83446
75996.1 4.09525
76741.1 4.33944
89407.1 1
91647.3 2
92392.3 3
93137.4 3.33333
108784 3.63333
109529 3.90856
110273 4.16441
125170 4.40454
125915 4.63158
126664 1
128155 2
139326 2
140076 2
151248 3
151993 3.33333
163168 3.63333
164659 3.90856
165403 4.16441
176584 4.40454
178819 4.63158
179559 1
180308 2
190736 3
192225 3.33333
203401 3.63333
204895 3.90856
206385 1
215323 2
216816 2.5
226499 2.9
227243 3.24483
236189 3.55301
236934 3.83446
237678 4.09525
245869 4.33944
246614 4.56988
247359 4.78871
248854 4.99753
257790 5.19763
259284 5.39003
260029 5.57555
261520 5.75491
269711 5.92867
271205 6.09735
272695 6.26135
273440 6.42106
274931 6.5768
282377 6.72885
283122 6.87746
283867 7.02286
284616 1
285361 2
286853 3
294298 4
295792 4.25
296538 4.48529
297282 4.70824
306964 4.92064
309204 5.12386
309949 5.31903
310693 5.50703
321120 5.68862
321865 5.86441
322614 1
323359 2
324850 3
333786 3.33333
334531 3.63333
336025 3.90856
341237 4.16441
342727 4.40454
344221 4.63158
349434 4.84749
350926 5.05378
352417 5.25165
353903 5.44207
359865 5.62582
361357 5.80357
362103 5.97588
363593 6.14322
365829 6.306
371041 6.46458
371786 6.61927
