2997.23 0
7467.58 0
10447.8 0
11937.9 0
20133.6 1
20878.6 1
23113.8 1
25349 1
35034.7 1
36524.8 1
37269.9 1
44720.5 1
46955.7 1
55896.4 1
58876.6 1
67817.3 1
71542.6 1
73032.7 1
85698.7 1
87188.8 1
95384.4 1
97619.6 1
98364.7 1
104325 1
106560 1
107305 1
108795 1
116246 1
118481 1
119226 1
120716 1
129657 1
130402 1
131147 1
131892 1
133382 1
141578 1
143068 1
143813 1
144558 1
146048 1
146793 1
154989 1
155734 1
157224 1
157969 1
167655 1
168400 1
170635 1
171380 1
172870 1
183301 1
185536 1
187027 1
192242 1
194477 1
196712 1
201928 1
202673 1
205653 1
208633 1
215339 1
216084 1
216829 1
220554 1
224279 1
232475 1
233220 1
233965 1
236945 1
237691 1
239926 1
245141 1
248866 1
250357 1
251102 1
257062 1
260787 1
263022 1
263768 1
269728 1
273453 1
274943 1
284629 1
286119 1
287609 1
300275 1
301766 1
311451 1
323372 1
324117 1
336783 1
337528 1
343489 1
344979 1
345724 1
351684 1
352429 1
353175 1
353920 1
360625 1
361370 1
362115 1
