1507.12 0
5232.41 0
5977.46 0
14173.1 1
15663.2 1
16408.3 1
17898.4 1
27584.1 2
31309.4 2
32054.5 3
32799.6 3
41740.3 3
42485.3 3
52916.1 3
53661.2 3
64837.1 3
65582.1 3
78993.2 3
90914.1 3
91659.1 3
101345 3
112521 3
113266 3
125932 3
126677 3
137853 3
138598 3
150519 3
152009 3
161695 3
163185 3
164675 3
175851 3
177341 3
178086 3
180321 3
189262 3
190752 3
197457 3
198948 3
200438 3
209378 3
210868 3
212359 3
213104 3
225025 3
226515 3
228005 3
228750 3
230240 3
240671 3
241416 3
242161 3
251847 3
252592 3
254082 3
265258 3
266748 3
277179 3
278669 3
289845 3
291335 3
292080 3
303256 3
304001 3
304746 3
305491 3
314432 3
315177 3
316667 3
327097 3
328588 3
330078 3
330823 3
339018 3
340509 3
347214 3
347959 3
349449 3
355410 3
356900 3
358390 3
359135 3
363605 3
365095 3
367331 3
368076 3
368821 3
371056 3
372546 3
374781 3
376271 3
377016 3
377761 3
378506 3
379252 3
379997 3
380742 3
381487 3
382232 3
382977 3
383722 3
384467 3
385212 3
