2984.38 2984.38
7454.73 4470.35
8942.85 5958.46
17139.5 9684.75
18628.6 11173.9
19377.7 10434.8
20122.7 11179.9
32788.7 13411
33533.8 13411
35019.9 14897.2
43962.6 11173.9
44707.6 11173.9
46195.7 11175.9
47685.9 12666
55883.5 11920.9
56628.6 11920.9
58120.7 11924.9
59606.8 11920.9
69294.5 11173.9
70781.7 12661
72276.8 12670
81960.5 12666
84192.7 13411
95371.6 13411
98353.8 14161.1
108785 13413
111016 12662
122194 13409
123682 14897.2
125176 14160.1
135605 13411
137841 12665
149015 13410
151249 13408
161682 12667
163170 14155.1
164663 13414
173603 11920.9
175091 11920.9
176585 13415
178071 13408
185526 11922.9
186268 11176.9
187757 11171.9
195953 9685.75
197443 9685.75
198191 10433.8
207129 11175.9
208618 11175.9
210109 11917.9
220540 13411
222033 14904.2
222778 14159.1
234696 12663
235441 13408
236935 14157.1
246617 11175.9
247362 10427.8
258538 11920.9
259283 11920.9
271949 13411
272694 14156.1
274184 14900.2
286854 14904.2
287599 14904.2
289089 16394.3
289833 15649.2
298771 9682.75
299516 10427.8
301006 11172.9
310692 11920.9
311439 11922.9
312927 11920.9
313675 12669
323360 12668
324106 12667
333044 9683.75
333792 10431.8
334537 10430.8
341240 8195.64
341985 7447.58
345710 4470.35
347199 5214.41
350925 5215.41
352415 6704.52
353905 6705.52
357631 6705.52
359120 6705.52
360610 8195.64
362100 8195.64
365827 8195.64
367316 8195.64
368806 8195.64
370296 8195.64
371790 9689.75
375515 9688.75
377006 9689.75
378496 9689.75
379241 8944.7
379986 8195.64
