4489.5 2
12687.1 2
14921.3 2.5
29079.4 2.9
29823.5 3.24483
39507.2 1
40254.3 2
40999.3 2.5
51431.2 2.9
52176.2 3.24483
62606 1
63349.1 2
64840.2 2.5
76762.1 2.9
78251.2 1
90919.2 2
103582 2.5
104327 2.9
114758 3.24483
116249 3.55301
128916 3.83446
129659 4.09525
131150 1
144562 2
145305 3
146054 3.33333
158719 3.63333
159462 3.90856
160208 1
174366 2
175108 2.5
186286 2.9
187029 3.24483
197462 3.55301
198208 1
198951 1
207892 2
219814 1
220556 1
235460 1
250362 2
260787 1
261533 2
271967 2.5
272713 2.9
282398 3.24483
283143 3.55301
295809 3.83446
296554 4.09525
297299 4.33944
306985 4.56988
308475 4.78871
309220 1
309964 1
316671 2
318906 2
326357 1
329338 2
335298 2.5
336043 2.9
340509 3.24483
341254 3.55301
344234 3.83446
345727 4.09525
347217 4.33944
349454 4.56988
351685 4.78871
352430 4.99753
353923 5.19763
356155 5.39003
358395 5.57555
359883 5.75491
361373 5.92867
362120 6.09735
364354 6.26135
366591 6.42106
368079 6.5768
368826 6.72885
369569 6.87746
370314 7.02286
371059 7.16526
371804 7.30482
372549 7.44171
373294 7.57609
374039 7.70809
374784 7.83782
375529 7.96541
376274 8.09095
377020 8.21454
377765 8.33628
378510 8.45624
379255 8.57449
380000 8.69112
380745 8.80618
381490 8.91974
382235 9.03185
382982 9.14257
383727 9.25194
384472 9.36003
385217 9.46687
