2998.38 2610.38
10450 7451.58
11942.1 8942.7
23113.9 12664
25354.1 13412
35034.9 11920.9
43230.5 8195.64
45470.7 10434.8
54406.4 11175.9
57386.6 11915.9
68562.5 11175.9
69307.5 11919.9
81978.5 13416
82718.6 13411
94640.5 12662
96131.6 14152.1
97621.8 14903.2
107307 12666
108798 12666
109546 13413
110288 12666
121463 14156.1
122952 14154.1
123702 14156.1
124447 14159.1
125934 15645.2
133383 11919.9
134875 11922.9
135618 11915.9
136365 11917.9
138602 12668
139347 13412
147540 14157.1
149034 14159.1
149779 14161.1
150521 14156.1
160205 11170.9
160950 11914.9
161700 11920.9
162445 11923.9
172872 11171.9
173616 11170.9
175108 12662
183302 10430.8
184792 11175.9
186284 11175.9
195223 11920.9
196714 13411
198208 13416
199693 13409
206399 11175.9
209383 9690.75
210124 10429.8
218320 11920.9
221304 11920.9
222790 12666
230986 12666
233220 11915.9
234715 13410
236206 13416
245891 14905.2
250357 14151.1
251849 15642.2
258555 12664
263028 12671
265258 13409
269731 11175.9
272713 9685.75
274201 11171.9
276436 11177.9
281652 11920.9
283885 11171.9
285376 11175.9
286867 12665
289105 12669
295808 14156.1
298041 14156.1
299532 14156.1
301023 14156.1
303256 14151.1
304748 15642.2
312199 16391.3
314433 16391.3
315178 15645.2
316672 15649.2
319647 16391.3
321137 16389.3
321885 17136.3
327848 15648.2
334548 13411
335296 14158.1
336785 14900.2
338276 10427.8
346474 11925.9
347217 11920.9
349453 12668
350944 12669
351689 13412
356158 9683.75
356903 9685.75
