111.759 1500
223.517 0
784.46 1500
896.219 0
1343.25 1500
1455.01 0
2238.32 1500
2350.08 0
2575.6 1500
2687.36 0
3354.91 1500
3466.67 0
5817.6 1500
5929.36 0
6711.67 0
8160.53 1500
8272.29 0
8609.57 0
9389.88 1500
9501.64 0
9613.4 0
9950.67 0
11066.3 1500
11178 0
11289.8 0
13301.4 1500
13413.2 0
13528 0
13639.7 0
15317.1 0
15428.9 1500
15540.6 0
16989.5 1500
17101.2 1500
17213 0
18893.4 0
19115.9 3000
19227.6 1500
19339.4 0
21463.8 1500
21575.6 1500
21687.3 0
23137.2 0
23249 0
24923.3 1500
25035.1 1500
25146.9 0
26936 0
27272.3 1500
27384 0
29282.9 0
29619.2 0
29731 1500
29842.7 0
31183.8 0
31519.1 0
31744.6 3000
31856.4 1500
31968.1 0
33081.7 0
33422 0
33754.3 0
33866 1500
33977.8 0
35654.2 1500
35765.9 0
35879.7 0
36103.2 0
37663.8 0
37777.6 0
38003.1 1500
38114.9 0
40012.8 0
40238.3 1500
40350 1500
40461.8 0
42250.9 0
42473.5 0
42586.2 0
44034.1 0
44145.8 0
44261.6 0
45934 1500
46045.7 1500
46157.5 0
47838.9 0
47950.6 1500
48062.4 0
