3745.44 22.9571
11197 9.99866
13431.2 15.3846
24609.1 11.1103
28334.4 9.99866
37272.1 8.33613
38017.1 15.3894
46957.8 15.3846
48449.9 14.283
58878.7 12.5
59623.8 17.6471
61115.9 17.6471
72289.8 16.6667
73034.8 16.6667
73781.9 21.0497
75273 21.0511
88681.1 18.1818
89426.1 18.1818
103582 10
105072 13.6364
105817 13.6364
119976 13.6339
122209 13.0435
135620 5.55556
136365 10.5263
146799 13.3298
157229 7.14286
157974 13.3333
171381 10.53
172126 10.53
183306 6.66369
192987 7.69628
193732 14.2926
205653 11.7647
206398 11.7647
219809 10.5263
221299 14.2857
222044 14.2857
233220 16.6667
235460 15.7839
236206 19.9933
236950 19.9946
248126 19.9933
249616 21.0541
260788 11.7684
261533 16.6729
263027 16.6667
272709 18.75
273453 18.75
274948 18.75
276438 22.2222
285375 23.5294
286869 22.2156
288359 22.2222
289849 22.2222
290595 26.3139
298785 27.7798
301025 26.3158
302515 26.3158
304005 26.3158
304746 26.3251
312196 27.7778
313692 29.9899
314437 33.3308
315181 35.2941
322628 25.0112
323372 25.014
324121 30.7724
325613 28.5687
333058 28.5742
334548 16.676
336042 21.4306
343489 21.4286
345728 19.9928
347962 18.7516
356160 17.6401
356905 22.2139
357649 25
359884 24.9979
363608 40.0107
364356 40
365100 45.4601
366590 41.6667
368080 45.4545
369570 62.4895
370314 62.521
371060 62.5
372550 62.5
373294 66.6766
374785 66.6667
376275 66.6667
377022 66.6468
377766 66.6667
379256 66.6667
380747 59.9839
381492 63.6208
382982 63.6286
383727 69.9906
384472 70
385217 69.9906
