3728.44 3728.44
9687.9 5959.46
11177 7448.58
20863.8 11175.9
22353.9 12666
23843 12666
24592.1 13415
34278.8 13415
36510 15646.2
39494.2 14902.2
46195.7 11916.9
49179 12669
49924 10429.8
50665.1 11170.9
58116.7 11920.9
60355.9 11176.9
61099.9 11175.9
61845 11179.9
63336.1 12671
70786.7 12670
73765.9 10429.8
75252 11915.9
81214.5 10427.8
84196.7 10430.8
91645.3 10430.8
96116.6 11919.9
105056 13411
111018 14901.2
112510 16393.3
121451 16394.3
125921 14903.2
128153 15643.2
129643 17133.3
132622 11171.9
136350 10428.8
142308 9685.75
147526 11175.9
149016 12666
152739 10430.8
160937 11920.9
164660 11920.9
174348 13411
178817 14157.1
180305 15645.2
194462 15645.2
195207 14902.2
207877 13415
208618 13411
219794 11916.9
220539 12662
233206 13412
233950 13411
248110 14904.2
248852 14901.2
259282 11171.9
260027 11916.9
261517 12665
271948 12666
272693 12666
274183 14155.1
274932 13415
288344 16395.3
289089 16395.3
290574 16391.3
291323 16391.3
292069 17137.3
304735 16391.3
305480 16391.3
306965 16391.3
307714 16391.3
308460 16391.3
309205 17136.3
317397 12662
318142 12662
325593 8195.64
326338 8195.64
327827 9684.75
335278 9685.75
336023 10430.8
337512 11174.9
338262 10434.8
344219 8940.7
345708 9684.75
347198 9685.75
347947 10434.8
348693 10431.8
355399 11179.9
357630 11921.9
359119 11920.9
359868 11920.9
360614 12667
361354 12661
366571 11171.9
369555 11924.9
371045 11925.9
371789 11920.9
372535 11920.9
373280 11925.9
374025 12671
377750 11178.9
