2388 2000
2998.38 610.381
2999.38 1
8219.14 5219.76
8220.14 1
10450 2229.82
11942.1 1492.12
23113.9 11171.9
25354.1 2240.17
25355.1 1
35034.9 9679.75
36527 1492.12
37274.1 747.058
37275.1 1
43230.5 5955.46
44720.6 1490.12
45469.7 749.058
46957.8 1488.12
53661.3 6703.52
53662.3 1
55896.5 2234.17
65583.3 9686.75
67077.4 1494.12
69307.5 2230.17
77506.2 8198.64
78994.3 1488.12
78995.3 1
81230.5 2235.17
88682.1 7451.58
90915.2 2233.17
92406.3 1491.12
92407.3 1
93896.5 1489.12
102838 8941.7
105071 2233.17
105816 745.058
106561 745.058
108053 1491.12
108054 1
119229 11175.9
125192 5962.46
125193 1
126679 1486.12
133386 6706.52
137858 4472.35
138603 745.058
139345 742.058
139346 1
149029 9682.75
149779 750.058
151266 1487.12
160951 9684.75
161695 744.058
161696 1
163187 1491.12
170636 7449.58
172128 1491.12
173618 1490.12
173619 1
174361 742.058
182557 8196.64
184792 2234.17
186284 1492.12
187032 748.058
187774 742.058
187775 1
199693 11917.9
200443 750.058
200444 1
201930 1486.12
210869 8938.7
211614 745.058
212359 745.058
213106 747.058
213107 1
223535 10427.8
225027 1492.12
225775 748.058
226517 742.058
228007 1490.12
228008 1
237691 9682.75
239931 2240.17
240676 745.058
241418 742.058
243655 2237.17
244400 745.058
255577 11176.9
255578 1
257809 2231.17
258556 747.058
266748 8191.64
268238 1490.12
269733 1495.12
271220 1487.12
271221 1
279414 8192.64
281654 2240.17
283141 1487.12
294315 11173.9
297300 2985.23
298787 1487.12
