2981.23 0
7451.58 0
8941.7 0
17137.3 0
18627.5 0
19372.5 0
20117.6 0
30548.4 0.285714
32038.5 0.314286
32783.6 0.251429
33528.6 0.201143
43959.4 0.160914
44704.5 0.128731
45449.5 0.102985
56625.4 0.0823881
57370.5 0.0659105
70781.5 0.0527284
71526.6 0.0421827
84192.6 0.0337462
84937.6 0.0269969
96858.5 0.0215975
97603.6 0.017278
98348.7 0.0138224
107289 0.0110579
108034 0.00884636
108779 0.00707709
110270 0.00566167
119955 0.00452933
120700 0.00362347
121445 0.00289877
122936 0.00231902
123681 0.00185522
134857 0.00148417
135602 0.00118734
136347 0.00094987
137837 0.000759896
149013 0.000607917
149758 0.000486334
150503 0.000389067
163169 0.000311253
163914 0.000249003
174345 0.000199202
175090 0.000159362
176580 0.000127489
187011 0.000101992
187756 8.15932e-05
189246 6.52746e-05
189991 5.22197e-05
198186 4.17757e-05
199677 3.34206e-05
201167 2.67365e-05
202657 2.13892e-05
212343 1.71113e-05
213833 1.36891e-05
215323 1.09513e-05
216813 8.76101e-06
217558 7.00881e-06
225754 5.60704e-06
226499 4.48564e-06
227989 3.58851e-06
229479 2.87081e-06
230224 2.29665e-06
230969 1.83732e-06
239165 1.46985e-06
239910 1.17588e-06
241400 9.40706e-07
242890 7.52565e-07
251086 6.02052e-07
251831 4.81641e-07
253321 3.85313e-07
254811 3.08251e-07
264497 2.466e-07
267477 1.9728e-07
277163 1.57824e-07
280888 1.26259e-07
281633 1.01008e-07
292809 8.0806e-08
297279 6.46448e-08
298024 5.17159e-08
307710 4.13727e-08
308455 3.30981e-08
310690 2.64785e-08
316651 2.11828e-08
317396 1.69463e-08
319631 1.3557e-08
327827 1.08456e-08
328572 8.67648e-09
330807 6.94118e-09
332297 5.55295e-09
341238 4.44236e-09
341983 3.55389e-09
342728 2.84311e-09
343473 2.27449e-09
344218 1.81959e-09
351668 1.45567e-09
352413 1.16454e-09
353159 9.3163e-10
353904 7.45304e-10
354649 5.96243e-10
362844 4.76995e-10
363589 3.81596e-10
364334 3.05277e-10
