2241.32 33.2419
6709.67 16.6741
8199.79 25.0084
14906.3 18.1796
16394.4 23.0793
28317.4 11.1111
31296.6 9.99933
41728.4 11.1111
43961.6 11.7656
51414.2 15.3846
52902.3 20.0036
55137.4 20
62586 20.0072
64078.1 20
65568.3 23.5294
67058.4 25
77490.2 19.996
78980.3 19.9987
80472.4 19.996
81962.5 19.996
82705.6 23.808
93878.5 22.7314
97608.8 9.99866
98351.8 14.2857
108038 14.2885
108783 14.2857
117723 15.3846
118468 15.3846
129644 12.5
130389 17.6471
131134 17.6471
142310 17.6471
143799 16.6679
144545 21.0526
145289 21.0541
158704 18.1796
160937 17.3903
161682 17.3913
162426 17.3913
163171 20.8333
172110 27.7881
175093 26.3158
175838 26.3158
176582 26.3158
184030 25.0084
184779 25
185523 25
195209 19.9946
195954 20
196699 25
198189 23.5294
209365 21.0526
210855 20.0013
211601 20
213093 22.7245
213837 23.8065
227244 20.8368
228739 20.8298
230226 13.638
242145 15
243635 15.005
245130 14.997
252581 21.4183
254068 24.9958
263010 14.2885
263752 20.009
265247 19.9946
277166 15.7895
278655 11.1136
293554 9.09257
295049 9.08925
306970 11.107
307710 15.7895
308455 16.6729
318886 18.7579
320378 12.4979
333042 10.5263
334532 10.5278
345713 11.7601
347200 15.7872
348690 15.7872
356884 20.009
358374 20.0036
359119 25.0042
359866 26.6667
363594 44.4113
365830 39.9732
366575 39.9732
367317 40
368062 45.4545
371045 50
374025 45.4545
374770 45.4545
375512 45.4545
376257 45.4545
377003 50
377751 66.6667
378496 100
379241 100
379986 99.9329
