4172.44 21.2969
13110.1 8.33613
14604.7 14.2838
28013.3 9.99866
30995.5 9.09115
37699.1 11.1144
38444.1 20.0054
46639.7 16.6667
47383.8 16.6685
55579.4 16.6685
56324.5 23.0793
57068.6 23.0793
68245.4 17.6471
68990.5 17.6471
69734.5 22.2239
70479.6 22.2222
84636.7 18.1818
85384.8 18.1785
86129.8 18.1774
86870.9 18.1818
87615.9 21.7391
99537.9 25
100283 25.005
101027 25.0067
101772 25
102517 25
103266 28.5641
112952 33.3259
113694 33.3333
114442 33.3234
123380 15.3846
124125 21.4286
124869 21.4368
135301 18.75
136046 23.5294
136790 23.5313
137535 23.5294
150202 20
150947 20
151692 19.9987
152436 23.8095
153181 23.8095
162868 29.4118
164361 27.7716
165103 27.7778
165851 27.7695
166596 31.57
177769 17.6471
178514 22.2222
179258 22.2289
180003 22.2289
193415 19.0476
194160 19.0476
194908 19.0428
195653 22.7217
204591 15.3894
205336 21.4347
215767 13.3333
216512 13.3333
228436 11.7619
229181 11.7619
229922 16.6679
241099 17.6512
241844 17.6512
242592 17.6415
244078 21.0526
253765 13.3369
254510 18.7547
255999 18.75
264196 21.4286
264941 21.4286
266430 21.4286
276117 18.75
276865 23.5238
277610 23.5238
279096 23.5294
289528 22.2222
290273 22.2272
291017 26.3232
292507 25.0067
294001 24.9933
304429 25
305174 25
305919 24.9983
314860 15.3846
315605 21.4286
316349 21.4306
326036 20
326781 20
337214 13.3298
338701 12.501
345409 18.184
346896 18.1818
348386 23.0769
353601 27.286
355092 27.2727
356582 27.2727
357328 33.3296
364033 28.566
365527 28.5605
