2984.38 24.9652
7454.73 16.6667
8942.85 25.0084
17139.5 15.3862
18628.6 20.0036
19376.7 21.4224
20121.7 26.6595
32785.7 11.1128
33532.8 11.1111
35019.9 15.003
45451.7 17.6471
46196.7 17.6498
52902.3 20
53647.3 20
61097.9 18.1818
61843 18.1818
62587 25.0028
73018.8 18.75
73763.9 18.75
74509 18.7484
75256 23.5238
86431.9 12.4979
87176.9 17.6443
87919 17.6512
99095.9 17.6498
99840.9 17.6498
100585 17.6471
102075 21.0526
113252 21.0526
113997 21.0526
114742 21.0511
116231 21.0526
116975 25.0017
130388 21.7391
131877 20.8345
132622 20.8345
134116 20.8298
134861 20.8287
147527 21.7366
148272 24.9972
149017 26.0824
160191 12.5021
160936 17.6498
162425 16.6704
163915 20.004
176584 18.1796
177329 18.1796
178816 18.1818
180306 18.1818
188503 25.0042
189248 29.4164
189992 29.4187
190737 31.25
192227 31.25
201914 27.7778
202659 27.7778
203403 31.5812
204148 31.5789
204896 31.5723
206386 31.5723
216815 30
217560 30
219049 17.6512
231716 15
232461 19.0476
233208 19.0452
234695 19.0476
245129 12.5
246616 12.5
247360 17.6485
256304 20.0018
257792 20
258536 20
266735 21.4286
267479 26.6691
268968 26.6667
269712 26.6667
280146 22.2222
280892 22.2189
281637 26.3121
283124 26.3158
292811 13.3357
293557 18.7516
295045 18.75
306223 16.6654
306968 16.6667
308456 16.6667
309200 21.0541
321124 20
321869 20
323357 20
333790 12.5
334535 17.6471
336023 17.6471
345711 18.75
346457 18.7484
347944 18.75
348688 23.5313
359121 22.2239
359866 22.2255
