2241.32 2241.32
6709.67 4468.35
8199.79 5958.46
14906.3 8196.64
16394.4 9684.75
28317.4 13411
31296.6 14902.2
40984.3 12667
43219.5 11922.9
51413.2 8193.64
52902.3 9682.75
59605.8 8192.64
60353.9 7451.58
70036.6 10430.8
70784.7 11178.9
71528.7 11174.9
84195.7 14159.1
84940.8 14156.1
85685.8 14901.2
86429.9 14901.2
99096.9 14901.2
100586 15645.2
101332 15646.2
102077 15647.2
102824 16394.3
114000 14903.2
116233 14156.1
116978 14154.1
122936 8935.7
125919 9685.75
126664 9685.75
127408 10429.8
133367 10430.8
137095 11175.9
137840 11175.9
138584 11175.9
139329 11920.9
147526 14159.1
149760 12665
150506 12666
151250 12666
151995 12666
159447 11920.9
160939 13413
163174 13414
163917 13411
164661 13411
174348 11173.9
175093 11918.9
175837 11919.9
177330 12669
185524 11175.9
187013 9682.75
188503 11172.9
198190 12666
199679 12666
211603 13413
213090 13411
225014 13411
226501 13411
236185 11170.9
237677 12663
239167 12666
250341 14156.1
251836 14159.1
252577 14900.2
254068 14901.2
264502 14161.1
265989 14153.1
266733 14156.1
268227 14159.1
269717 15649.2
279401 14899.2
280890 14901.2
283124 13407
293554 14153.1
295044 14154.1
297280 14156.1
309200 15646.2
311440 16396.3
312928 17883.4
315162 17881.4
325592 16391.3
327829 16388.3
336022 10430.8
336767 11175.9
337512 9683.75
344218 8195.64
345708 8940.7
346453 8940.7
354649 10430.8
356141 11922.9
357631 11922.9
358374 11920.9
368065 13416
370300 14159.1
371045 14904.2
372535 14904.2
373280 14906.2
377002 8936.7
