2674 2000
4172.44 1498.44
4173.44 1
11169.3 6995.88
11170.3 1
13110.1 1939.82
14604.7 1494.55
28015.3 13410.6
30995.5 2980.23
30996.5 1
36954 5957.46
37700.1 746.058
39187.2 1487.12
39188.2 1
45895.7 6707.52
46640.7 745.058
48127.9 1487.12
48873.9 746.058
56326.5 7452.58
56327.5 1
57071.6 744.058
59303.7 2232.17
60049.8 746.058
68991.5 8941.7
69737.5 746.058
69738.5 1
71224.7 1486.12
73463.8 2239.17
85384.8 11920.9
85385.8 1
86126.8 741.058
86870.9 744.058
96558.6 9687.75
97302.7 744.058
98046.8 744.058
109969 11921.9
109970 1
110714 744.058
124870 14156.1
125618 748.058
140519 14901.2
140520 1
151695 11174.9
152438 743.058
164360 11921.9
164361 1
165104 743.058
176281 11176.9
177026 745.058
177027 1
178513 1486.12
192673 14160.1
192674 1
193415 741.058
206828 13413
207574 746.058
209060 1486.12
209061 1
222474 13413
223221 746.058
223222 1
234395 11173.9
235140 745.058
236628 1487.12
247806 11178.9
248551 745.058
248552 1
250039 1486.12
258982 8943.7
259727 745.058
260469 742.058
260470 1
261960 1489.12
272394 10434.8
273139 745.058
274626 1486.12
284314 9688.75
285059 745.058
285060 1
285801 741.058
292510 6708.52
293255 745.058
293997 742.058
293998 1
294742 744.058
303686 8943.7
304431 745.058
306667 2236.17
317098 10430.8
317842 744.058
318584 742.058
328273 9688.75
328274 1
329018 744.058
329760 742.058
337213 7453.58
337958 745.058
337959 1
338701 741.058
339446 745.058
346899 7453.58
347644 745.058
