2241.32 33.2419
6709.67 16.6741
8199.79 25.0084
14906.3 18.1796
16394.4 23.0793
28317.4 11.1111
31296.6 9.99933
41728.4 11.1111
43962.6 11.7647
49180 19.9973
49924 27.2727
52157.2 27.2761
57374.6 27.2761
58119.7 27.2727
59607.8 30.7756
61844 30.7661
69295.5 25
70040.6 25
71528.7 25
74510 23.5294
75255 27.7778
83451.7 26.3158
84196.7 26.3158
85684.8 26.3158
88668.1 26.3121
89413.1 26.3121
90155.2 30.002
97607.8 31.5789
99095.9 30.004
101332 28.5696
102821 31.5856
103567 31.5834
104311 31.5789
105801 33.3333
113250 33.3419
115490 31.8124
117723 31.8182
119212 31.8182
119958 31.8182
120706 31.8124
122196 31.8124
130390 30.4277
131131 33.3333
133369 33.3389
136352 31.9966
142311 25
143052 29.4211
144544 27.7736
145291 31.2448
146780 35.7246
151994 38.4735
153485 35.7074
154975 35.7143
155722 35.7143
157210 37.5063
158701 37.5
163919 37.4874
165404 37.5063
166899 37.4906
168386 35.2997
169133 37.4937
169876 41.1765
171367 41.1765
175836 43.7647
177327 43.7427
178817 43.761
180307 43.75
181054 43.75
181799 43.7427
183287 43.75
184033 47.0551
187012 53.3333
188503 53.3333
189246 57.1538
190741 57.1264
192231 53.3286
192975 53.3333
195209 49.9958
195956 49.9916
196698 52.9454
199678 52.9412
203406 35.7143
204894 38.4655
205640 38.4695
206384 38.4615
208618 41.6667
212343 41.6853
214581 38.4576
215326 38.4615
216070 42.8613
216815 42.8571
219049 42.8571
223519 40
225759 39.9928
226502 40
227247 39.9964
227994 43.739
228739 43.739
230970 43.75
236935 38.8744
