228.666 228.666
783.46 554.794
895.219 666.552
1789.29 1005.83
2015.81 1232.35
2128.56 1233.35
2351.08 1455.86
3917.7 2128.42
4024.46 2235.17
4364.74 2348.93
4476.5 2460.69
4588.26 2459.69
4811.77 2683.21
5033.29 2682.21
5256.81 2905.73
7488.98 2677.21
7602.74 2569.45
7714.5 2681.21
7829.26 2572.45
8720.33 1005.83
8832.09 1002.83
10061.4 1341.1
10288 1567.62
10399.7 1567.62
11512.3 1224.35
11626.1 1226.35
12965.2 1452.86
13078.9 1452.86
13191.7 1565.62
14646.5 1681.38
14758.3 1679.38
14868.1 1676.38
14979.8 1788.14
16317.9 1671.38
16431.7 1673.38
16544.4 1676.38
16656.2 1676.38
17882.5 1564.62
17994.3 1676.38
18109.1 1677.38
18220.8 1676.38
18332.6 1676.38
19784.4 1901.9
19899.2 1904.9
20009 2014.66
21463.8 1679.38
21575.6 1791.14
21685.3 1786.14
21797.1 1788.14
22911.7 1447.86
23028.4 1452.86
23140.2 1454.86
23250 1564.62
24588.1 1559.62
24699.8 1559.62
24814.6 1564.62
26040.9 1452.86
26152.7 1452.86
26264.4 1564.62
27940.8 1676.38
28052.6 1788.14
29505.4 1452.86
29617.2 1564.62
30958.3 1452.86
31070.1 1452.86
32526.9 1568.62
33756.3 1229.35
33864 1337.1
35206.1 1449.86
35316.9 1452.86
36994.3 1677.38
37105 1788.14
38674.7 1680.38
40014.8 1340.1
40351 1676.38
41802.9 1788.14
41915.7 1564.62
43255.8 1452.86
43367.5 1564.62
45044.9 1789.14
45156.7 1789.14
46828 1783.14
46939.8 1783.14
47051.6 1894.9
48280.9 1341.1
48397.7 1346.1
49398.5 1117.59
49510.3 1112.59
49625 1227.35
