3728.44 3728.44
3728.44 0
9687.9 5959.46
9687.9 0
11177 1489.12
11177 0
20863.8 9686.75
20863.8 0
21608.8 745.058
21608.8 0
22352.9 744.058
22352.9 0
23097.9 745.058
23097.9 0
34274.8 11176.9
35019.9 745.058
35763.9 744.058
36509 745.058
37254.1 745.058
38744.2 1490.12
40238.3 1494.12
51414.2 11175.9
51414.2 0
52159.2 745.058
52900.3 741.058
54390.4 1490.12
63332.1 8941.7
64077.1 745.058
64822.2 745.058
64822.2 0
65566.3 744.058
66311.3 745.058
74508 8196.64
78236.2 3728.29
78236.2 0
78981.3 745.058
89409.1 10427.8
91644.3 2235.17
92392.3 748.058
93137.4 745.058
93137.4 0
102077 8939.7
105058 2981.23
106544 1486.12
115486 8941.7
116979 1493.12
118465 1486.12
118465 0
128899 10433.8
132623 3724.29
143055 10431.8
143055 0
145287 2232.17
154974 9686.75
157957 2983.23
169875 11917.9
182541 12666
195207 12666
209363 14156.1
209363 0
222777 13413
223520 743.058
237676 14156.1
237676 0
238421 745.058
252577 14156.1
253325 748.058
253325 0
254070 745.058
264500 10429.8
265245 745.058
265987 742.058
267477 1490.12
267477 0
278656 11178.9
279399 743.058
280143 744.058
281633 1490.12
282377 744.058
282377 0
294302 11924.9
295045 743.058
295789 744.058
297279 1490.12
308458 11178.9
308458 0
309201 743.058
309945 744.058
319634 9688.75
320377 743.058
321121 744.058
321121 0
321866 745.058
329320 7453.58
330063 743.058
330807 744.058
331552 745.058
331552 0
332297 745.058
