242 49
843 39
1206 50
1803 50
2283 46
2646 50
3005 47
3603 46
4204 43
4685 39
5287 38
6128 38
6485 31
7087 30
7683 26
8162 25
9007 23
9367 20
9487 18
10087 17
10567 16
11527 16
12723 16
13202 16
13683 16
14407 17
15247 17
15722 17
16447 18
17287 19
17767 19
18126 20
18607 20
19327 21
19807 22
20642 20
21126 23
21607 23
22567 20
22682 19
23163 19
23642 19
24967 18
25087 20
25683 19
26642 19
27007 20
27487 17
28327 18
28805 21
29287 25
30603 23
30723 22
31682 21
32163 19
32407 16
32527 17
33007 17
34807 15
35644 16
36007 17
36367 14
36847 14
38404 17
38765 26
39245 30
39605 34
39723 30
41642 25
42127 26
42367 23
42722 22
42967 19
43327 18
43807 18
46447 14
46682 15
47162 15
47527 15
47887 13
48247 14
