1495.27 2
5216.56 2
5964.61 2.5
14160.3 2
15650.4 2.5
27573.3 2.9
29061.4 3.24483
40979.3 1
42474.5 2
43216.5 2.5
50667.1 2.9
51412.2 3.24483
58862.7 3.55301
60353.9 3.83446
61097.9 4.09525
70783.7 4.33944
72274.8 4.56988
73018.8 4.78871
73764.9 4.99753
84941.8 5.19763
86430.9 5.39003
87174.9 1
87921 2
99842.9 3
100586 3.33333
102077 3.63333
116234 3.90856
116977 4.16441
118468 4.40454
134117 1
135607 2
146035 3
147525 3.33333
156467 1
157958 2
159447 2.5
170621 2.9
172113 1
182542 2
193721 2.5
194463 1
204151 2
213092 2.5
213838 2.9
224268 1
225013 2
238425 2.5
239169 2.9
246619 3.24483
247364 3.55301
254815 3.83446
255560 4.09525
256304 4.33944
265991 4.56988
266736 4.78871
267480 4.99753
268225 5.19763
280147 5.39003
280893 5.57555
281636 1
282381 2
283128 3
294304 3.33333
295048 3.63333
295792 3.90856
302499 4.16441
303244 4.40454
303988 4.63158
312184 4.84749
312930 5.05378
313675 5.25165
314419 5.44207
323360 5.62582
324849 1
325597 2
326342 3
327087 3.33333
336771 3.63333
337516 3.90856
338261 4.16441
346457 4.40454
347202 4.63158
347946 4.84749
348691 5.05378
356139 5.25165
356889 5.44207
357634 5.62582
358377 5.80357
359122 5.97588
364335 6.14322
365080 6.306
365825 6.46458
366573 6.61927
367318 6.77034
372530 6.91805
374025 7.0626
374770 7.20419
375515 7.343
