2998.38 2
10450 2
11942.1 2.5
23113.9 2.9
25354.1 3.24483
35034.9 3.55301
36525 3.83446
37274.1 1
44720.6 2
46960.8 2.5
55896.5 2.9
58881.7 3.24483
67822.4 1
71546.7 2
73034.8 2.5
85703.8 2.9
87190.9 3.24483
95389.6 3.55301
97623.8 3.83446
98368.8 4.09525
104325 4.33944
106564 4.56988
107310 4.78871
108798 4.99753
116246 5.19763
118483 5.39003
119231 5.57555
120719 5.75491
129657 5.92867
130402 6.09735
131147 6.26135
131894 6.42106
133385 6.5768
141583 1
143073 2
143813 3
144558 4
146054 4.25
146798 4.48529
154989 4.70824
155734 4.92064
157226 5.12386
157973 5.31903
167655 5.50703
168400 1
170640 2
171386 2
172876 3
183306 3.33333
185537 3.63333
187031 3.90856
192243 4.16441
194477 4.40454
196716 4.63158
201929 4.84749
202676 5.05378
205653 5.25165
208637 5.44207
215340 5.62582
216087 5.80357
216831 5.97588
220554 6.14322
224284 6.306
232478 6.46458
233223 1
233967 2
236946 3
237691 3
239930 4
245144 4
248867 4.25
250357 4.48529
251106 4.70824
257065 4.92064
260787 5.12386
263025 1
263772 1
269731 2
273458 3
274944 3.33333
284633 1
286124 2
287612 2.5
300280 2.9
301768 1
311455 2
323376 2.5
324121 2.9
336787 3.24483
337532 3.55301
343493 3.83446
344981 4.09525
345729 4.33944
351685 4.56988
352435 4.78871
353180 4.99753
353922 5.19763
360626 5.39003
361370 5.57555
362120 5.75491
