1495.27 2
5216.56 2
5964.61 2.5
14160.3 2
15650.4 2.5
27573.3 2.9
29061.4 3.24483
40979.3 3.55301
41724.4 3.83446
42472.5 4.09525
52905.3 1
53645.3 2
54390.4 3
55140.4 3.33333
64081.1 3.63333
64826.2 3.90856
65569.3 4.16441
75252 4.40454
75997.1 4.63158
76745.1 4.84749
78235.2 5.05378
87918 5.25165
88663.1 5.44207
89408.1 5.62582
90901.2 5.80357
91645.3 5.97588
99838.9 6.14322
101329 6.306
102074 1
103569 2
104311 3
113254 4
116233 4.25
125171 1
125920 2
126665 3
128154 3.33333
139331 3.63333
140076 3.90856
141565 4.16441
154978 4.40454
155722 4.63158
157211 4.84749
157958 5.05378
171370 1
172114 2
172860 3
173605 3.33333
185521 3.63333
186270 3.90856
187759 4.16441
199677 4.40454
200422 4.63158
201915 4.84749
202659 1
215327 2
216073 3
217561 3.33333
227994 3.63333
228739 3.90856
230227 4.16441
239910 4.40454
240659 4.63158
241403 4.84749
242148 5.05378
254066 5.25165
254815 5.44207
255559 5.62582
256304 5.80357
257049 1
268972 2
270462 3
271207 3.33333
281633 3.63333
282379 3.90856
283871 4.16441
294299 1
295045 2
296539 3
297281 3.33333
310695 3.63333
311437 3.90856
312929 4.16441
324851 4.40454
325594 1
327087 2
327832 3
340494 3.33333
341240 3.63333
341986 3.90856
348689 4.16441
349434 4.40454
350181 4.63158
359120 4.84749
359865 5.05378
360614 5.25165
361359 5.44207
