1510.27 2
5234.56 2
5978.61 2.5
16411.4 2
17899.5 2.5
31312.6 2.9
32800.7 3.24483
39509.2 3.55301
40253.3 3.83446
40996.3 4.09525
49941 4.33944
50684.1 4.56988
51427.2 4.78871
52172.2 4.99753
62605 5.19763
63352.1 5.39003
64093.1 5.57555
64838.2 5.75491
75272 5.92867
76016.1 6.09735
76759.1 1
77504.2 1
78249.2 2
87191.9 3
87937 4
88680.1 4.25
99112.9 4.48529
99857.9 1
100603 2
102095 3
112525 3
114759 3.33333
116247 3.63333
124446 3.90856
127425 4.16441
128913 4.40454
137857 4.63158
141583 4.84749
143069 5.05378
144559 5.25165
154248 5.44207
156484 5.62582
157970 5.80357
158717 5.97588
159461 1
169149 2
171383 3
172872 3.33333
173618 3.63333
183303 3.90856
185539 4.16441
186284 4.40454
195969 4.63158
198950 4.84749
199695 1
200439 1
210126 1
213106 2
226517 3
227265 3.33333
239928 3.63333
240673 3.90856
241417 4.16441
251849 4.40454
252594 4.63158
253338 4.84749
254083 5.05378
263770 5.25165
264515 5.44207
265259 5.62582
266004 5.80357
266749 5.97588
276436 6.14322
277181 1
277925 2
278670 3
279419 4
289102 4.25
289847 4.48529
290591 4.70824
291336 4.92064
301768 5.12386
302513 5.31903
303257 5.50703
304002 5.68862
317417 1
318162 2
318907 3
319652 3.33333
320393 3.63333
327101 3.90856
327846 4.16441
328591 4.40454
335296 4.63158
336786 4.84749
337531 5.05378
339020 5.25165
344982 5.44207
347217 5.62582
347962 5.80357
