451.184 2
1121.74 3
1343.25 4
2573.6 5
2796.12 6
3019.63 1
3131.39 2
5480.33 3
5705.84 1
6152.88 2
8276.29 2.5
8386.05 2.9
9502.64 1
9614.4 2
11291.8 2.5
11402.5 1
13191.7 2
14867.1 2.5
14978.8 2.9
16768 3.24483
16881.7 3.55301
18444.3 3.83446
18556.1 1
18781.6 2
20009 2.5
20345.2 2.9
21573.6 3.24483
21906.9 3.55301
23250 3.83446
23471.5 4.09525
23699 4.33944
25038.1 4.56988
25259.6 4.78871
25374.4 4.99753
25710.7 1
27049.8 2
27273.3 3
27386 3.33333
28837.9 3.63333
28951.7 3.90856
29171.2 1
30402.5 2
30516.3 2.5
31966.1 2.9
32078.9 3.24483
33643.5 3.55301
33755.3 1
33980.8 2
35542.4 2.5
35655.2 2.9
37108 3.24483
37219.8 3.55301
38786.4 3.83446
38898.2 4.09525
39117.7 4.33944
40125.5 4.56988
40237.3 1
40462.8 2
40686.3 3
41466.6 3.33333
41802.9 3.63333
41915.7 1
42807.7 2
44262.6 2.5
44482.1 2.9
45712.5 3.24483
45935 3.55301
47165.3 3.83446
47277.1 4.09525
47611.4 4.33944
48732.9 4.56988
48842.7 4.78871
49064.2 1
49179 2
