605 605
1565 960
2046 1046
3365 1800
3965 1965
4446 2400
5045 2545
6366 3366
6967 3602
7567 4067
8047 4082
8642 4642
9126 4680
9607 5107
10447 5447
10683 5638
11047 5547
12247 6247
12967 6467
13567 6567
14407 6407
14887 6387
15367 6367
15847 6347
16327 6327
16927 6427
17166 6166
17642 6142
18487 5987
19087 6087
20047 6047
20407 5907
20767 5767
21247 5747
21847 5847
22327 5827
22807 5807
23287 5787
23642 5642
24126 5626
24967 5467
25807 5307
26047 5047
26527 5027
27007 5007
27487 4987
27967 4967
28447 4947
28807 4807
29407 4907
29887 4887
30726 4726
31087 4587
31567 4567
32047 4547
32527 4527
33007 4507
33246 4246
33722 4222
34203 4203
35287 4287
35643 4143
36126 4126
36607 4107
36967 3967
37447 3947
38047 4047
38407 3907
39367 3867
39607 3607
40206 3706
40567 3567
41046 3546
42007 3507
42726 3226
43086 3086
43805 3305
44527 3527
44887 3387
46206 3706
46567 3841
47047 4047
47407 4321
47767 4267
48487 4487
49202 4315
49567 4567
