4 1
5 2
606 2
607 4
1205 4
1206 8
1805 8
1806 9
2405 9
2406 10
3005 10
3006 11
3605 11
3606 12
4205 12
4206 13
4805 13
4806 14
5405 14
5406 15
6005 15
6006 16
6605 16
6606 17
7205 17
7206 18
7805 18
7806 19
8405 19
8406 20
9005 20
9006 21
9605 21
9606 22
10205 22
10206 23
10805 23
10806 24
11405 24
11406 25
12005 25
12006 26
12605 26
12606 27
13205 27
13206 28
13805 28
13806 29
14405 29
14406 30
15005 30
15006 31
15605 31
15606 32
16205 32
16206 33
16805 33
16806 34
17405 34
17406 35
18005 35
18006 36
18605 36
18606 37
19205 37
19206 38
19805 38
19806 39
20405 39
20406 40
21005 40
21006 41
21605 41
21606 42
22205 42
22206 43
22805 43
22806 44
23405 44
23406 45
24005 45
24006 46
24605 46
24606 47
25205 47
25206 48
25805 48
25806 49
26405 49
26406 50
27005 50
27006 51
27605 51
27606 52
28205 52
28206 53
28805 53
28806 54
29405 54
29406 55
30005 55
30006 56
30605 56
30606 57
31205 57
31206 58
31805 58
31806 59
32405 59
32406 60
33005 60
33006 61
33605 61
33606 62
34205 62
34206 63
34805 63
34806 64
35405 64
35406 65
36005 65
36006 66
36605 66
36606 67
37205 67
37206 68
37805 68
37806 69
38405 69
38406 70
39005 70
39006 71
39605 71
39606 72
40205 72
40206 73
40805 73
40806 74
41405 74
41406 75
42005 75
42006 76
42605 76
42606 77
43205 77
43206 78
43805 78
43806 79
44405 79
44406 80
45005 80
45006 81
45605 81
45606 82
46205 82
46206 83
46805 83
46806 84
47405 84
47406 85
48005 85
48006 86
48605 86
48606 87
49205 87
49206 88
49805 88
49806 89
50405 89
50406 90
51005 90
51006 91
51605 91
51606 92
52205 92
52206 93
52805 93
52806 94
53405 94
53406 95
54005 95
54006 96
54605 96
54606 97
55205 97
55206 98
55805 98
55806 99
56405 99
56406 100
57005 100
57006 101
57605 101
57606 102
58205 102
58206 103
58805 103
58806 104
59405 104
59406 105
