2980.38 2980.38
10435 7454.58
11923.1 8942.7
23101.9 12667
25335.1 13412
34276.8 11174.9
42472.5 8195.64
52158.2 9685.75
53646.3 11173.9
64823.2 12665
66313.3 12667
79724.4 13411
81216.5 14903.2
93880.5 12664
94625.5 13409
106546 12666
107292 12666
117722 11175.9
118467 11920.9
119211 11919.9
129643 11920.9
130388 11920.9
131133 12666
131877 12666
142309 12666
143798 13410
144544 13411
145288 13411
146034 14156.1
157212 14903.2
158703 14904.2
159446 14901.2
160193 14904.2
160938 14904.2
161680 15646.2
172112 11918.9
172857 12664
173601 12663
175094 13414
184778 12666
185523 12666
197444 12666
198189 13411
198933 13410
212347 14903.2
213090 14901.2
213835 14902.2
214582 15649.2
226501 12666
227246 13411
227990 13408
239167 12666
239912 12666
240656 12666
241401 13411
254815 15648.2
255560 15648.2
256305 15649.2
267476 11170.9
268224 11918.9
279397 11920.9
280145 11920.9
289828 9682.75
290576 10430.8
303242 13414
303987 13411
316653 13411
318142 14900.2
318890 14903.2
331551 14898.2
332296 14154.1
333046 14904.2
341242 8945.7
341987 9690.75
342729 9682.75
350182 8940.7
350927 8940.7
351670 8940.7
353160 10430.8
356887 6704.52
357632 6704.52
358375 6705.52
359865 6705.52
360612 7452.58
364338 7450.58
365083 7450.58
365826 7450.58
368061 8195.64
368808 8195.64
372533 8195.64
373278 8940.7
374021 8938.7
375511 9685.75
377750 9688.75
378495 9686.75
382220 9686.75
382965 9686.75
383710 10431.8
384455 10433.8
385200 9688.75
