2388 2000
2998.38 610.381
2999.38 1
8219.14 5219.76
8220.14 1
10450 2229.82
11942.1 1492.12
23113.9 11171.9
25354.1 2240.17
25355.1 1
35034.9 9679.75
36525 1490.12
37274.1 749.058
37275.1 1
45465.7 8190.64
47705.9 2240.17
48449.9 744.058
49193 743.058
63352.1 14159.1
64097.1 745.058
64098.1 1
73032.8 8934.7
73777.9 745.058
75270 1492.12
82718.6 7448.58
82719.6 1
84210.7 1491.12
85700.8 1490.12
94639.5 8938.7
96129.6 1490.12
96130.6 1
96874.7 744.058
98366.8 1492.12
108051 9683.75
110286 2235.17
111031 745.058
126677 15646.2
126678 1
127422 744.058
137853 10430.8
138598 745.058
140090 1492.12
140091 1
151264 11172.9
152756 1492.12
154993 2237.17
155738 745.058
155739 1
166165 10425.8
166910 745.058
169150 2240.17
169894 744.058
170637 743.058
182560 11922.9
183305 745.058
184048 743.058
192987 8938.7
193736 749.058
194481 745.058
194482 1
203423 8940.7
204910 1487.12
205658 748.058
216833 11174.9
216834 1
217579 745.058
227265 9685.75
228009 744.058
228752 743.058
228753 1
239181 10427.8
239930 749.058
240675 745.058
242163 1488.12
242164 1
252597 10432.8
254084 1487.12
256322 2238.17
266748 10425.8
268243 1495.12
268988 745.058
281654 12666
281655 1
282398 743.058
283141 743.058
294315 11173.9
295064 749.058
295065 1
295809 744.058
297297 1488.12
306981 9683.75
311456 4475.35
311457 1
319647 8189.64
321887 2240.17
323374 1487.12
333063 9688.75
333064 1
333807 743.058
344983 11175.9
344984 1
346471 1487.12
