242 49
843 39
1206 50
1803 50
2283 46
2646 50
3005 55
3607 53
4204 49
4682 45
5283 43
5646 44
6123 46
6607 43
7087 46
7683 41
8166 40
8887 38
9487 34
9967 33
10567 31
11047 30
11287 27
11644 27
12126 25
12847 24
12967 22
13087 23
13567 23
14407 22
14527 23
15367 22
15487 22
15967 22
16927 22
17407 22
17767 22
18607 21
18722 20
19087 21
19927 20
20047 21
20527 21
21007 21
21487 19
22327 20
22807 20
23287 20
24007 21
24367 19
24847 19
25327 19
25807 19
26642 18
27126 20
27487 18
27967 18
28807 19
29287 19
29767 19
30246 19
31567 18
31682 17
32047 17
32887 18
33367 18
34202 17
34682 17
35642 19
36007 20
36845 18
37327 18
37927 21
38767 19
39247 22
39963 20
40202 22
40685 22
41162 22
42007 23
42603 23
43322 25
43927 28
44407 31
45247 32
46327 31
46927 27
47287 27
47887 26
48367 24
48726 25
49087 23
49202 22
49567 21
