725 16
1685 25
2166 30
3484 33
4087 40
4565 40
5165 40
6007 43
6967 41
7567 35
8047 35
8642 31
9246 30
9367 27
9847 27
10447 24
10927 24
11527 23
12007 22
12726 21
13447 20
14287 20
14887 20
15247 21
15847 20
16327 20
16807 20
17287 20
18126 21
18487 20
18967 20
19447 20
20407 20
20887 20
21367 20
21847 20
22202 21
22682 21
23162 21
23887 22
24247 22
24722 22
25683 23
26162 23
26527 23
27007 23
27367 22
27847 22
28327 22
28682 23
29162 23
29642 23
30607 23
31087 23
31447 21
31927 21
32407 21
32767 22
33246 22
33726 22
34087 23
35166 23
35527 23
35887 21
36367 21
36726 22
37202 22
37807 22
38287 22
39126 23
39487 20
39842 25
40567 26
41045 27
41524 27
41887 24
42487 28
42967 27
43203 32
43686 32
44766 31
45126 33
45847 31
46202 32
46807 27
47162 28
47642 25
47767 23
48247 22
48967 21
49927 21
