3728.44 3728.44
9687.9 5959.46
11177 7448.58
20863.8 11175.9
22353.9 12666
23843 12666
24592.1 13415
34274.8 13411
36514 15650.2
39494.2 14902.2
48430.9 8936.7
58120.7 9689.75
59605.8 11174.9
70040.6 11919.9
71526.7 11920.9
84197.7 14157.1
85682.8 15642.2
87177.9 15651.2
98353.8 14156.1
99094.9 13412
99838.9 14156.1
101329 14151.1
112509 14155.1
113255 14160.1
114000 14161.1
123682 10426.8
124427 11171.9
125916 11915.9
134113 10430.8
135602 11174.9
137092 11175.9
138587 12671
147524 13411
149759 14157.1
151248 14156.1
153488 14901.2
154973 16386.3
161680 14156.1
164660 14901.2
165405 14157.1
166894 13406
168389 13416
175091 13411
176581 14901.2
178815 14155.1
179561 14156.1
188502 11920.9
189991 13410
191481 12666
192227 12666
204152 15650.2
205637 15646.2
207127 15646.2
207873 15646.2
208617 16390.3
218307 14155.1
220543 14906.2
222028 14901.2
222779 14905.2
231719 11175.9
232464 10435.8
233204 10425.8
242891 11171.9
243636 10431.8
255557 12666
256302 12666
271203 15646.2
271948 15646.2
273442 17140.3
288340 17136.3
289830 16387.3
302496 12666
303245 13415
314421 11924.9
315166 11920.9
324103 9682.75
324848 10427.8
326337 11170.9
335279 11175.9
336024 11175.9
337517 12669
338263 11925.9
345710 10430.8
346455 8192.64
352416 6705.52
353904 8193.64
354651 8195.64
360611 8195.64
362099 8195.64
363594 8943.7
365080 10428.8
371045 10433.8
371790 9690.75
372530 8935.7
374020 8940.7
374770 9690.75
377751 6705.52
378496 6705.52
379241 6710.52
379986 5965.46
