486 486
1086 600
1446 946
2526 1440
2886 1440
3243 1743
3846 1846
4927 2427
5526 3000
5886 3000
6487 3487
6726 3483
7327 3827
7927 4081
8407 4407
9367 4867
9967 5040
10447 5447
10807 5307
11642 5642
12247 5747
12967 5967
13567 6067
14047 6047
14407 5907
15367 5867
15722 5722
16202 5702
16682 5682
17527 5527
18007 5507
18487 5487
19447 5447
19807 5307
20527 5027
21126 5126
21607 5107
22087 5087
22927 4927
23287 4787
24247 4747
24607 4607
25447 4447
26047 4547
26527 4527
27007 4507
27487 4487
27847 4347
28927 4427
29287 4287
29887 4387
30726 4226
31327 4327
31807 4307
32163 4163
33246 4246
33607 4107
34087 4087
35162 4162
35642 4142
36126 4126
36487 3987
37447 3947
37927 3927
38527 4027
39367 3867
39847 3847
40327 3827
41162 3662
41642 3642
42487 3487
43086 3586
43567 3567
44046 3546
45126 3626
45607 3607
46202 3702
47287 3787
48126 4126
48722 4222
49567 4067
