477.837 0
1677.84 0
2277.84 0
2877.84 0
3477.84 0
4077.84 0
4677.84 0
5277.84 0
5877.84 0
6477.84 0
7077.84 0
7677.84 0
8277.84 0
8877.84 0
9477.84 0
10077.8 0
10677.8 0
11277.8 0
11877.8 0
12477.8 0
13077.8 0
13677.8 0
14277.8 0
14877.8 0
15477.8 0
16077.8 0
16677.8 0
17277.8 0
17877.8 0
18477.8 0
19077.8 0
19677.8 0
20277.8 0
20877.8 0
21477.8 0
22077.8 0
22677.8 0
23277.8 0
23877.8 0
24477.8 0
25077.8 0
25677.8 0
26277.8 0
26877.8 0
27477.8 0
28077.8 0
28677.8 0
29277.8 0
29877.8 0
30477.8 0
31077.8 0
31677.8 0
32277.8 0
32877.8 0
33477.8 0
34077.8 0
34677.8 0
35277.8 0
35877.8 0
36477.8 0
37077.8 0
37677.8 0
38277.8 0
38877.8 0
39477.8 0
40077.8 0
40677.8 0
41277.8 0
41877.8 0
42477.8 0
43077.8 0
43677.8 0
44277.8 0
44877.8 0
45477.8 0
46077.8 0
46677.8 0
47277.8 0
47877.8 0
48477.8 0
49077.8 0
49677.8 0
50277.8 0
50877.8 0
51477.8 0
52077.8 0
52677.8 0
53277.8 0
53877.8 0
54477.8 0
55077.8 0
55677.8 0
56277.8 0
56877.8 0
57477.8 0
58077.8 0
58677.8 0
59277.8 0
59877.8 0
60477.8 0
