1510.27 1496.27
1511.27 1
4502.8 2991.53
4503.8 1
5234.56 730.76
5978.61 744.058
13103.9 7125.29
16411.4 3307.52
16627.4 215.927
17899.5 1272.19
31312.6 13413
32800.7 1488.12
32801.7 1
40998.3 8196.64
41743.4 745.058
42486.5 743.058
42487.5 1
52919.3 10431.8
53664.3 745.058
54407.4 743.058
67075.4 12668
67076.4 1
67820.4 744.058
78251.2 10430.8
78996.3 745.058
90172.2 11175.9
90917.2 745.058
102093 11175.9
102838 745.058
102839 1
112524 9684.75
113269 745.058
114012 743.058
114013 1
126680 12667
127425 745.058
128168 743.058
128913 745.058
141583 12670
141584 1
142326 742.058
151267 8940.7
152012 745.058
152755 743.058
160953 8197.64
161698 745.058
161699 1
162441 742.058
172129 9687.75
172874 745.058
173617 743.058
173618 1
175107 1489.12
187030 11922.9
188518 1488.12
189264 746.058
201931 12667
203421 1490.12
204165 744.058
204166 1
214597 10430.8
219814 5217.41
230990 11175.9
230991 1
234713 3722.29
242166 7452.58
243652 1486.12
248123 4471.35
248124 1
252596 4471.35
254083 1487.12
259299 5216.41
260044 745.058
260045 1
264517 4471.35
265262 745.058
278673 13411
279419 746.058
279420 1
289104 9683.75
290594 1490.12
300276 9681.75
301771 1495.12
309961 8190.64
311456 1495.12
311457 1
319647 8189.64
321886 2239.17
323373 1487.12
323374 1
331568 8193.64
334553 2985.23
336039 1486.12
337529 1490.12
344979 7449.58
344980 1
347219 2239.17
348705 1486.12
349454 749.058
353924 4469.35
354670 746.058
354671 1
356156 1485.12
