1507.12 0
5232.41 0
5977.46 0
14173.1 1
15663.2 1
16408.3 1
17898.4 1
27584.1 2
31309.4 2
32054.5 3
32799.6 3
41740.3 3
42485.3 3
53661.2 3
54406.2 3
65582.1 3
66327.2 3
78248.1 3
78993.2 3
90914.1 3
91659.1 3
92404.2 3
105070 3
105815 3
106560 3
107305 3
115501 3
116246 3
116991 3
117736 3
118481 3
128167 3
128912 3
129657 3
130402 3
131147 3
131892 3
140833 3
142323 3
143068 3
143813 3
144558 3
145303 3
146048 3
154244 3
154989 3
155734 3
156479 3
163930 3
164675 3
165420 3
166165 3
175106 3
175851 3
176596 3
177341 3
178086 3
190007 3
190752 3
191497 3
192242 3
192987 3
193732 3
205653 3
206398 3
207143 3
207888 3
220554 3
221299 3
233965 3
235455 3
236200 3
245886 3
247376 3
248121 3
248866 3
258552 3
260042 3
260787 3
271218 3
271963 3
273453 3
282394 3
283139 3
284629 3
285374 3
295060 3
295805 3
304746 3
306236 3
306981 3
317412 3
318902 3
319647 3
320392 3
332313 3
333803 3
341999 3
342744 3
343489 3
350194 3
350939 3
351684 3
353175 3
