2257.32 1946.32
2258.32 1
6149.97 3891.65
6150.97 1
6723.67 572.702
9704.9 2981.23
16132.3 6427.38
21628.8 5496.55
21629.8 1
33549.8 11919.9
34294.8 745.058
40998.3 6703.52
40999.3 1
41741.4 742.058
51427.2 9685.75
52172.2 745.058
52173.2 1
63348.1 11174.9
63349.1 1
64837.2 1488.12
74526 9688.75
76013.1 1487.12
76760.1 747.058
76761.1 1
87193.9 10432.8
88679.1 1485.12
89429.1 750.058
90174.2 745.058
90175.2 1
97620.8 7445.58
98365.8 745.058
99109.9 744.058
99854.9 745.058
101345 1490.12
111032 9686.75
111781 749.058
113266 1485.12
122957 9690.75
125192 2235.17
135619 10426.8
137108 1489.12
146050 8941.7
146051 1
146795 744.058
159461 12666
160206 745.058
160207 1
161695 1488.12
175852 14157.1
176597 745.058
178086 1489.12
178835 749.058
178836 1
193737 14901.2
194481 744.058
195222 741.058
204167 8944.7
204912 745.058
205653 741.058
214595 8941.7
214596 1
215343 747.058
216088 745.058
225771 9682.75
227264 1493.12
227265 1
228009 744.058
228750 741.058
239182 10431.8
241420 2238.17
242165 745.058
242910 745.058
242911 1
244396 1485.12
254083 9686.75
256321 2238.17
257807 1486.12
258556 749.058
270478 11921.9
271963 1485.12
271964 1
273458 1494.12
281650 8191.64
283139 1489.12
283888 749.058
285374 1486.12
285375 1
298790 13415
299534 744.058
299535 1
313692 14156.1
313693 1
324118 10425.8
325608 1489.12
331569 5961.46
331570 1
333058 1488.12
341255 8196.64
342744 1489.12
342745 1
343491 746.058
353921 10429.8
