725 725
1685 960
2166 1166
3484 1799
4084 2084
4567 2401
5162 2662
6364 3364
6847 3363
7447 3947
7927 3927
8527 4443
8767 4267
9967 4967
10087 4925
10682 5182
12126 5626
12367 5520
12847 5847
13327 5827
13807 5807
14643 5643
15607 5607
15967 5467
16447 5447
17527 5027
18007 5007
18487 4987
18967 4967
19927 4927
20643 4643
21126 4626
22447 4447
22927 4427
23407 4407
24367 4367
25203 4203
25807 4307
26767 4267
27247 4247
27722 4222
28683 4183
29527 4027
30007 4007
30847 3847
31327 3827
31806 3806
32766 3766
33723 3723
34202 3702
34686 3686
35162 3662
35767 3767
36967 3967
38047 4047
38407 3907
39126 4126
39487 3987
39967 3967
40927 3927
42007 3507
42487 2987
43085 3085
44045 3045
45364 2864
46686 3186
48245 3745
49567 4203
