2388 2000
2998.38 610.381
2999.38 1
8219.14 5219.76
8220.14 1
10450 2229.82
11942.1 1492.12
23113.9 11171.9
25354.1 2240.17
25355.1 1
35034.9 9679.75
35779.9 745.058
36525 745.058
36526 1
43975.6 7449.58
45467.7 1492.12
46215.7 748.058
47702.9 1487.12
55151.4 7448.58
55152.4 1
57388.6 2236.17
58131.7 743.058
60370.9 2239.17
67817.4 7446.58
69307.5 1490.12
69308.5 1
70799.7 1491.12
71544.7 745.058
74527 2982.23
82718.6 8191.64
84953.8 2235.17
86445.9 1492.12
86446.9 1
87193.9 747.058
87936 742.058
90171.2 2235.17
96874.7 6703.52
99859.9 2985.23
101347 1487.12
102090 743.058
102835 745.058
102836 1
104327 1491.12
106564 2237.17
119231 12667
119232 1
120719 1486.12
121464 745.058
122954 1490.12
132637 9683.75
133383 745.058
134128 745.058
134875 747.058
137112 2237.17
137113 1
143068 5955.46
147544 4475.35
147545 1
148288 743.058
154989 6701.52
160955 5965.46
160956 1
168405 7449.58
173620 5214.41
174364 744.058
180322 5958.46
180323 1
184796 4472.35
185540 744.058
190008 4468.35
190753 745.058
190754 1
195226 4472.35
196714 1488.12
201184 4469.35
202675 1491.12
203419 744.058
214597 11177.9
216086 1489.12
217575 1489.12
227263 9687.75
228753 1490.12
228754 1
230986 2232.17
239929 8942.7
242164 2235.17
242909 745.058
242910 1
245143 2233.17
252597 7453.58
254830 2233.17
257812 2982.23
265262 7449.58
267498 2236.17
268985 1487.12
277928 8942.7
277929 1
279416 1487.12
280906 1490.12
292084 11177.9
293572 1488.12
293573 1
