2240.32 2
6705.67 3
8198.79 2
15650.4 2.5
16395.4 2
29062.4 2.5
31297.6 2.9
43962.6 1
44707.6 2
53648.3 2.5
54393.4 2.9
65569.3 3.24483
66314.3 1
80470.4 2
81215.5 2.5
96116.6 1
97607.8 2
113253 2.5
114742 2.9
128154 3.24483
129644 3.55301
141565 3.83446
143054 4.09525
144544 1
153486 2
154231 3
154977 3.33333
165407 3.63333
166152 3.90856
166896 1
177329 2
178073 2.5
189995 1
190739 2
204891 2.5
205641 1
216071 2
227992 1
228737 1
241404 2
254069 2.5
255558 2.9
265245 3.24483
266734 3.55301
274931 3.83446
275676 4.09525
277165 4.33944
285357 4.56988
286106 4.78871
286851 4.99753
288341 5.19763
295793 5.39003
296537 5.57555
297281 5.75491
298026 5.92867
298771 6.09735
306223 6.26135
306968 6.42106
307712 6.5768
308457 6.72885
309202 6.87746
310692 7.02286
318889 7.16526
319634 7.30482
320379 7.44171
321123 7.57609
321868 7.70809
323358 7.83782
324848 7.96541
330810 8.09095
332299 8.21454
333044 8.33628
333789 8.45624
334534 8.57449
336024 8.69112
337511 1
341241 2
341986 3
342731 4
343477 5
344222 5.2
344965 5.39231
346455 5.57776
351672 5.75704
352417 5.93074
353161 6.09935
354651 6.26331
355393 6.42297
362102 6.57866
362848 6.73066
363591 6.87924
364337 7.0246
365827 7.16696
366572 7.30649
373279 7.44335
374024 7.5777
374769 7.70967
375514 7.83937
377005 7.96694
377750 8.09245
