240 6000
360 4500
480 4500
600 4500
720 7500
840 9000
960 9000
1080 9000
1200 13500
1320 15000
1440 15000
1560 15000
1680 18000
1800 19500
1920 19500
2040 19500
2160 25500
2280 27000
2400 27000
2520 27000
2640 33000
2760 33000
2880 33000
3000 33000
3120 34500
3240 39000
3360 40500
3480 40500
3600 39000
3720 45000
3840 46500
3960 45000
4080 45000
4200 51000
4320 51000
4440 51000
4560 51000
4680 57000
4800 57000
4920 57000
5040 57000
5160 61500
5280 61500
5400 61500
5520 61500
5640 66000
5760 67500
5880 67500
6000 67500
6120 67500
6240 72000
6360 72000
6480 72000
6600 70500
6720 75000
6840 73500
6960 73500
7080 72000
7200 76500
7320 75000
7440 73500
7560 72000
7680 76500
7800 75000
7920 73500
8040 72000
8160 75000
8280 73500
8400 72000
8520 70500
8640 73500
8760 72000
8880 70500
9000 69000
9120 69000
9240 72000
9360 70500
9480 69000
9600 67500
9720 72000
9840 70500
9960 69000
10080 67500
10200 72000
10320 70500
10440 69000
10560 67500
10680 72000
10800 70500
10920 69000
11040 67500
11160 72000
11280 70500
11400 69000
11520 67500
11640 70500
11760 69000
11880 67500
12000 66000
12120 66000
12240 69000
12360 67500
12480 66000
12600 64500
12720 67500
12840 66000
12960 64500
13080 63000
13200 66000
13320 64500
13440 63000
13560 61500
13680 64500
13800 63000
13920 61500
14040 60000
14160 64500
14280 63000
14400 61500
14520 60000
14640 64500
14760 63000
14880 61500
15000 60000
15120 60000
15240 63000
15360 61500
15480 60000
15600 58500
15720 64500
15840 63000
15960 61500
16080 60000
16200 64500
16320 63000
16440 61500
16560 60000
16680 64500
16800 63000
16920 61500
17040 60000
17160 64500
17280 63000
17400 61500
17520 60000
17640 63000
17760 61500
17880 60000
18000 58500
18120 58500
18240 61500
18360 60000
18480 58500
18600 57000
18720 63000
18840 61500
18960 60000
19080 58500
19200 61500
19320 60000
19440 58500
19560 57000
19680 60000
19800 58500
19920 57000
20040 55500
20160 60000
20280 58500
20400 57000
20520 55500
20640 58500
20760 57000
20880 55500
21000 54000
21120 54000
21240 57000
21360 55500
21480 54000
21600 52500
21720 57000
21840 55500
21960 54000
22080 52500
22200 55500
22320 54000
22440 52500
22560 51000
22680 55500
22800 54000
22920 52500
23040 51000
23160 54000
23280 52500
23400 51000
23520 49500
23640 52500
23760 51000
23880 49500
24000 48000
24120 48000
24240 51000
24360 49500
24480 48000
24600 46500
24720 51000
24840 49500
24960 48000
25080 46500
25200 51000
25320 49500
25440 48000
25560 46500
25680 51000
25800 49500
25920 48000
26040 46500
26160 51000
26280 49500
26400 48000
26520 46500
26640 51000
26760 49500
26880 48000
27000 46500
27120 45000
27240 49500
27360 48000
27480 46500
27600 45000
27720 51000
27840 49500
27960 48000
28080 46500
28200 51000
28320 49500
28440 48000
28560 46500
28680 51000
28800 49500
28920 48000
29040 46500
29160 49500
29280 48000
29400 46500
29520 45000
29640 49500
29760 48000
29880 46500
30000 45000
30120 43500
30240 48000
30360 46500
30480 45000
30600 43500
30720 49500
30840 48000
30960 46500
31080 45000
31200 48000
31320 46500
31440 45000
31560 43500
31680 46500
31800 45000
31920 43500
32040 42000
32160 46500
32280 45000
32400 43500
32520 42000
32640 45000
32760 43500
32880 42000
33000 40500
33120 40500
33240 43500
33360 42000
33480 40500
33600 39000
33720 45000
33840 43500
33960 42000
34080 40500
34200 43500
34320 42000
34440 40500
34560 39000
34680 43500
34800 42000
34920 40500
35040 39000
35160 43500
35280 42000
35400 40500
35520 39000
35640 42000
35760 40500
35880 39000
36000 37500
36120 36000
36240 40500
36360 39000
36480 37500
36600 36000
36720 40500
36840 40500
36960 39000
37080 37500
37200 42000
37320 42000
37440 40500
37560 39000
37680 43500
37800 43500
37920 42000
38040 40500
38160 45000
38280 45000
38400 43500
38520 42000
38640 45000
38760 45000
38880 43500
39000 42000
39120 42000
39240 45000
39360 43500
39480 42000
39600 40500
39720 45000
39840 45000
39960 43500
40080 42000
40200 46500
40320 46500
40440 46500
40560 45000
40680 49500
40800 48000
40920 46500
41040 45000
41160 48000
41280 48000
41400 46500
41520 45000
41640 48000
41760 46500
41880 45000
42000 43500
42120 43500
42240 46500
42360 45000
42480 43500
42600 42000
42720 45000
42840 43500
42960 42000
43080 40500
43200 45000
43320 43500
43440 42000
43560 40500
43680 45000
43800 43500
43920 42000
44040 40500
44160 45000
44280 43500
44400 42000
44520 40500
44640 42000
44760 40500
44880 39000
45000 37500
45120 37500
45240 40500
45360 39000
45480 37500
45600 36000
45720 40500
45840 39000
45960 37500
46080 36000
46200 40500
46320 39000
46440 37500
46560 36000
46680 40500
46800 40500
46920 39000
47040 37500
47160 42000
47280 40500
47400 39000
47520 37500
47640 42000
47760 40500
47880 39000
48000 37500
48120 37500
48240 40500
48360 39000
48480 39000
48600 39000
48720 43500
48840 42000
48960 40500
49080 39000
49200 43500
49320 43500
49440 42000
49560 40500
49680 45000
49800 43500
49920 42000
