607 607
1607 607
2087 587
2807 807
3287 787
4007 1007
4487 987
5087 1087
5807 1307
6407 1407
6887 1387
7607 1607
8202 1702
8807 1807
9287 1787
10007 2007
10607 2107
11087 2087
11682 2182
12287 2287
12767 2267
13367 2367
13847 2347
14447 2447
15047 2547
15527 2527
16126 2626
16722 2722
17202 2702
18287 2787
19007 3007
19607 3107
20087 3087
20567 3067
21287 3287
21767 3267
22967 3467
23447 3447
23927 3427
24407 3407
24887 3387
25367 3367
26447 3447
26927 3427
27642 3642
28007 3507
28607 3607
29087 3587
30162 3662
30527 3527
31007 3507
31487 3487
31967 3467
32567 3567
33047 3547
34007 3507
34247 3247
34847 3347
35327 3327
36287 3287
36767 3267
37722 3222
38202 3202
38682 3182
39162 3162
39767 3267
40247 3247
40847 3347
41327 3327
41927 3427
42407 3407
42887 3387
43487 3487
43847 3347
44567 3567
45047 3547
45642 3642
46126 3626
46726 3726
47202 3702
47927 3927
48407 3907
49007 4007
49487 3987
49967 3967
