4473.5 4473.5
10433 5959.46
12667.1 8193.64
21608.8 11175.9
23097.9 12665
25338.1 12671
26828.2 14161.1
35763.9 14155.1
37258.1 15649.2
40239.3 13411
46195.7 10431.8
46939.8 9681.75
54391.4 8195.64
55135.4 8195.64
64077.1 9685.75
65570.3 10434.8
67060.4 11924.9
76743.1 12666
78982.3 13412
80471.4 13411
81217.5 14157.1
91643.3 14900.2
93882.5 14900.2
96118.6 15647.2
96858.7 15641.2
106544 14901.2
108039 16395.3
109529 15646.2
120701 14156.1
121447 13408
122192 12663
135603 14156.1
136348 14156.1
151998 16395.3
153484 17136.3
154977 18629.5
163171 11172.9
165405 11920.9
172856 9684.75
175091 9685.75
184781 11924.9
187012 11920.9
188505 13414
198189 13408
200427 13415
201168 12663
201916 13411
210855 12666
213089 12662
213838 12670
214583 12667
224265 13410
225011 14156.1
226503 11919.9
235440 11175.9
236934 11922.9
238424 11920.9
248853 13412
249598 14157.1
251091 14157.1
253325 14901.2
263754 12663
265244 14153.1
266736 13411
276420 12666
278655 13411
279399 12663
286854 10433.8
288343 11922.9
296536 9682.75
298028 11174.9
299518 11175.9
308457 11920.9
309949 11920.9
312185 12667
312931 13412
321871 13414
323360 13411
324106 11920.9
324850 11919.9
325596 12665
331557 9685.75
332300 8939.7
333046 8939.7
333791 8940.7
334536 8940.7
341986 10428.8
342731 11173.9
343476 11175.9
344222 11175.9
344967 11175.9
346457 11920.9
354654 12668
356143 13412
356889 14158.1
357634 14158.1
358379 14157.1
359124 14157.1
360614 14157.1
365830 11175.9
