1495.27 49.8278
5216.56 20.0215
5964.61 33.3408
14160.3 16.6611
15650.4 15.3846
27573.3 11.1095
29061.4 11.1111
40234.3 11.7694
41727.4 11.7647
42471.5 16.6679
48429.9 27.2727
49923 27.2727
51413.2 24.9972
52157.2 30.7692
58860.7 28.5714
60353.9 28.5714
61843 28.5742
62588 28.5714
71530.7 23.522
72275.8 27.7695
73764.9 27.7778
76002.1 26.3102
76744.1 26.3158
87922 22.7273
88667.1 22.7273
89411.1 26.0885
90903.2 26.0839
92393.3 27.2727
93135.4 27.2727
100588 35.2941
101333 35.2941
103566 21.4286
104311 26.6667
110270 30.7819
111763 28.5742
113997 28.5714
115487 26.6667
122196 24.9895
122940 29.4025
125174 27.7778
127411 27.7716
129643 26.3158
137837 23.8171
138586 23.8095
140075 26.0885
142312 26.0839
143057 28.5714
145290 28.5696
154973 26.087
155722 26.087
157213 26.0839
157957 28.5733
158703 31.8201
159449 31.8182
160192 35
169129 36.8421
171369 23.5294
172114 23.5313
172860 23.5257
182544 22.2156
184780 12.501
185526 17.6471
195951 16.6716
197445 17.6485
198191 17.6485
209366 16.6617
210112 21.0467
221283 12.5042
222033 17.6457
223522 16.6679
234694 16.6667
235439 16.6729
236188 17.6471
236933 22.2222
248855 21.0467
249596 21.0526
250341 21.0571
251089 21.0526
252579 23.8095
263756 25
265245 23.805
265990 23.805
266735 23.8095
268225 23.8095
276422 29.4118
277167 33.3333
277911 35.2941
278656 35.2941
279401 35.2941
280891 35.2941
291323 30
292068 30
292814 33.3312
293559 33.3291
294304 33.3291
295792 31.8182
297282 31.8182
306970 22.2222
307715 22.2222
309205 22.2189
