487 24
1087 81
1487 123
1967 179
2686 174
3162 217
3887 189
4367 221
4967 223
5686 212
6287 214
6767 236
7487 217
8087 226
8682 228
9162 245
9767 244
10247 261
10847 259
11327 275
12047 263
12407 289
13126 276
13726 274
14327 273
14927 271
15407 284
16007 282
16607 280
17206 279
17682 290
18407 276
19487 281
19847 303
20567 293
21162 292
21767 290
22247 299
22847 297
23203 318
23807 315
24162 337
24646 347
25367 331
25726 353
26447 337
26807 359
27407 355
27767 378
28367 374
28847 383
29447 379
30047 378
30527 387
31007 396
31487 402
32202 385
32682 394
33162 403
33767 398
34367 394
34847 402
35203 424
36162 435
36642 444
37247 438
37722 448
38203 456
38807 450
39163 475
40126 486
40607 495
41206 488
41682 498
42047 524
42767 500
43126 526
44087 538
44567 548
45287 522
45642 550
46007 578
46607 568
46967 595
47927 609
48407 619
49007 609
49487 616
49847 648
