120 1500
240 0
365 1500
485 0
963 1500
1083 0
1563 1500
1683 3000
1803 1500
1923 0
2643 1500
2763 0
4208 0
4446 0
8048 0
8286 0
9963 1500
10083 1500
10203 0
11407 0
11527 1500
11647 1500
11767 0
13568 0
13806 1500
13926 1500
14046 0
16328 3000
16448 3000
16568 1500
16688 0
18728 1500
18848 1500
18968 0
20647 0
21008 1500
21128 0
22807 0
23046 1500
23166 0
24847 1500
24967 0
25087 0
27127 0
27367 0
29043 1500
29163 0
29407 0
31203 0
31807 1500
31927 0
33483 0
34207 1500
34327 0
35643 0
36247 0
36367 0
37688 1500
37808 0
38527 0
38647 0
39604 3000
39724 1500
39844 0
40567 0
40687 0
42008 1500
42128 0
43087 0
43207 0
44164 1500
44284 0
45007 0
45246 1500
45366 0
47167 1500
47287 1500
47407 0
47646 0
49447 0
49567 3000
49687 3000
49807 1500
49927 0
