120 0
606 1500
726 0
1206 0
1566 1500
1686 0
2120 0
2620 1500
2740 0
3006 1500
3126 0
3363 0
3620 0
4120 0
5046 1500
5166 0
6006 1500
6126 0
6620 0
7120 0
7620 0
8620 0
10120 0
10620 0
11620 0
12120 0
12620 0
13120 0
13620 0
15120 0
16120 0
16620 0
17620 0
18120 0
18620 0
19120 0
19620 0
20620 0
21620 0
23120 0
23620 0
24120 0
24620 0
25620 0
26620 0
27620 0
28120 0
28620 0
29120 0
30120 0
30620 0
31620 0
32120 0
32620 0
33120 0
34120 0
34620 0
35620 0
36120 0
36620 0
37120 0
38120 0
38620 0
39620 0
40120 0
40620 0
41120 0
42120 0
42620 0
43120 0
43567 1500
43687 0
44527 1500
44647 0
45620 0
45967 0
46120 0
46447 0
46620 0
47120 0
47620 0
48620 0
49620 0
