240 6000
360 4500
480 4500
600 4500
720 7500
840 9000
960 9000
1080 9000
1200 13500
1320 15000
1440 15000
1560 15000
1680 18000
1800 19500
1920 19500
2040 19500
2160 25500
2280 27000
2400 27000
2520 27000
2640 33000
2760 34500
2880 34500
3000 34500
3120 34500
3240 40500
3360 40500
3480 40500
3600 39000
3720 45000
3840 46500
3960 46500
4080 45000
4200 51000
4320 52500
4440 51000
4560 51000
4680 55500
4800 57000
4920 57000
5040 57000
5160 63000
5280 63000
5400 61500
5520 60000
5640 64500
5760 64500
5880 64500
6000 64500
6120 64500
6240 69000
6360 67500
6480 66000
6600 66000
6720 72000
6840 72000
6960 70500
7080 69000
7200 72000
7320 72000
7440 70500
7560 69000
7680 75000
7800 73500
7920 72000
8040 70500
8160 75000
8280 73500
8400 72000
8520 70500
8640 75000
8760 73500
8880 72000
9000 70500
9120 70500
9240 73500
9360 72000
9480 70500
9600 69000
9720 73500
9840 72000
9960 70500
10080 69000
10200 73500
10320 72000
10440 70500
10560 69000
10680 72000
10800 70500
10920 69000
11040 67500
11160 72000
11280 70500
11400 69000
11520 67500
11640 70500
11760 69000
11880 67500
12000 66000
12120 64500
12240 69000
12360 67500
12480 66000
12600 64500
12720 70500
12840 69000
12960 67500
13080 66000
13200 69000
13320 67500
13440 66000
13560 64500
13680 67500
13800 66000
13920 64500
14040 63000
14160 66000
14280 64500
14400 63000
14520 61500
14640 64500
14760 63000
14880 61500
15000 60000
15120 60000
15240 63000
15360 61500
15480 60000
15600 58500
15720 63000
15840 61500
15960 60000
16080 58500
16200 63000
16320 61500
16440 60000
16560 58500
16680 63000
16800 61500
16920 60000
17040 58500
17160 63000
17280 61500
17400 60000
17520 58500
17640 61500
17760 60000
17880 58500
18000 57000
18120 57000
18240 60000
18360 58500
18480 57000
18600 55500
18720 61500
18840 60000
18960 58500
19080 57000
19200 61500
19320 60000
19440 58500
19560 57000
19680 61500
19800 60000
19920 58500
20040 57000
20160 60000
20280 58500
20400 57000
20520 55500
20640 60000
20760 58500
20880 57000
21000 55500
21120 54000
21240 57000
21360 55500
21480 54000
21600 52500
21720 57000
21840 55500
21960 54000
22080 52500
22200 55500
22320 54000
22440 52500
22560 51000
22680 55500
22800 54000
22920 52500
23040 51000
23160 54000
23280 52500
23400 51000
23520 49500
23640 54000
23760 52500
23880 51000
24000 49500
24120 48000
24240 52500
24360 51000
24480 49500
24600 48000
24720 54000
24840 52500
24960 51000
25080 49500
25200 52500
25320 51000
25440 49500
25560 48000
25680 52500
25800 51000
25920 49500
26040 48000
26160 51000
26280 49500
26400 48000
26520 46500
26640 51000
26760 49500
26880 48000
27000 46500
27120 45000
27240 48000
27360 46500
27480 45000
27600 43500
27720 48000
27840 46500
27960 45000
28080 43500
28200 48000
28320 46500
28440 45000
28560 43500
28680 48000
28800 46500
28920 45000
29040 43500
29160 48000
29280 46500
29400 45000
29520 43500
29640 46500
29760 45000
29880 43500
30000 42000
30120 40500
30240 45000
30360 43500
30480 42000
30600 40500
30720 46500
30840 45000
30960 43500
31080 42000
31200 46500
31320 45000
31440 43500
31560 42000
31680 46500
31800 45000
31920 43500
32040 42000
32160 46500
32280 45000
32400 43500
32520 42000
32640 46500
32760 45000
32880 43500
33000 42000
33120 40500
33240 45000
33360 43500
33480 42000
33600 40500
33720 45000
33840 45000
33960 43500
34080 42000
34200 46500
34320 46500
34440 45000
34560 43500
34680 48000
34800 46500
34920 45000
35040 43500
35160 48000
35280 46500
35400 45000
35520 43500
35640 48000
35760 46500
35880 45000
36000 43500
36120 42000
36240 46500
36360 45000
36480 43500
36600 42000
36720 46500
36840 45000
36960 43500
37080 42000
37200 46500
37320 45000
37440 43500
37560 42000
37680 46500
37800 45000
37920 43500
38040 42000
38160 46500
38280 45000
38400 43500
38520 42000
38640 46500
38760 45000
38880 43500
39000 42000
39120 40500
39240 43500
39360 42000
39480 40500
39600 39000
39720 43500
39840 42000
39960 40500
40080 39000
40200 43500
40320 42000
40440 40500
40560 39000
40680 43500
40800 42000
40920 40500
41040 39000
41160 43500
41280 42000
41400 40500
41520 39000
41640 43500
41760 42000
41880 40500
42000 39000
42120 39000
42240 42000
42360 40500
42480 39000
42600 37500
42720 42000
42840 40500
42960 39000
43080 37500
43200 42000
43320 40500
43440 39000
43560 39000
43680 43500
43800 43500
43920 42000
44040 40500
44160 45000
44280 45000
44400 43500
44520 42000
44640 45000
44760 45000
44880 43500
45000 43500
45120 42000
45240 45000
45360 43500
45480 42000
45600 40500
45720 46500
45840 45000
45960 43500
46080 43500
46200 46500
46320 45000
46440 43500
46560 43500
46680 46500
46800 46500
46920 45000
47040 43500
47160 48000
47280 46500
47400 45000
47520 43500
47640 46500
47760 45000
47880 43500
48000 42000
48120 42000
48240 45000
48360 43500
48480 42000
48600 40500
48720 45000
48840 43500
48960 42000
49080 40500
49200 43500
49320 42000
49440 40500
49560 39000
49680 43500
49800 42000
49920 40500
