1495.27 1495.27
5216.56 3721.29
5964.61 4469.35
14160.3 8943.7
15650.4 9685.75
27573.3 13413
29061.4 13411
40979.3 13406
42472.5 13411
43219.5 14158.1
52160.2 11180.9
52900.3 10427.8
61841 9680.75
62586 9685.75
73020.8 11179.9
73761.9 11175.9
74510 11923.9
87918 14897.2
88663.1 14901.2
89411.1 14901.2
90156.2 15646.2
103564 15646.2
104309 15646.2
117720 14156.1
118465 14156.1
119210 14901.2
130386 12666
131879 13414
132624 13414
144546 14160.1
145287 14901.2
146038 14158.1
146783 14158.1
158703 12665
159448 13410
160937 14154.1
170619 11916.9
172113 12665
172855 11917.9
173600 12663
184030 13411
185526 13413
187016 14161.1
187761 14161.1
188504 14904.2
197442 10425.8
198187 10425.8
198935 10430.8
209362 11920.9
210108 11920.9
210856 12669
211601 12666
223524 14161.1
224264 14156.1
225009 14153.1
225759 14903.2
226504 14903.2
236185 11175.9
236930 11170.9
237675 11170.9
245870 9685.75
247363 10433.8
248110 11180.9
248854 11178.9
258540 12670
260776 13413
261522 13411
262267 14156.1
263755 14901.2
273441 14901.2
276418 14151.1
277913 14158.1
287598 14156.1
291319 13406
301010 13412
303985 12666
309204 8194.64
309949 8939.7
312180 8195.64
318890 9685.75
319635 9685.75
320379 10429.8
322611 10430.8
331556 12666
332301 12666
333046 12667
334535 11923.9
335282 12671
342733 11176.9
344221 11919.9
344968 11921.9
345711 11175.9
346456 11173.9
347946 12664
353164 10430.8
353909 9687.75
354654 9685.75
355399 9687.75
356144 9687.75
357634 9687.75
