2388 2000
2998.38 610.381
2999.38 1
8219.14 5219.76
8220.14 1
10450 2229.82
11942.1 1492.12
23113.9 11171.9
25354.1 2240.17
25355.1 1
35034.9 9679.75
36525 1490.12
37274.1 749.058
37275.1 1
45466.7 8191.64
47705.9 2239.17
48449.9 744.058
49193 743.058
58877.7 9684.75
58878.7 1
62606 3727.29
70053.6 7447.58
70797.7 744.058
73037.8 2240.17
80488.4 7450.58
82722.6 2234.17
90169.2 7446.58
92408.3 2239.17
92409.3 1
102090 9680.75
105075 2985.23
106562 1487.12
106563 1
118486 11922.9
118487 1
119231 744.058
128167 8935.7
128912 745.058
130404 1492.12
130405 1
140093 9687.75
143817 3724.29
143818 1
154244 10425.8
156479 2235.17
165420 8940.7
167655 2235.17
177341 9685.75
180321 2980.23
180322 1
188518 8195.64
190757 2239.17
191502 745.058
191503 1
200439 8935.7
201930 1491.12
202673 743.058
204165 1492.12
212359 8193.64
212360 1
213851 1491.12
227260 13409
236946 9685.75
236947 1
245886 8939.7
248126 2240.17
260792 12666
260793 1
272708 11914.9
274203 1494.12
284629 10426.8
284630 1
286867 2236.17
297295 10428.8
298787 1492.12
309961 11173.9
310706 745.058
310707 1
321137 10429.8
321882 745.058
333808 11925.9
335295 1487.12
347219 11923.9
347220 1
359135 11914.9
359880 745.058
366591 6710.52
366592 1
368078 1486.12
371804 3726.29
372551 747.058
372552 1
373293 741.058
376276 2983.23
377022 745.058
377764 742.058
378509 745.058
378510 1
379254 744.058
379999 745.058
380744 745.058
381489 745.058
