2240.32 33.2567
6705.67 16.6853
8198.79 25.0084
15650.4 16.6592
16395.4 23.0674
29061.4 11.1111
31297.6 9.99933
43962.6 10
44707.6 11.1119
55134.4 13.3381
55883.5 18.75
56627.6 18.7516
69290.5 15.7895
70039.6 15.7895
70783.7 20.0013
71528.7 20
84195.7 19.9946
84940.8 20
85685.8 19.9987
86431.9 19.9973
87174.9 23.8095
96861.7 20
97606.8 20.0018
98350.8 20
109528 17.6471
110273 17.6471
111018 17.6457
111762 22.2222
121445 25.0084
122938 23.5313
123684 23.5294
124428 23.5294
125173 27.7778
134111 29.4118
136350 27.7757
137095 27.7778
137839 27.7778
138584 27.7778
146777 29.4118
147526 33.3234
150506 31.5789
151251 31.5789
151997 31.5745
152740 31.5789
164662 16.6667
165407 21.0526
166151 21.0556
166896 21.0526
181798 17.3913
182543 17.3913
183289 17.3893
184034 20.831
184778 20.8333
196699 16.6679
197445 16.6679
198189 16.6667
211601 15
212346 15
213091 19.0476
213835 19.0476
224267 23.5294
225756 22.2239
226502 22.2222
227247 26.3158
227993 26.3121
237674 27.7861
239913 17.6471
240658 17.6485
248850 20
251090 19.9982
252580 18.7484
253324 23.5294
259280 28.5714
262265 16.6667
263010 23.0769
270456 20
274182 18.7563
275675 17.6485
284617 14.2789
286852 13.3321
296533 12.5052
298772 12.5
299517 17.6471
311434 15
313674 15
314419 15
315165 19.0464
324845 14.2912
325595 20
326339 20.0036
336025 19.9928
336771 19.9982
337516 19.9964
338262 24.9958
347942 14.2926
348687 20.009
350180 18.7531
357628 23.0769
358373 23.0769
366569 16.6667
