4473.5 2
10433 3
12667.1 4
21608.8 5
23097.9 2
25338.1 3
26828.2 3.33333
35019.9 3.63333
36513 3.90856
39494.2 4.16441
45450.7 4.40454
46943.8 4.63158
48433.9 4.84749
49920 5.05378
56626.6 5.25165
58116.7 5.44207
59609.8 5.62582
61846 5.80357
62589 5.97588
70037.6 6.14322
72272.8 6.306
73765.9 6.46458
76002.1 6.61927
76745.1 6.77034
81958.5 6.91805
83451.7 7.0626
85683.8 1
87177.9 2
88668.1 3
89411.1 4
95369.6 4.25
96862.7 4.48529
97608.8 4.70824
102819 4.92064
107295 5.12386
108784 5.31903
109529 1
114743 2
118467 3
119959 3.33333
120706 3.63333
129643 3.90856
131881 4.16441
132622 4.40454
141564 4.63158
144543 4.84749
145288 5.05378
146782 5.25165
154975 5.44207
157954 1
158700 2
159449 3
160938 3.33333
169876 3.63333
172856 3.90856
174349 4.16441
184035 4.40454
187012 4.63158
188505 4.84749
189251 5.05378
198934 5.25165
201168 5.44207
202658 5.62582
203407 5.80357
204896 1
212345 2
215324 2
216818 3
217563 3.33333
229480 3.63333
230229 3.90856
231718 4.16441
243636 4.40454
244381 4.63158
245874 1
246618 1
257796 2
258541 3
269713 3.33333
270458 3.63333
271206 3.90856
280143 4.16441
280889 4.40454
281634 4.63158
290574 4.84749
292065 5.05378
292810 5.25165
293558 5.44207
301750 5.62582
303990 5.80357
304735 5.97588
305479 6.14322
306224 6.306
315906 6.46458
317397 6.61927
318142 1
318891 2
319636 3
321126 4
329318 4.25
