3745.44 3245.44
11197 7451.58
13431.2 9684.75
24609.1 13412
28334.4 14903.2
35779.9 11170.9
38020.1 9685.75
38762.2 10426.8
44722.6 8942.7
47702.9 9682.75
48447.9 9685.75
49940 11176.9
57388.6 12666
60368.9 12666
61113.9 12666
62607 12667
70802.7 13414
72291.8 14902.2
75270 12663
83468.7 12666
84213.7 11921.9
87190.9 11920.9
94639.5 11170.9
95384.6 11170.9
96133.6 11918.9
98366.8 11175.9
107308 12668
108056 12671
108801 12667
109546 13411
111035 12668
120719 11917.9
121462 11915.9
122956 11920.9
133385 12666
134128 12666
134877 13414
136367 13411
148289 14904.2
149029 14901.2
149778 14901.2
150523 15645.2
152013 15646.2
160952 12663
161700 12671
162444 12666
163189 12666
164680 12667
165422 13408
174366 13414
175111 13411
182558 8192.64
183306 8939.7
184796 9684.75
186286 11173.9
193734 11175.9
194479 11172.9
195971 11175.9
197462 11175.9
207148 13414
207888 14153.1
208633 14154.1
210128 14156.1
211616 14154.1
220559 13411
222048 14160.1
222795 14905.2
230241 9681.75
232480 9685.75
239182 8940.7
241416 8935.7
250358 11175.9
251852 12669
254082 12666
266748 14896.2
268988 14906.2
282395 15647.2
283888 14900.2
285379 16390.3
297295 14900.2
298789 13410
310707 13412
311451 12662
322627 11919.9
323372 12664
324121 12670
336038 13411
336783 13411
337528 14155.1
338278 14156.1
347959 11920.9
349453 12670
358390 10430.8
359884 11923.9
361374 11920.9
370312 11921.9
371806 11921.9
373296 11921.9
374041 12666
380002 6705.52
