2441 2000
2683.32 242.323
2684.32 1
7167.97 4483.65
7168.97 1
10131.9 2962.93
11623 1491.12
22799.9 11176.9
25033.1 2233.17
25034.1 1
33972.8 8938.7
35460.9 1488.12
36208.9 748.058
36209.9 1
42168.4 5958.46
44401.6 2233.17
45146.6 745.058
45895.7 749.058
53344.3 7448.58
53345.3 1
56325.5 2980.23
57072.6 747.058
57816.6 744.058
65263.2 7446.58
69738.5 4475.35
70483.6 745.058
80169.4 9685.75
81658.5 1489.12
82404.5 746.058
82405.5 1
90596.2 8190.64
92835.3 2239.17
93575.4 740.058
94324.5 749.058
94325.5 1
107737 13411
107738 1
109226 1488.12
118912 9686.75
119657 745.058
121147 1489.12
121148 1
130083 8935.7
130828 745.058
144239 13411
145733 1494.12
145734 1
157650 11915.9
160631 2980.23
170316 9685.75
172557 2240.17
180002 7445.58
180003 1
182241 2238.17
190433 8191.64
191927 1494.12
191928 1
193417 1489.12
204594 11176.9
204595 1
206083 1488.12
216510 10426.8
217255 745.058
218749 1494.12
218750 1
233651 14901.2
233652 1
246312 12660
246313 1
247057 744.058
261218 14161.1
262708 1489.12
263449 741.058
263450 1
274630 11179.9
276119 1489.12
276860 741.058
277609 749.058
277610 1
286545 8935.7
288036 1490.12
288781 745.058
289530 749.058
290275 745.058
301452 11176.9
301453 1
303686 2233.17
304427 741.058
318588 14161.1
319328 740.058
319329 1
327524 8194.64
327525 1
328269 744.058
329763 1494.12
339445 9681.75
340190 745.058
340935 745.058
340936 1
342429 1493.12
352112 9682.75
353605 1493.12
