4473.5 4473.5
11922.1 7448.58
13411.2 8937.7
23843 11920.9
24588.1 12666
26077.2 12666
26822.2 13411
37999.1 14156.1
38744.2 14901.2
39488.2 14900.2
40233.3 15645.2
40983.3 14906.2
42473.5 16396.3
43963.6 17141.3
46197.7 19375.5
51410.2 13411
52155.2 13411
54389.4 10425.8
58117.7 11919.9
64076.1 12666
64821.2 13411
66310.3 14155.1
67804.4 13415
70784.7 12667
78236.2 14160.1
78981.3 14160.1
80466.4 14156.1
82705.6 14901.2
84195.7 16391.3
86430.9 15646.2
93133.4 14897.2
93878.5 14897.2
95367.6 14901.2
105799 12666
106544 13411
107289 13410
108034 12666
119955 14156.1
120701 14156.1
121445 14156.1
122190 14156.1
123680 15646.2
135602 15646.2
136347 15646.2
137091 15646.2
137836 15646.2
138581 14901.2
139331 15651.2
149013 13411
149758 13411
150503 13412
158699 9685.75
160188 10429.8
160934 11175.9
162423 11919.9
172114 13415
173599 13411
174345 13411
175839 13416
176583 14160.1
187011 14897.2
189246 12663
189994 13411
199677 12666
201912 12666
212343 12666
214582 12670
225013 12670
227244 12662
227992 13410
236930 11916.9
239165 11920.9
239910 11917.9
240654 12662
249596 12666
252579 13414
253325 13415
254065 13411
261521 11924.9
263006 13410
264496 11916.9
265245 11919.9
265990 11924.9
273437 11916.9
274927 11920.9
275673 12667
277162 12666
278652 13407
279401 13411
288340 14902.2
290574 15647.2
291323 15650.2
292808 17135.3
293557 16395.3
295048 16396.3
296538 17137.3
305476 17136.3
306969 16395.3
307714 16391.3
309204 16396.3
