3728.44 3728.44
9687.9 5959.46
11177 7448.58
20863.8 11175.9
22353.9 12666
23843 12666
24592.1 13415
34274.8 13411
36514 15650.2
39494.2 14902.2
46199.7 9685.75
47684.9 8190.64
53646.3 7446.58
55135.4 7450.58
63332.1 9685.75
64821.2 11174.9
65570.3 10434.8
76743.1 13411
78232.2 13411
78981.3 14160.1
79726.4 14156.1
93134.4 16391.3
94628.5 16396.3
96118.6 17137.3
96863.7 17137.3
98348.8 18622.5
107291 10426.8
108780 11915.9
109529 11179.9
118466 11175.9
119955 11175.9
120705 11175.9
121451 11921.9
131877 13411
133367 13411
134116 13411
134862 13411
136347 14896.2
149018 17140.3
150503 17136.3
151248 17132.3
151993 17131.3
153483 17136.3
164660 15642.2
165409 16391.3
166154 15651.2
166894 15646.2
167639 15646.2
168384 14901.2
177330 12670
178071 12662
178815 13406
179560 13406
180305 13411
181050 13411
182540 14156.1
189249 11918.9
189994 11922.9
190737 11921.9
191486 12671
192231 12671
192971 12666
194461 13411
202660 11173.9
203403 11171.9
204147 11915.9
205637 12666
206386 11924.9
216816 14156.1
217559 14156.1
218303 14156.1
219793 14156.1
220542 14156.1
222028 15642.2
234697 17881.4
235440 17881.4
236185 17881.4
237680 17886.4
238425 17882.4
239915 17886.4
240657 18628.5
251089 16391.3
252576 12661
253323 12666
254068 13411
263010 11920.9
264500 11923.9
265987 12664
266732 12664
275676 12666
277911 13411
279398 14898.2
286104 10428.8
288342 10430.8
289829 10430.8
298770 12666
301753 13411
303245 14903.2
303990 14161.1
313672 14901.2
