1490.12 0
5215.41 0
5960.46 0
10430.8 0
12666 1
14156.1 1
14901.2 1
25332 2
27567.1 2
28312.2 2
43213.4 2
43958.4 2
44703.5 2
52899.1 2
53644.2 2
62584.9 2
63329.9 2
74505.8 2
75995.9 2
76741 2
89407 2
91642.1 2
92387.2 2
93132.3 2
108778 2
109524 2
110269 2
125170 2
125915 2
126660 2
128150 2
139326 2
140071 2
151247 2
151992 2
163168 2
164658 2
165403 2
176579 2
178814 2
179559 2
180304 2
190735 2
192225 2
203401 2
204891 2
206381 2
215322 2
216812 2
226498 2
227243 2
236183 2
236928 2
237674 2
245869 2
246614 2
247359 2
248849 2
257790 2
259280 2
260025 2
261515 2
269711 2
271201 2
272691 2
273436 2
274926 2
282377 2
283122 2
283867 2
284612 2
285357 2
286847 2
294298 2
295788 2
296533 2
297278 2
306964 2
309199 2
309944 2
310689 2
321120 2
321865 2
322610 2
323355 2
324845 2
333786 2
334531 2
336021 2
341237 2
342727 2
344217 2
349432 2
350922 2
352412 2
353903 2
359863 2
361353 2
362098 2
363588 2
365824 2
371039 2
371784 2
