3728.44 2
9687.9 3
11177 4
20863.8 5
22353.9 2
23843 3
24592.1 3.33333
34278.8 3.63333
36510 3.90856
39494.2 1
45450.7 2
56626.6 2.5
59609.8 2.9
68547.5 1
71531.7 2
84193.7 2.5
85687.8 2.9
96859.7 3.24483
98349.8 3.55301
105800 3.83446
108036 4.09525
110271 4.33944
117721 1
120705 2
122937 3
134117 3.33333
136352 3.63333
137096 3.90856
148273 4.16441
149758 4.40454
150503 4.63158
163170 4.84749
164664 5.05378
165409 1
166149 2
181051 3
181796 3.33333
182540 3.63333
193717 3.90856
194462 4.16441
195206 4.40454
207876 4.63158
208618 4.84749
209362 5.05378
210853 5.25165
222775 5.44207
223520 1
224264 2
236935 3
239165 3.33333
249597 3.63333
250346 3.90856
251091 4.16441
263008 4.40454
263753 4.63158
264497 1
265992 2
278658 3
279399 3.33333
289830 3.63333
290575 3.90856
292064 4.16441
303241 4.40454
303990 4.63158
305475 4.84749
306222 5.05378
318887 1
319632 2
321126 3
334533 3.33333
335282 3.63333
336027 3.90856
344219 4.16441
344964 4.40454
345708 4.63158
356140 4.84749
356889 5.05378
357634 5.25165
359119 5.44207
365084 5.62582
365829 5.80357
366570 5.97588
367315 6.14322
368060 6.306
371044 6.46458
371789 6.61927
372530 6.77034
373275 6.91805
374020 7.0626
375515 7.20419
377751 7.343
378496 7.47918
379241 7.61288
379986 7.74424
