3745.44 22.9571
11197 9.99866
13431.2 15.3846
24609.1 11.1103
28334.4 9.99866
37272.1 8.33613
38017.1 15.3894
45467.7 18.1818
46959.8 16.6629
55898.5 14.2857
56643.6 20
58135.7 20
68564.5 17.6471
69309.5 17.6471
70056.6 22.2189
71546.7 22.2222
84210.7 19.0476
84955.8 19.0476
85700.8 19.0501
86447.9 20
87193.9 23.808
98366.8 26.3158
99858.9 24.9966
100605 16.6667
110286 18.7531
111033 20.0036
111780 20.0018
122212 18.7421
122954 23.5257
123701 23.5257
124446 23.5294
134873 23.5387
135620 23.5294
136365 27.7778
137112 27.7778
150521 15
151269 14.997
152013 15
161697 20
162442 14.2885
172126 14.2885
173620 13.3309
185542 11.107
186284 15.7872
188521 15
202678 13.0435
203423 13.0412
204912 15.9983
206403 16.6657
215339 23.5387
216084 23.5387
225775 14.2789
226520 14.2789
227264 19.9928
237692 18.7563
238436 18.7579
251107 11.1078
251847 11.1111
262278 7.14286
263772 12.4958
272709 14.2843
274203 14.2857
285375 11.7647
286865 15.7906
287612 16.6692
296551 20
298790 18.7421
300280 22.2156
301023 22.2222
310707 21.0526
312200 22.2239
314437 21.0511
315182 21.0482
315926 24.9966
323373 29.4118
324122 31.2474
324866 35.7177
325612 35.7177
326357 35.7143
327847 37.5
332314 50
333059 50.0224
333804 50.0168
334552 50
335297 50
336787 50
337531 53.8517
342744 50.0048
344235 46.6667
344984 46.65
345729 46.6625
346474 46.6625
347963 46.6667
349453 43.7463
355411 30.7819
356156 30.7819
357649 30.7692
359883 28.5742
365097 30.7692
365842 30.7692
