340.425 65.6583
895.219 37.4519
1569.77 36.3636
1680.53 41.6978
2574.6 39.9285
2799.12 29.35
3917.7 19.0395
4138.22 17.4048
4252.98 17.3778
4584.26 15.3952
7046.95 14.2857
7158.71 14.8001
7267.47 11.1222
7605.74 7.3976
8721.33 13.3493
8830.09 27.3841
10176.2 23.0452
10288 21.4012
10396.7 28.535
12185.8 22.2443
12294.6 22.2776
12408.4 15.8118
12631.9 15
14197.5 16.6667
14306.3 17.6657
14418 18.771
15873.9 26.6667
16096.4 24.9721
16211.2 24.9303
16319.9 29.3808
17662 31.25
17884.5 31.25
17999.3 31.25
18108.1 29.4583
18331.6 33.3333
19785.4 31.5789
20008 31.5789
20122.7 31.5789
20231.5 26.3158
20458 19.0233
20678.5 19.0476
22132.4 19.0476
22352.9 19.0639
22581.4 15.7895
22804.9 10.5115
23808.8 20
24477.3 20.0478
24700.8 17.6843
25593.9 25.042
26381.2 23.48
26712.5 22.2222
26937 24.9888
27943.8 23.7791
28611.4 20.0448
29058.4 14.2918
29282.9 13.0435
29397.7 18.167
30846.6 25
31186.8 23.48
31297.6 22.1891
31519.1 21.0725
32858.2 27.7778
33086.7 23.5294
33197.5 17.6471
33422 11.7462
33532.8 16.6501
35321.9 23.5294
35433.7 22.2222
35654.2 21.0725
35877.7 19.0639
37333.6 27.7778
37440.3 27.847
37779.6 26.291
38001.1 26.3158
38114.9 29.9732
39452 31.6535
39677.5 29.9732
40015.8 29.9866
40350 23.7893
40461.8 18.167
40573.6 18.1818
41688.1 19.9911
42027.4 19.0233
42585.2 21.0526
42697 15.7895
43480.3 12.4721
43810.6 18.8026
45042.9 21.456
45156.7 20
45486.9 20
46829 25.028
46939.8 25.0701
47275.1 25
47500.6 27.7502
48952.5 21.0526
49063.2 15.7895
49403.5 15.7524
49624 14.2736
