3728.44 2
9687.9 3
11177 4
20863.8 5
22352.9 2
23843 3
24592.1 3.33333
34278.8 3.63333
35763.9 3.90856
38749.2 4.16441
46195.7 4.40454
47684.9 4.63158
49180 4.84749
50665.1 5.05378
60351.9 5.25165
61841 5.44207
63336.1 5.62582
64821.2 5.80357
65571.3 5.97588
76002.1 6.14322
77487.2 6.306
78977.3 6.46458
79726.4 6.61927
80472.4 6.77034
87919 6.91805
89408.1 7.0626
90158.2 7.20419
91648.3 7.343
92392.3 7.47918
93133.4 7.61288
100585 7.74424
101330 7.87337
102074 8.00038
102819 8.12537
104309 8.24844
105054 8.36968
105799 8.48916
113996 8.60696
114741 8.72314
115486 8.83778
116230 8.95093
117720 1
119215 2
119960 3
129646 4
141563 5
142308 5.2
143052 5.39231
144542 5.57776
155723 5.75704
156464 5.93074
157208 6.09935
158699 6.26331
160189 6.42297
170624 6.57866
171366 6.73066
172110 6.87924
173600 7.0246
174349 7.16696
175840 7.30649
184035 7.44335
184781 7.5777
185521 7.70967
187011 7.83937
187760 7.96694
188506 8.09245
189991 8.21603
197443 8.33774
198188 8.45768
198932 8.57591
200422 8.69252
201172 8.80756
201917 8.9211
203402 9.03319
204152 9.14389
212344 9.25326
213089 9.36133
213833 9.46815
214578 9.57377
215323 9.67822
216068 9.78154
216813 9.88378
217558 9.98495
218303 10.0851
227990 1
228735 2
230974 3
232464 4
233209 5
233949 6
235444 6.16667
245130 6.32883
245871 6.48684
