2984.38 2
7454.73 3
8942.85 4
17139.5 2
18628.6 2.5
19376.7 2.9
20121.7 3.24483
32785.7 3.55301
33532.8 1
35022.9 2
49922 2.5
51411.2 2.9
61843 3.24483
62588 3.55301
72273.8 3.83446
73018.8 1
73762.9 2
86431.9 2.5
87174.9 1
99095.9 2
108034 2.5
108779 2.9
118464 3.24483
119212 3.55301
131135 1
131878 2
132623 2
143054 2.5
143799 2.9
150505 3.24483
151250 3.55301
158701 3.83446
160190 4.09525
160936 4.33944
171367 4.56988
172856 4.78871
173604 4.99753
174346 5.19763
184032 5.39003
184778 1
185522 1
186270 2
187760 3
195953 3.33333
197443 3.63333
199681 3.90856
208619 4.16441
210109 4.40454
212342 4.63158
223521 4.84749
224266 5.05378
225755 5.25165
228733 1
239167 2
239912 3
240657 3.33333
241401 3.33333
251088 3.63333
251833 3.90856
252577 4.16441
262264 4.40454
263009 4.63158
263753 4.84749
264498 5.05378
276420 5.25165
277165 5.44207
277909 5.62582
278654 5.80357
279399 5.97588
289086 6.14322
289831 6.306
290575 6.46458
291320 6.61927
292065 6.77034
303987 6.91805
304732 7.0626
305476 7.20419
306221 7.343
306966 1
307711 2
318888 3
319633 4
320380 4
321122 4.25
321867 4.25
333789 4.48529
334534 4.70824
335278 4.92064
336023 5.12386
344220 5.31903
344965 5.50703
345710 5.68862
346454 5.86441
347199 6.03493
353906 6.20063
355398 6.36191
356141 6.51909
356886 6.67249
357633 6.82236
359123 6.96893
