3728.44 2
9687.9 3
11177 4
20863.8 5
21608.8 6
22353.9 7
23097.9 8
34274.8 8.125
35767.9 8.24808
36510 8.36932
37254.1 8.4888
37999.1 8.6066
39489.2 1
40983.3 1
42473.5 1
50667.1 1
52159.2 1
52901.3 2
53649.3 3
54394.4 4
63332.1 5
64077.1 5.2
65566.3 5.39231
67056.4 5.57776
74511 5.75704
75253 5.93074
75997.1 6.09935
77487.2 6.26331
78977.3 1
87919 2
88667.1 3
89412.1 4
90898.2 4.25
91642.3 4.25
99842.9 1
100585 2
102078 3
102823 3.33333
110271 3.63333
111014 3.90856
112505 4.16441
120702 4.40454
121445 4.63158
122936 4.84749
124430 5.05378
134113 5.25165
134856 1
136351 2
138585 2
139330 2
145288 3
147523 3.33333
152739 3.63333
154227 3.90856
155722 4.16441
162425 4.40454
164663 4.63158
166897 4.84749
167642 1
175836 2
177329 2
180308 3
189245 3.33333
192229 3.63333
192974 3.90856
201168 4.16441
204150 4.40454
204895 4.63158
214581 4.84749
215326 5.05378
218307 5.25165
219052 5.44207
230972 5.62582
232459 1
233207 1
233953 2
234698 3
245873 3.33333
247363 3.63333
248108 3.90856
256304 4.16441
258536 4.40454
259284 4.63158
269716 1
271206 2
272696 3
273440 3.33333
284616 3.63333
285361 3.90856
286103 4.16441
298028 1
298772 2
299518 3
301005 3
312925 1
314419 1
315163 2
329321 2.5
330066 2.9
341237 3.24483
