1495.27 2
5216.56 2
5964.61 2.5
14160.3 2
15650.4 2.5
27573.3 2.9
29061.4 3.24483
40979.3 3.55301
41728.4 1
42473.5 2
51410.2 2.5
52905.3 2.9
60350.9 3.24483
62589 3.55301
71526.7 3.83446
73761.9 4.09525
75255 1
86427.9 1
89408.1 1
90153.2 2
103568 2.5
104313 2.9
119959 3.24483
120705 3.55301
133367 3.83446
134116 4.09525
134860 4.33944
148273 4.56988
149017 1
149761 1
150508 1
165404 1
177329 2
192231 2.5
192971 2.9
207132 1
207872 2
219048 2.5
219793 2.9
230224 3.24483
231717 3.55301
244380 1
245875 2
246620 2.5
259286 1
260031 2
268968 2.5
269712 2.9
279402 3.24483
280891 3.55301
291324 3.83446
292809 4.09525
293554 4.33944
299518 4.56988
301755 4.78871
302500 4.99753
303243 5.19763
310695 5.39003
313676 1
314416 2
315161 3
316656 3.33333
321868 3.63333
325592 3.90856
327082 4.16441
332297 4.40454
336027 1
338263 2
339008 3
343475 3.33333
344220 3.63333
344966 3.90856
348690 4.16441
349435 4.40454
350181 4.63158
353906 4.84749
354651 5.05378
355396 5.25165
356142 5.44207
359866 5.62582
361356 5.80357
362101 5.97588
362847 6.14322
363592 6.306
367320 6.46458
369555 6.61927
370300 6.77034
371043 6.91805
371788 7.0626
372533 7.20419
373278 7.343
374023 7.47918
374768 7.61288
375513 7.74424
376258 7.87337
377004 8.00038
377751 8.12537
378496 8.24844
379241 8.36968
379986 8.48916
