1510.27 49.7945
5234.56 20.0054
5978.61 33.3483
16411.4 13.3321
17899.5 12.5
31312.6 10
32800.7 10
40998.3 15.3846
41743.4 16.6629
42486.5 23.0769
52919.3 18.75
53664.3 18.75
54407.4 18.75
55152.4 23.5294
67075.4 21.0526
67822.4 21.0497
68563.5 21.0526
69308.5 21.0526
79741.4 23.5294
80486.4 27.7778
81229.5 18.75
92407.3 17.6471
93152.4 17.6471
93895.5 17.6471
105073 17.6471
105818 22.2222
106561 22.2255
107307 22.2222
118484 22.2222
119229 22.2222
119972 26.3195
128170 23.0769
128915 23.0769
129658 23.0769
140091 18.75
140836 18.75
141579 23.5331
142324 23.5294
155737 19.0476
156482 19.0476
157225 19.0476
157970 22.7273
158716 22.7273
169148 27.7778
169895 27.7736
170640 27.7695
171382 27.7778
180324 21.4327
181069 21.4327
181812 21.4286
192245 18.75
192990 18.75
193733 23.5331
194478 23.5294
207146 20
207891 20
208636 19.9973
209379 23.8095
210129 23.8034
218322 33.3333
219810 31.2552
220557 21.4327
228753 21.4286
230241 21.4286
230988 21.4286
241419 17.6471
242164 22.2222
243652 22.2222
244397 22.2255
255577 21.0497
257063 20.0027
258555 22.7273
267495 18.7547
268984 18.75
271221 17.6471
279416 18.75
280905 18.75
281652 23.5257
284632 22.2222
293575 21.0482
295061 21.0526
305493 12.5031
306983 16.6704
316669 13.3333
318904 12.5
330825 10.5263
333063 10.5241
333808 14.997
344981 15.7895
345726 17.6512
346471 17.6512
347960 21.0586
356157 26.6667
357646 25.0021
358391 25.0021
359881 25
370313 21.0526
371802 23.811
373292 23.8095
374037 23.8095
374782 25
386704 22.7273
388197 22.7217
389688 24.9944
391178 24.9944
391923 24.9944
392664 25
402351 20.0054
403096 20.0054
403841 25.0063
405334 23.522
413526 15.3846
414271 21.4286
416508 20.0036
426937 16.6667
427682 16.6667
430664 15.7895
441839 15
442584 19.0476
450779 16.6667
452268 21.4306
461213 14.2816
462699 14.2857
474621 11.1136
476110 11.1111
477600 15
491015 13.6339
492502 13.6364
493248 14.2848
493996 18.1774
506662 19.0476
508148 10.5293
515602 16.6667
516344 23.0841
524540 16.6723
525285 16.6667
536461 12.5
537206 12.5
538695 16.6679
550617 15.7895
551362 15.7895
552107 16.6654
552855 21.0467
561796 26.6595
563282 14.2912
571481 15.3862
572968 20.0072
574458 20
584892 16.6667
586379 16.6667
596068 13.3333
597555 13.3333
607244 13.3321
608731 13.3333
610221 17.6471
619905 17.654
621401 17.6415
622887 17.6471
623633 22.2206
631085 26.6571
633317 25.0084
634808 25
635554 25
644497 22.2206
645983 25.005
647474 26.3158
649710 24.9983
650458 24.995
656418 31.25
657907 31.2421
659399 33.3234
660141 35.2913
661630 37.5031
662375 37.5126
671318 19.9964
672806 23.5313
673552 24.9979
674296 25
684730 22.2222
686963 21.0511
687711 21.0482
688456 21.0467
689197 25
698141 27.7778
699629 29.4118
700374 29.4187
709314 15.3846
710059 15.3846
711549 20.0018
720490 20
721235 20
723470 18.75
731668 19.9964
732411 25
733900 23.5313
743587 13.3333
744332 18.75
745076 20
756255 17.6443
756998 17.6471
757743 17.6457
759236 21.0467
772644 10
774133 10.0027
775624 13.6397
789036 13.6364
790525 13.6364
792015 13.6364
799466 21.4286
800957 25
802450 24.9916
803936 25
813623 13.3369
815116 17.6471
815861 18.7437
825544 14.2885
826289 14.2898
835975 14.2857
836719 14.2857
837463 20.0018
849385 16.6679
850133 16.6629
850878 16.6617
851620 21.0526
861307 24.9979
862052 25.0042
862795 25.0084
863540 25
873972 23.5313
874717 27.7798
875461 27.7819
888876 14.997
889619 14.999
890363 15
905268 13.6364
906013 13.6347
906758 17.3893
908244 16.6667
917932 13.3357
918676 18.7547
920165 18.75
929110 19.9964
929855 19.9946
931341 20
940283 20.0036
941028 25.0042
942517 23.5368
943261 25.0021
953694 22.2222
954440 22.2222
955183 26.3195
956673 26.3158
957417 26.3158
967850 26.3176
968596 26.3158
969339 26.3158
970833 26.3084
971573 30.002
972318 30
982007 31.5767
984239 17.6471
984984 22.2222
985729 22.2222
994673 23.5294
996905 23.5294
998396 22.2206
999140 22.2222
999885 26.3158
1.00883e+06 26.3158
1.01107e+06 26.3065
1.0133e+06 16.6667
1.02149e+06 17.6471
1.02298e+06 18.7531
1.02522e+06 18.75
1.0364e+06 11.1095
1.03863e+06 11.1111
1.04906e+06 11.7675
1.05204e+06 11.1111
1.05278e+06 15.7895
1.06396e+06 15
1.06694e+06 15
1.06769e+06 15
1.06843e+06 19.0476
1.07961e+06 12.5
1.08035e+06 17.6471
1.08184e+06 16.6654
1.09153e+06 18.75
1.09302e+06 17.6471
1.09451e+06 17.6471
1.09526e+06 22.2173
1.10569e+06 21.0452
1.10792e+06 20
1.10941e+06 20.0013
1.1109e+06 19.0464
1.11239e+06 21.7429
1.12133e+06 23.8141
1.12357e+06 23.8019
1.1258e+06 22.7203
1.12729e+06 22.7328
1.12804e+06 23.805
1.13698e+06 23.8126
1.13773e+06 27.2677
1.13847e+06 30
1.14071e+06 30.002
1.1422e+06 29.994
1.14294e+06 30
1.15039e+06 33.3284
1.15412e+06 18.75
1.15486e+06 23.5294
1.15635e+06 22.2272
1.16231e+06 25
1.16753e+06 22.2206
1.16827e+06 22.2222
1.16902e+06 23.5238
1.16976e+06 27.7695
1.17647e+06 26.3158
1.18094e+06 18.75
1.18168e+06 18.7516
1.18839e+06 18.75
1.19286e+06 18.75
1.1936e+06 18.75
1.19509e+06 22.2272
1.20031e+06 25
1.20478e+06 25
1.20553e+06 25
1.20701e+06 25
1.20776e+06 29.4071
1.21372e+06 27.7778
1.21894e+06 26.3139
1.21968e+06 26.3158
1.22117e+06 26.3158
1.22192e+06 26.3158
1.22936e+06 23.8095
1.23011e+06 27.2727
1.23383e+06 30.0101
1.23458e+06 30
1.23607e+06 30
1.23682e+06 30
1.24725e+06 17.6471
1.24799e+06 22.2222
1.24948e+06 22.2222
1.25023e+06 22.2189
1.26066e+06 22.2222
1.2614e+06 22.2222
1.26215e+06 23.5294
1.26289e+06 27.7778
1.26364e+06 27.7861
1.27556e+06 25
1.27631e+06 24.9983
1.27705e+06 25
1.27779e+06 25
1.27854e+06 28.5714
1.28003e+06 27.2727
1.29046e+06 30.004
1.29121e+06 30.002
1.29195e+06 30
1.29269e+06 30
1.29344e+06 30
1.29493e+06 29.9919
1.29568e+06 33.3291
1.30536e+06 34.9953
1.30611e+06 34.9977
1.30685e+06 34.9906
1.3076e+06 35
1.31803e+06 18.7547
1.31877e+06 23.5313
1.31952e+06 23.5368
1.32101e+06 22.2222
1.33144e+06 22.2173
1.33219e+06 22.2206
1.33293e+06 22.2222
1.33442e+06 25
1.33517e+06 26.3084
1.34187e+06 35.7246
1.34262e+06 35.7177
1.34336e+06 35.7143
1.3441e+06 38.4615
1.34485e+06 42.8571
1.34559e+06 42.8736
1.35305e+06 39.9928
1.35379e+06 40
1.35453e+06 40
1.35528e+06 40
1.35602e+06 40
1.35677e+06 40
1.35826e+06 41.1765
1.36571e+06 41.1765
1.36646e+06 41.1765
1.3672e+06 41.1667
1.36795e+06 41.1635
1.36869e+06 41.1765
1.36943e+06 41.1765
1.37614e+06 33.3333
1.37689e+06 33.3371
1.37763e+06 33.3333
1.37838e+06 33.3333
1.38806e+06 25
1.38881e+06 25
1.38955e+06 29.4118
1.3903e+06 29.4025
1.39179e+06 27.7778
1.40222e+06 17.6457
1.40297e+06 17.6485
1.4052e+06 16.6667
1.41265e+06 21.4306
1.4134e+06 21.4286
1.41489e+06 24.9979
1.41712e+06 24.9958
1.42532e+06 23.5294
1.4283e+06 13.3309
1.42978e+06 17.6498
1.44022e+06 15
1.44171e+06 16.6667
1.44245e+06 17.6415
1.45214e+06 14.2926
1.45288e+06 14.2871
1.46332e+06 13.3274
1.46481e+06 12.499
1.46629e+06 16.6704
1.47822e+06 11.1111
1.4797e+06 11.1111
1.49014e+06 12.501
1.49088e+06 13.3298
1.49163e+06 18.7453
1.50056e+06 21.4368
1.50206e+06 19.9982
1.51174e+06 7.6931
1.51323e+06 13.3381
1.52367e+06 12.499
1.52515e+06 12.5
1.53335e+06 15.3862
1.53484e+06 20.0072
1.53558e+06 21.4245
1.54452e+06 20.0072
1.54601e+06 14.2885
1.55421e+06 15.3783
1.55645e+06 14.283
1.56539e+06 13.3333
1.56837e+06 12.5
1.56986e+06 16.6692
1.58029e+06 14.999
1.58327e+06 14.998
1.58551e+06 14.2821
1.58625e+06 18.1796
1.59519e+06 20
1.59668e+06 22.2289
1.60488e+06 15.3862
1.60636e+06 20.0072
1.60711e+06 21.4245
1.61531e+06 21.4286
1.61754e+06 19.9964
1.61829e+06 20
1.61977e+06 23.5331
1.62872e+06 22.2222
1.6317e+06 21.0526
1.63244e+06 21.0526
1.63393e+06 21.0526
1.63468e+06 24.9933
1.64585e+06 16.6667
1.6466e+06 17.6443
1.64734e+06 17.6526
1.65777e+06 18.75
1.65852e+06 18.75
1.65926e+06 23.5294
1.66075e+06 22.2222
1.67268e+06 11.1095
1.67342e+06 15.7872
1.67491e+06 15.7895
1.68609e+06 16.6692
1.68683e+06 16.6692
1.6995e+06 11.1111
1.70024e+06 11.1111
1.71589e+06 9.09091
1.71663e+06 9.09091
1.71812e+06 12.5014
1.7293e+06 16.6667
1.73079e+06 15.7917
1.74197e+06 11.7647
1.74271e+06 12.4979
1.75165e+06 15.3846
1.7524e+06 15.3846
1.75314e+06 21.4327
1.76357e+06 18.75
1.76432e+06 18.75
1.76506e+06 18.75
1.76655e+06 22.2222
1.77922e+06 19.0476
1.77996e+06 19.0476
1.78071e+06 19.0476
1.7822e+06 19.0428
1.7971e+06 16.6667
1.79785e+06 19.9979
1.79933e+06 13.0465
1.81126e+06 15.7895
1.812e+06 15.7917
1.81423e+06 15
1.82541e+06 15.7895
1.82616e+06 20
1.82765e+06 19.0452
1.82988e+06 19.0464
