4473.5 16.6549
11922.1 10.0027
13411.2 16.6723
23843 12.5
24588.1 17.6471
26077.2 17.6471
26823.2 22.2206
38003.1 21.0467
39488.2 23.811
41724.4 15
48430.9 21.4347
49919 21.4286
52155.2 21.4286
58860.7 21.4306
60349.9 25.0042
61095.9 26.6643
63330.1 26.6691
71526.7 23.5294
73020.8 23.5201
73765.9 27.7674
75251 26.3176
76741.1 27.7778
88667.1 15
90157.2 14.995
91642.3 15
102074 12.5042
103563 12.5
113250 13.3333
115489 12.4948
116230 17.6457
128900 11.1111
129641 11.1111
141562 6.25
154973 5.55556
156463 10
167643 11.761
169873 11.1119
181050 11.1144
182540 15.004
184029 15.7895
196696 10.5263
198186 10.5263
210108 11.1111
218303 9.09091
219792 15.3862
229479 13.3333
230968 13.3333
242894 11.1078
243635 15.7895
244379 16.6667
254811 18.7563
255556 18.75
256300 23.5313
257045 23.5294
267477 23.5294
268226 23.522
268971 23.5201
278653 14.2912
279398 20.0072
280887 18.7579
292064 16.6667
292813 16.6617
294303 16.6605
304734 17.6415
305479 22.2156
306219 22.2305
306964 23.5387
316652 25.0063
317397 25.0063
318142 29.4187
318885 29.4118
320375 27.7778
327084 35.7109
328571 33.3393
329318 33.3333
330063 33.3274
331551 35.2941
332300 37.4874
338260 40
339752 39.9821
341242 37.4906
341984 37.5
343472 37.5
344221 41.1635
353905 23.535
354650 23.5294
356138 23.5294
356887 23.5294
362100 36.3636
362845 36.3636
364334 36.3636
365829 38.4417
366573 38.4615
369554 49.9799
371039 45.4656
372534 45.4268
374769 41.6667
375514 46.1538
377005 42.853
377750 54.5455
