2624 2000
4489.5 1865.5
4490.5 1
12220.5 7729.99
12221.5 1
12687.1 465.644
14921.3 2234.17
29079.4 14158.1
29823.5 744.058
29824.5 1
39510.2 9685.75
40254.3 744.058
46959.8 6705.52
47704.9 745.058
55900.5 8195.64
56645.6 745.058
56646.6 1
65587.3 8940.7
66331.3 744.058
67075.4 744.058
67076.4 1
77507.2 10430.8
80488.4 2981.23
80489.4 1
90173.2 9683.75
91662.3 1489.12
93150.4 1488.12
101349 8198.64
101350 1
102839 1489.12
115506 12667
115507 1
116994 1487.12
127426 10431.8
128915 1489.12
130405 1490.12
130406 1
139348 8941.7
143814 4466.35
143815 1
152758 8942.7
155735 2977.23
156480 745.058
164679 8198.64
164680 1
167660 2980.23
168401 741.058
175855 7453.58
176600 745.058
176601 1
178832 2231.17
179577 745.058
188522 8944.7
190010 1488.12
190756 746.058
192988 2232.17
192989 1
193733 744.058
201185 7451.58
202676 1491.12
203422 746.058
205654 2232.17
207144 1490.12
207145 1
208636 1491.12
214598 5961.46
216087 1489.12
216834 747.058
219065 2231.17
230989 11923.9
231735 746.058
231736 1
233968 2232.17
240675 6706.52
241420 745.058
242164 744.058
243654 1490.12
243655 1
251106 7450.58
251851 745.058
252595 744.058
254085 1490.12
266007 11921.9
266753 746.058
268241 1488.12
280908 12667
281653 745.058
281654 1
283142 1488.12
294319 11176.9
295064 745.058
295808 744.058
295809 1
297298 1489.12
310710 13412
312947 2236.17
314435 1488.12
326357 11921.9
327846 1489.12
329336 1490.12
340514 11177.9
342002 1488.12
