2252.17 0
6722.52 0
9702.75 0
17153.3 1
18643.5 1
19388.5 1
21623.7 1
30564.4 2
33544.6 2
34289.7 2
42485.3 2
43230.4 2
44720.5 2
53661.2 2
54406.2 2
55896.4 2
56641.4 2
65582.1 2
66327.2 2
67817.3 2
68562.3 2
80483.3 2
81228.3 2
82718.4 2
93894.3 2
95384.4 2
108050 2
109541 2
110286 2
123697 2
124442 2
135618 2
136363 2
137853 2
146793 2
148284 2
159459 2
160950 2
173616 2
174361 2
175106 2
186282 2
187027 2
187772 2
189262 2
197457 2
198948 2
199693 2
207888 2
208633 2
210123 2
216829 2
217574 2
219064 2
219809 2
228750 2
229495 2
230985 2
231730 2
232475 2
241416 2
242161 2
242906 2
251847 2
252592 2
253337 2
254827 2
265258 2
266003 2
266748 2
268238 2
268983 2
277924 2
278669 2
279414 2
280159 2
280904 2
289845 2
291335 2
292080 2
292825 2
293570 2
295060 2
301766 2
304001 2
305491 2
306236 2
311451 2
313686 2
315922 2
316667 2
322627 2
323372 2
325607 2
329333 2
330078 2
336783 2
337528 2
339018 2
340509 2
343489 2
344234 2
350939 2
