4471.35 0
10431.8 0
12667 0
21607.7 0
23097.8 0
25333 0
26823.1 0
35018.7 0
36508.8 0
37253.9 4
39489.1 4
46194.6 4
47684.7 4
55135.3 4
55880.4 4
62585.9 4
64076 4
65566.1 4
73761.7 4
75996.9 4
77487 4
78977.2 4
91643.1 4
93133.3 4
93878.3 4
105799 4
106544 4
107289 4
108779 4
119210 4
119955 4
129641 4
130386 4
141562 4
143052 4
144542 4
154228 4
154973 4
156463 4
157208 4
166894 4
167639 4
169129 4
169874 4
170619 4
178815 4
179560 4
181050 4
189991 4
190736 4
192226 4
202657 4
203402 4
204147 4
205637 4
216068 4
217558 4
218303 4
219048 4
219793 4
227244 4
228734 4
229479 4
230224 4
230969 4
231714 4
239910 4
241400 4
242145 4
242890 4
243635 4
244380 4
245125 4
254811 4
257046 4
257791 4
258536 4
268967 4
271947 4
273437 4
274182 4
274927 4
282378 4
283868 4
285358 4
286103 4
286848 4
287593 4
296534 4
298024 4
299514 4
300259 4
301004 4
301750 4
302495 4
314416 4
315906 4
316651 4
317396 4
318141 4
318886 4
