563.943 563.943
1563.94 563.943
2010.98 510.977
2676.53 676.53
3240.32 740.323
3682.36 682.358
4357.91 857.91
4804.95 804.945
5475.5 975.497
6034.29 1034.29
6481.33 981.326
7146.88 1146.88
7598.91 1098.91
8269.47 1269.47
8828.26 1328.26
9275.29 1275.29
9945.85 1445.85
10392.9 1392.88
11063.4 1563.43
11622.8 1622.83
11957.5 1457.5
12623.1 1623.05
12963.3 1463.33
13628.9 1628.88
14187.7 1687.68
14634.7 1634.71
15310.3 1810.26
15869.1 1869.06
16427.9 1927.85
16874.9 1874.89
17433.7 1933.68
17992.5 1992.47
18551.3 2051.27
18998.3 1998.3
19663.9 2163.85
20226.6 2226.65
20786.4 2286.44
21233.5 2233.48
22239.3 2239.3
22798.1 2298.1
23468.6 2468.65
24027.4 2527.44
24474.5 2474.48
25144 2644.03
25592.1 2592.06
26262.6 2762.62
27155.7 2655.69
28050.8 2550.76
28497.8 2497.79
29163.3 2663.34
29615.4 2615.38
30285.9 2785.93
30733 2732.97
31291.8 2791.76
31738.8 2738.79
32074.1 2574.07
32627.9 2627.86
33186.7 2686.66
33750.5 2750.45
34309.2 2809.24
34756.3 2756.28
35426.8 2926.83
35985.6 2985.62
36432.7 2932.66
36991.5 2991.45
37438.5 2938.49
38109 3109.04
38556.1 3056.08
39225.6 3225.63
39668.7 3168.66
40344.2 3344.21
40791.2 3291.25
41350 3350.04
41797.1 3297.08
42020.6 3020.6
42579.4 3079.39
43026.4 3026.42
43473.5 2973.46
44032.3 3032.25
44479.3 2979.29
45038.1 3038.08
45485.1 2985.12
46043.9 3043.91
46490.9 2990.94
47156.5 3156.5
47608.5 3108.53
48502.6 3002.6
48949.6 2949.64
49616.8 3116.83
