223.666 223.666
787.46 287.46
1223.67 223.666
2234.49 734.495
2346.25 346.254
2905.05 405.047
3910.88 910.875
4022.63 522.634
5028.46 1028.46
5135.22 635.221
5698.01 698.015
6703.84 1203.84
6816.6 816.602
7822.43 1322.43
7934.19 934.189
8492.98 992.983
9498.81 1498.81
9610.57 1110.57
10616.4 1616.4
10727.2 1227.16
11287 1286.95
12176 1676.02
12292.8 1292.78
13185.8 1685.85
13298.6 1298.61
13857.4 1357.4
14863.2 1863.23
14975 1474.99
15533.8 1533.78
16092.6 1592.57
17098.4 2098.4
17652.2 1652.2
18211 1710.99
19220.8 2220.82
19333.6 1833.58
19892.4 1892.37
20451.2 1951.16
21457 2456.99
21568.8 2068.75
22462.8 2462.82
23021.6 2521.61
23132.4 2132.37
23687.2 2187.17
24693 2693
24809.8 2309.75
25815.6 2815.58
25927.3 2427.34
26486.1 2486.13
27710.5 2710.48
28716.3 2716.31
28833.1 2333.07
29838.9 2838.9
29950.7 2450.65
30956.5 2956.48
31515.3 2515.28
32409.3 2409.35
32856.4 2356.38
33415.2 2415.17
33974 2473.97
34979.8 2979.8
35091.6 2591.56
35649.3 2649.35
36204.1 2704.14
36655.2 2655.18
37657 3157.01
37773.8 2773.76
38779.6 3279.59
38891.4 2891.35
39897.2 3397.18
40008.9 3008.94
41014.8 3014.77
42244.1 3244.11
42802.9 2802.91
43696 3195.98
44697.8 3197.8
45703.6 3203.63
45820.4 2820.39
46709.5 3209.46
46826.2 2826.22
47832 2832.05
49168.2 3168.15
49284.9 2784.91
49843.7 2843.7
