367 367
967 467
1367 367
1847 347
2567 567
3047 547
3767 767
4246 746
4847 847
5567 1067
6162 1162
6642 1142
7367 1367
7967 1467
8567 1567
9047 1547
9767 1767
10367 1867
10847 1847
11567 2067
12162 2162
12767 2267
13246 2246
13967 2467
14567 2567
15047 2547
15527 2527
16126 2626
16847 2847
17807 2807
18527 3027
18887 2887
19607 3107
20202 3202
20567 3067
21287 3287
21767 3267
22487 3487
23327 3327
23927 3427
24287 3287
24767 3267
25247 3247
25726 3226
26447 3447
26807 3307
27527 3527
28126 3626
28607 3607
29087 3587
29682 3682
30287 3787
30642 3642
31126 3626
31487 3487
32087 3587
32447 3447
32927 3427
33527 3527
34007 3507
34367 3367
34847 3347
35927 3427
36287 3287
37367 3367
37726 3226
38087 3087
38682 3182
39166 3166
39527 3027
40367 2867
40967 2967
41447 2947
41927 2927
42646 3146
43007 3007
43607 3107
44327 3327
44807 3307
45287 3287
45767 3267
46367 3367
46847 3347
47447 3447
48047 3547
48287 3287
48887 3387
49367 3367
49967 3467
