1495.27 1495.27
5216.56 3721.29
5964.61 4469.35
14160.3 8943.7
15650.4 9685.75
27573.3 13413
29061.4 13411
40979.3 13406
42472.5 13411
43219.5 14158.1
50665.1 9685.75
51414.2 8941.7
52158.2 8938.7
53648.3 10428.8
59605.8 8940.7
60354.9 8940.7
61098.9 8940.7
62589 8940.7
70781.7 11175.9
71530.7 11924.9
72276.8 11921.9
73021.8 11922.9
74510 11920.9
85682.8 13406
86431.9 13410
87921 13411
96862.7 11179.9
97607.8 11175.9
98351.8 11919.9
99096.9 11175.9
111019 14156.1
111764 14156.1
112508 14156.1
113253 14901.2
113998 14901.2
127410 16391.3
128155 16391.3
128900 16392.3
140076 12666
141565 13410
142312 13412
151248 11171.9
151997 9684.75
163174 11925.9
163918 11920.9
175835 12661
176580 13406
178073 14155.1
187760 11924.9
188506 11925.9
189249 12669
190739 12666
201172 13412
201912 13406
202660 13411
204152 13413
204894 14155.1
216813 15641.2
217558 15646.2
229484 12671
230229 13416
230972 13414
245130 15646.2
245875 15646.2
246618 15646.2
248108 17136.3
261522 16391.3
262267 16391.3
263010 16391.3
264500 16391.3
265244 17135.3
274928 13406
275673 13406
276418 13408
277911 13411
279400 14156.1
286854 11925.9
288342 13414
289084 13411
297279 10425.8
298772 10430.8
299519 10435.8
300263 11178.9
309205 11925.9
310693 11920.9
318886 9680.75
319631 10425.8
321124 10430.8
330812 11925.9
332300 12669
333790 12666
334537 13413
342732 11919.9
343478 11177.9
348690 5958.46
349435 6703.52
350181 6703.52
356886 8195.64
357633 8197.64
358379 8197.64
