4489.5 19.2746
12687.1 9.08869
14921.3 14.2843
29079.4 9.09035
29823.5 9.99933
38762.2 15.3894
39509.2 15.3846
40253.3 21.4306
47702.9 25
48447.9 25.0056
49194 25
49939 30.7692
59625.8 24.9958
60368.9 25
61114.9 25
61860 25
72291.8 23.5294
73036.8 27.7778
73780.9 27.7757
74526 27.7778
75271 27.7778
86447.9 26.3158
87192.9 26.3158
87938 30
98368.8 18.75
99857.9 22.2239
109545 13.3333
110290 14.2843
120721 7.14286
121466 13.3333
134132 11.1111
134877 11.1111
146798 11.7647
147543 16.6667
148287 16.6679
160954 15.7895
161699 15.7895
162443 20.0013
163188 20
172875 25
173620 25
174365 24.9979
185541 12.5
186286 17.6471
187031 17.6471
195969 21.4327
197461 20.0018
198951 18.7516
199697 23.5294
207892 24.9958
208635 26.6691
210127 26.6667
211617 25.0021
212363 29.4118
221301 27.7819
222046 27.7778
223538 27.7778
225028 27.7778
233222 20
234713 20
236204 20
246633 16.6667
247378 17.6485
248124 22.2222
248870 23.5294
258554 25
259299 25
260044 25.0021
260792 29.4071
261538 29.4071
271965 27.7778
273455 17.6512
274201 17.6512
286869 14.998
289105 14.283
300281 11.1103
308476 9.09091
309221 16.6667
316672 18.1818
317412 18.1929
324862 18.1929
326356 23.0817
327846 21.4224
336038 20
337528 20.0054
338274 25.0063
339767 25
346469 28.5714
348704 26.6667
349449 26.6667
350197 28.5714
350942 33.3333
357645 33.3333
360630 31.2369
361375 31.2369
362118 31.25
362865 31.2448
363610 35.2885
367331 46.1538
371056 42.8777
