2998.38 28.5421
10450 9.99866
11942.1 16.6611
23113.9 11.7666
25354.1 11.1103
35034.9 12.5
36530 13.3333
37274.1 18.7516
45465.7 16.676
46214.7 16.6667
55901.5 14.2789
57388.6 13.3357
58881.7 17.6457
68562.5 17.654
71546.7 11.7656
82718.6 10.5263
93899.5 6.66369
94643.5 12.4958
105820 12.5
106565 12.499
115502 15.391
116246 21.4388
117738 20.0054
127423 18.75
128172 18.7421
129659 22.2189
130407 23.5238
140834 22.2222
141579 22.2289
142325 23.5294
143070 23.535
143815 27.784
153504 29.4025
154245 29.4118
154991 29.4118
155739 29.4048
156484 29.4048
157971 31.5789
166165 35.3081
166910 21.4388
168402 21.4286
169149 26.6619
178832 23.5276
179576 23.5294
181071 23.5238
192247 11.7601
192992 16.6605
193734 17.6512
204168 18.75
204913 18.75
205655 18.75
207145 22.2222
216829 23.5387
217579 23.5294
218324 23.5238
219811 23.5294
220558 27.7736
228006 33.3304
228750 33.3483
229495 33.3483
231732 31.25
232479 31.25
239182 33.3333
240676 35.283
241421 35.2802
242911 33.3209
245143 33.3333
245890 33.3333
254082 20.009
255574 23.535
257064 25
257811 25
266748 23.5294
268987 22.2189
270475 22.2222
271222 26.3121
272710 25.0034
280909 26.3065
283888 25
285376 25
286123 25
287615 27.2711
288358 28.5696
295064 31.5812
298045 31.5767
301026 17.6443
301769 22.2222
306986 24.9979
307731 30.7692
309964 33.3408
310709 33.3333
318157 18.1885
318905 25
319650 25
327103 24.986
328590 23.0793
329336 23.0769
330080 28.5742
339022 25.0042
340514 24.9937
