2388 2000
2998.38 610.381
2999.38 1
8219.14 5219.76
8220.14 1
10450 2229.82
11942.1 1492.12
23113.9 11171.9
25354.1 2240.17
25355.1 1
35035.9 9680.75
36527 1491.12
37274.1 747.058
37275.1 1
43231.5 5956.46
44720.6 1489.12
45469.7 749.058
46957.8 1488.12
52917.3 5959.46
52918.3 1
57391.6 4473.35
64093.1 6701.52
65582.3 1489.12
68566.5 2984.23
76759.1 8192.64
76760.1 1
78995.3 2235.17
81977.5 2982.23
88684.1 6706.52
90171.2 1487.12
90172.2 1
102836 12664
104327 1491.12
105817 1490.12
116247 10429.8
117738 1491.12
126678 8939.7
128168 1490.12
137109 8940.7
139344 2235.17
139345 1
149030 9684.75
150520 1490.12
151269 749.058
151270 1
160955 9684.75
162442 1487.12
163186 744.058
163932 746.058
172872 8939.7
172873 1
174363 1490.12
175107 744.058
175852 745.058
184047 8195.64
184793 745.058
184794 1
186284 1490.12
196713 10429.8
197463 749.058
197464 1
198950 1486.12
209379 10429.8
212364 2984.23
212365 1
224283 11917.9
226520 2237.17
228007 1487.12
236206 8198.64
236207 1
238438 2231.17
248872 10433.8
248873 1
250359 1486.12
260790 10431.8
261538 747.058
262280 742.058
262281 1
270476 8195.64
271221 745.058
271965 744.058
273455 1490.12
273456 1
283142 9685.75
283889 747.058
284631 742.058
286121 1490.12
286866 744.058
295809 8943.7
295810 1
296553 743.058
297297 744.058
298787 1490.12
299531 744.058
309220 9688.75
309964 744.058
309965 1
310708 743.058
311453 745.058
312944 1490.12
313689 745.058
324121 10432.8
