1510.27 1496.27
1511.27 1
4502.8 2991.53
4503.8 1
5234.56 730.76
5978.61 744.058
13103.9 7125.29
16411.4 3307.52
16627.4 215.927
17899.5 1272.19
32804.7 14905.2
32805.7 1
40999.3 8193.64
41743.4 744.058
50684.1 8940.7
50685.1 1
51429.2 744.058
61114.9 9685.75
61860 745.058
61861 1
62603 742.058
73035.8 10432.8
75273 2237.17
75274 1
84956.8 9682.75
86444.9 1488.12
99112.9 12668
101350 2237.17
114014 12664
114759 745.058
114760 1
124445 9684.75
125190 745.058
125933 743.058
125934 1
134876 8941.7
135621 745.058
136364 743.058
137854 1490.12
146797 8942.7
146798 1
147542 744.058
148285 743.058
160208 11922.9
160209 1
161696 1487.12
171384 9687.75
172129 745.058
173617 1488.12
173618 1
182559 8941.7
183304 745.058
185539 2234.17
187028 1489.12
187029 1
194480 7451.58
195225 745.058
198208 2982.23
199694 1486.12
200440 746.058
207891 7451.58
207892 1
208636 744.058
211619 2982.23
213105 1486.12
213851 746.058
225772 11920.9
225773 1
227265 1492.12
228751 1486.12
236949 8197.64
237693 744.058
239182 1489.12
240672 1490.12
240673 1
251849 11175.9
251850 1
252597 747.058
263025 10427.8
263770 745.058
264515 745.058
264516 1
272710 8194.64
274200 1489.12
285376 11176.9
287612 2235.17
287613 1
298042 10429.8
300278 2235.17
314434 14156.1
314435 1
330083 15648.2
330084 1
339022 8937.7
339769 747.058
347963 8194.64
348707 744.058
348708 1
359140 10431.8
359883 743.058
360626 743.058
360627 1
368826 8198.64
