3745.44 3245.44
11197 7451.58
13431.2 9684.75
24609.1 13412
28334.4 14903.2
35779.9 11170.9
36525 8190.64
37272.1 8936.7
43977.6 8197.64
45469.7 8944.7
46212.7 8940.7
46959.8 9686.75
55898.5 11920.9
57390.6 11920.9
58135.7 11922.9
58880.7 11920.9
67819.4 11920.9
69311.5 13412
70057.6 12667
70801.7 12666
71546.7 12666
82720.6 14901.2
84212.7 14901.2
84958.8 15646.2
85702.8 15645.2
86447.9 15646.2
87192.9 15646.2
99114.9 16394.3
101350 17137.3
102095 17136.3
102840 17880.4
103585 17882.4
104329 17881.4
114013 11172.9
114756 11914.9
115501 11915.9
116995 12666
127424 13411
128916 14160.1
129662 14161.1
130406 14904.2
131896 14901.2
142328 14904.2
143818 14902.2
144558 14896.2
145303 14897.2
146798 16390.3
157224 12666
157974 12671
158720 13415
160209 13411
169891 11171.9
171385 11175.9
172129 11918.9
183302 13411
184792 13407
185541 13412
198208 14905.2
200443 17139.3
201188 16396.3
201932 16391.3
213106 14898.2
214598 14155.1
215344 14900.2
226520 13414
228755 14157.1
229495 14151.1
240673 14153.1
242911 14156.1
243651 14156.1
245146 15650.2
254832 14159.1
257062 14151.1
268240 13408
268984 14151.1
271218 14156.1
280909 12669
281654 12670
283889 12671
284629 13410
292082 11172.9
292826 11171.9
295060 11170.9
295805 11175.9
297299 12669
304748 12666
305492 12666
307730 12670
308476 12671
309220 11920.9
314434 9685.75
315927 11177.9
317417 11924.9
319651 11920.9
320397 11920.9
327099 9681.75
328592 11173.9
330078 10426.8
330823 10425.8
336785 9686.75
