2998.38 28.5421
10450 9.99866
11942.1 16.6611
23113.9 11.7666
25354.1 11.1103
35035.9 12.499
40996.3 12.5
43235.5 18.1729
49937 16.6667
52171.2 16.676
59622.8 15.3846
61116.9 19.9928
63347.1 20
74523 11.1153
76763.1 11.107
88684.1 10.5226
91664.3 10
93151.4 13.6389
102836 15.7939
105820 15.7895
107308 15.7895
108055 19.9973
116247 22.2222
119976 21.0526
121464 21.0526
122211 21.0526
129658 22.2222
130403 26.3158
132642 29.4118
134128 29.4164
145303 11.7694
147544 15
148288 15.785
159465 15.7839
162445 10.5256
172871 11.1153
175856 11.1111
184046 13.3333
185539 17.6443
187774 18.7547
195968 18.7484
197460 18.75
198208 23.5238
200442 23.5257
209379 22.2222
210874 22.2173
211614 22.2305
213853 22.2222
215341 25.0034
222045 29.4118
223537 29.4187
224280 29.4118
226520 29.4094
228007 29.4118
228754 33.3284
234711 35.2941
236203 35.2941
237693 33.3284
238441 37.5
239928 37.5
241418 35.2997
242908 36.8473
248122 38.8889
249613 38.8918
251102 38.8947
251847 38.9034
254087 36.8343
254831 38.8831
256319 38.8889
260788 41.1765
262279 42.1053
263773 42.0934
266008 39.9866
266753 39.9866
268987 40.0027
269732 40
271223 39.9919
276439 38.0855
277929 38.0855
278674 40.8991
280161 40.9166
281651 42.8654
282399 42.8571
284633 42.8571
289101 35.728
290592 35.7143
291335 38.4695
292080 38.4814
295064 35.7143
300277 33.3333
301767 33.3363
303261 31.2369
304001 35.2941
305493 33.3284
308475 33.3333
314437 31.57
315927 31.57
317413 31.5879
318907 29.9899
320397 31.8085
