4489.5 3865.5
12687.1 8197.64
14921.3 10430.8
29079.4 16392.3
29823.5 14902.2
38762.2 9682.75
39509.2 9685.75
40253.3 10428.8
49938 11175.9
50685.1 11175.9
51429.2 11175.9
52174.2 11919.9
64096.1 14158.1
64842.2 14157.1
65585.3 14156.1
66330.3 14156.1
77507.2 13411
78252.2 14155.1
78997.3 14155.1
90173.2 11920.9
90918.2 12665
91662.3 12665
102094 11920.9
102839 11920.9
103584 11921.9
104330 12667
116251 12667
116995 13410
117739 13409
125936 9684.75
126681 9685.75
127426 9686.75
136365 10428.8
137856 11918.9
138602 11920.9
139346 11919.9
150524 14159.1
152759 14903.2
153503 15646.2
154248 15646.2
154992 15646.2
166912 13409
167659 13411
168403 13411
178833 11920.9
179578 11918.9
190756 11922.9
191499 11920.9
204913 14157.1
205658 14159.1
206401 14901.2
216086 11172.9
216831 11172.9
217577 11175.9
219067 12665
226519 10432.8
227262 10430.8
228008 10430.8
229498 10430.8
238438 11918.9
239186 12666
239929 12667
240674 12666
242909 13411
252594 14156.1
253339 14153.1
254085 14898.2
254832 14903.2
256322 15648.2
257810 14901.2
266752 14158.1
268241 11918.9
269731 13408
270474 12664
278671 11918.9
280161 11919.9
282395 12664
283144 12670
283887 13412
292082 13411
294317 14156.1
295806 13411
296555 13411
306238 11920.9
307729 11922.9
308472 11916.9
318158 11919.9
319650 11920.9
320393 12663
321140 12668
332314 14156.1
334549 14899.2
335294 14901.2
336039 15645.2
347215 12666
348707 13413
349450 13411
359136 11920.9
360630 11922.9
361375 12667
362120 12670
375527 14152.1
376272 14896.2
377765 15644.2
393409 17136.3
394899 17134.3
404589 11179.9
406820 11920.9
415015 10426.8
415761 11170.9
417996 11175.9
428427 13411
429172 13411
429921 14159.1
443329 14157.1
444073 14152.1
444820 14898.2
453014 9685.75
453759 9685.75
454506 9685.75
463445 10430.8
464189 11173.9
464934 11175.9
465681 11175.9
476856 13411
478349 14160.1
479094 14904.2
479838 14903.2
494741 16391.3
495482 16387.3
496229 16391.3
508893 14152.1
509642 14160.1
510387 14904.2
517088 7446.58
517834 8190.64
519326 8938.7
526029 8940.7
526774 8940.7
528266 8940.7
529012 9685.75
537950 11920.9
539444 12670
540934 12668
541678 12666
543167 14154.1
554341 12663
555090 13411
556579 13411
564027 9685.75
564772 9681.75
565519 8940.7
566264 9684.75
575204 11176.9
575949 11176.9
576695 11175.9
577440 11175.9
578932 12667
588615 13411
589360 13411
590853 11920.9
599790 11174.9
601281 10427.8
611711 11920.9
614694 13413
625871 11176.9
637792 11920.9
639280 13408
651944 14152.1
653436 14156.1
663865 11920.9
664613 12668
675786 11920.9
676531 11917.9
689946 14160.1
690691 14160.1
691434 14902.2
701118 11171.9
701863 11171.9
702608 11173.9
703355 11919.9
710804 9685.75
712296 10432.8
713039 10430.8
713786 10430.8
721979 11175.9
722724 11919.9
724217 11920.9
724962 11922.9
725707 11920.9
733156 11176.9
734645 11920.9
735390 12665
736140 11922.9
736883 11920.9
745821 10430.8
746566 11174.9
747311 11171.9
748058 11175.9
758491 12670
759979 13413
760722 13411
761467 14155.1
762215 14156.1
773389 14898.2
774881 14901.2
776371 15648.2
777114 15646.2
777863 16394.3
778608 16393.3
789781 16391.3
791270 16389.3
800212 10430.8
801705 11922.9
803193 11922.9
812877 11172.9
814368 11174.9
824053 11175.9
833742 9688.75
834484 10429.8
846405 12663
847150 12666
858329 11923.9
859071 12665
859817 12667
870247 11917.9
870992 11920.9
871738 12666
873228 13411
883658 13411
884403 13411
885149 13411
886639 13411
888129 14900.2
900051 16393.3
900794 16391.3
901540 16391.3
903031 16391.3
903775 15645.2
904520 16389.3
913462 13411
914205 13411
914953 13413
916442 13411
924638 10432.8
925381 11174.9
926126 11172.9
927617 11175.9
936559 11920.9
938047 12666
938792 12666
939538 13411
951458 13411
952206 13414
952951 13413
966361 14155.1
967105 14153.1
979027 12666
980517 13412
981261 14155.1
990948 11920.9
992436 11919.9
993182 11920.9
993930 12668
1.00659e+06 13411
1.00734e+06 14155.1
1.00808e+06 14153.1
1.01777e+06 11175.9
1.01926e+06 11921.9
1.02e+06 11920.9
1.02075e+06 12665
1.03043e+06 12666
1.03193e+06 12666
1.03342e+06 13412
1.03416e+06 13411
1.0349e+06 14155.1
1.04385e+06 13411
1.04534e+06 13411
1.04683e+06 13411
1.058e+06 14156.1
1.05949e+06 14156.1
1.06098e+06 14156.1
1.07216e+06 14159.1
1.0729e+06 13410
1.07365e+06 14155.1
1.0744e+06 13413
1.08408e+06 11917.9
1.08482e+06 10427.8
1.08557e+06 11172.9
1.09749e+06 13410
1.09824e+06 13414
1.09898e+06 13411
1.11314e+06 15650.2
1.11388e+06 15646.2
1.11463e+06 15646.2
1.11537e+06 16390.3
1.12879e+06 15646.2
1.12953e+06 15642.2
1.13027e+06 15646.2
1.13102e+06 15648.2
1.13251e+06 17135.3
1.14368e+06 14897.2
1.14443e+06 13407
1.14592e+06 13411
1.1556e+06 11920.9
1.1571e+06 12670
1.1705e+06 13407
1.17125e+06 14151.1
1.18243e+06 11920.9
1.18317e+06 11920.9
1.19435e+06 11920.9
1.19584e+06 13412
1.19733e+06 14158.1
1.20627e+06 11920.9
1.2085e+06 12664
1.20999e+06 14155.1
1.21074e+06 13413
1.22042e+06 14156.1
1.22266e+06 14156.1
1.22415e+06 14156.1
1.2249e+06 14156.1
1.22639e+06 15643.2
1.23533e+06 14905.2
1.23756e+06 14901.2
1.2383e+06 14154.1
1.23905e+06 14154.1
1.2398e+06 13411
1.24054e+06 14155.1
1.24874e+06 13407
1.25097e+06 13415
1.25172e+06 13415
1.25246e+06 13413
1.25321e+06 13411
1.26438e+06 12662
1.26513e+06 13406
1.26587e+06 13407
1.26736e+06 14156.1
1.27928e+06 14901.2
1.28077e+06 15648.2
1.28152e+06 15646.2
1.28226e+06 16390.3
1.28376e+06 16391.3
1.29418e+06 14901.2
1.29642e+06 14160.1
1.29791e+06 14156.1
1.30834e+06 14156.1
1.30909e+06 12662
1.31058e+06 12666
1.32026e+06 11920.9
1.32175e+06 13410
1.3225e+06 13411
1.32399e+06 13411
1.33367e+06 13411
1.33591e+06 14160.1
1.33666e+06 14904.2
1.34634e+06 10426.8
1.34708e+06 11170.9
1.35751e+06 11175.9
1.35901e+06 11922.9
1.37018e+06 12666
1.37912e+06 8940.7
1.37987e+06 9684.75
1.39104e+06 11920.9
1.39253e+06 12668
1.40371e+06 12666
1.40445e+06 13410
1.40594e+06 13411
1.41414e+06 10430.8
1.41563e+06 11177.9
1.41638e+06 11923.9
1.41787e+06 11920.9
1.42606e+06 11923.9
1.4268e+06 11173.9
1.42755e+06 11173.9
1.42904e+06 11177.9
1.43128e+06 13412
1.44096e+06 14901.2
1.44394e+06 12662
1.44543e+06 14153.1
1.45437e+06 10430.8
1.45586e+06 10430.8
1.46704e+06 12667
1.46853e+06 12666
1.46927e+06 13409
1.48045e+06 13414
1.48194e+06 12667
1.49237e+06 11916.9
1.49312e+06 11177.9
1.5028e+06 10433.8
1.50355e+06 11174.9
1.50429e+06 11171.9
1.51249e+06 9685.75
1.51398e+06 10432.8
1.51472e+06 11174.9
1.51547e+06 11177.9
1.52441e+06 11921.9
1.5259e+06 11918.9
1.5341e+06 9685.75
1.53633e+06 10434.8
1.53707e+06 11174.9
1.54527e+06 11170.9
1.54676e+06 10428.8
1.5475e+06 10430.8
1.55495e+06 9685.75
1.5557e+06 10430.8
1.55719e+06 10430.8
1.55793e+06 10430.8
1.56613e+06 11180.9
1.56688e+06 11175.9
1.56762e+06 11921.9
1.56911e+06 11920.9
1.5706e+06 12668
1.58104e+06 14901.2
1.58178e+06 14901.2
1.58252e+06 14901.2
1.58402e+06 14903.2
1.58476e+06 15643.2
1.58699e+06 16391.3
1.59594e+06 14900.2
1.59742e+06 12666
1.59817e+06 13410
1.59891e+06 11920.9
1.60562e+06 9685.75
1.60785e+06 10430.8
1.6086e+06 10430.8
1.60934e+06 10428.8
1.61605e+06 10430.8
1.61679e+06 11171.9
1.61903e+06 11175.9
1.62052e+06 11922.9
1.62126e+06 11920.9
1.62946e+06 13411
1.63021e+06 13414
1.63095e+06 14157.1
1.63319e+06 14160.1
1.63542e+06 14903.2
1.63617e+06 14901.2
1.64362e+06 14156.1
1.64436e+06 14156.1
1.64511e+06 14156.1
1.6548e+06 11175.9
1.65554e+06 11175.9
1.65629e+06 11919.9
1.65703e+06 11920.9
1.66821e+06 13411
1.6697e+06 14155.1
1.67044e+06 14156.1
1.67119e+06 14156.1
1.67193e+06 14900.2
1.68311e+06 14901.2
1.6846e+06 14901.2
1.68534e+06 14901.2
1.69577e+06 12666
1.69801e+06 13412
1.69875e+06 13411
1.71068e+06 14902.2
1.71366e+06 15647.2
1.7144e+06 16390.3
1.71514e+06 16391.3
1.72483e+06 14156.1
1.72632e+06 12661
1.72781e+06 13410
1.72856e+06 14156.1
1.73004e+06 14900.2
1.73675e+06 11919.9
1.73973e+06 13415
1.74048e+06 12667
1.74122e+06 12666
1.74942e+06 8940.7
1.75016e+06 9684.75
1.75091e+06 9684.75
1.75984e+06 10426.8
1.76134e+06 11174.9
1.76208e+06 11175.9
1.76283e+06 11918.9
1.77475e+06 14905.2
1.77624e+06 14901.2
1.77698e+06 14901.2
1.77773e+06 14901.2
1.77847e+06 15645.2
1.79189e+06 17137.3
1.79412e+06 17881.4
1.79487e+06 17881.4
1.79561e+06 17882.4
1.79636e+06 17881.4
1.80529e+06 13406
1.80679e+06 14900.2
1.80828e+06 14158.1
1.80977e+06 14900.2
1.81051e+06 14900.2
1.82168e+06 13406
1.82318e+06 14900.2
1.82392e+06 14157.1
1.82467e+06 14158.1
1.83957e+06 15646.2
1.84032e+06 15646.2
1.85074e+06 11171.9
1.85149e+06 11174.9
1.85968e+06 8940.7
1.86043e+06 9684.75
