673.701 2
1566.77 3
1905.05 4
3354.91 5
3693.19 1
4252.98 2
6819.43 1
8272.29 2
9389.88 2.5
9616.4 2.9
10954.5 1
11178 2
12407.4 2.5
12633.9 1
14083.7 2
15760.1 2.5
15986.6 1
17324.7 2
19001.1 2.5
19224.6 2.9
20793.3 3.24483
21124.5 3.55301
22243.1 3.83446
22353.9 4.09525
22692.2 1
23807.8 2
24034.3 3
24256.8 3.33333
25484.1 3.63333
25594.9 3.90856
25706.7 4.16441
27051.8 4.40454
27274.3 4.63158
27387 4.84749
27497.8 5.05378
28613.4 5.25165
28835.9 5.44207
28947.7 1
29062.4 2
29175.2 3
30178 3.33333
30628 1
32188.7 2
33306.2 2.5
33532.8 2.9
34647.3 3.24483
34985.6 1
36551.2 2
38111.9 2.5
38223.6 2.9
39564.7 3.24483
39788.2 3.55301
41130.4 3.83446
41355.9 4.09525
41579.4 4.33944
42582.2 4.56988
42694 4.78871
42808.7 4.99753
43032.3 5.19763
44147.8 5.39003
44258.6 5.57555
44373.4 1
44597.9 2
46047.7 3
46159.5 3.33333
47611.4 1
47838.9 2
48956.5 2.5
49068.2 2.9
49848.5 3.24483
49960.3 3.55301
