3745.44 22.9571
11197 9.99866
13431.2 15.3846
24609.1 11.1103
28334.4 9.99866
35779.9 13.3393
38020.1 15.3846
38762.2 21.4347
45467.7 23.0722
48447.9 21.4347
49193 21.4286
50685.1 24.9958
59623.8 14.2857
60368.9 20
61861 20
73037.8 16.6629
73782.9 16.6629
75272 16.6667
76016.1 21.0541
87188.9 21.0601
87936 21.0571
89428.1 21.0526
90174.2 21.0497
90919.2 24.9966
99854.9 29.4118
101349 27.7736
102095 20
111033 19.9964
112521 20.0072
113268 20.0054
121467 21.4224
123697 20
124444 24.9958
134873 13.3333
135620 18.7469
136367 18.7469
147539 17.6471
148284 17.6498
149031 17.6498
149778 22.2222
160207 23.5257
161699 22.2156
162442 22.2222
163189 22.2222
163935 26.3139
173621 27.7716
175110 27.7778
175856 18.75
184792 20.009
187032 18.7484
195222 14.2857
198205 13.3369
206398 13.3333
210126 12.5
210871 17.6471
220554 15.7895
225030 14.997
225772 15
226517 19.0476
235460 19.9933
239181 21.0601
248122 11.7684
252592 11.1111
253337 15.7895
263024 15
266750 15.7872
268242 14.996
275690 17.6471
277183 21.0482
280161 22.2222
280909 23.5276
287611 25
289101 25.0063
289846 29.4187
292825 29.4164
293570 29.4234
300281 29.4025
302512 27.7778
303257 27.7778
312199 18.7531
315178 17.6471
315923 17.6471
324865 17.6471
327099 18.75
328592 22.2173
339024 12.4958
339769 17.6415
341259 17.6457
350199 20
351686 14.2912
358395 18.1818
360626 16.6667
367333 16.6723
368078 23.0841
370315 23.0698
374783 30
375528 30
376273 36.3636
377022 44.4378
381489 44.4444
