1495.27 1495.27
5216.56 3721.29
5964.61 4469.35
14160.3 8943.7
15650.4 9685.75
27573.3 13413
29061.4 13411
40979.3 13406
42472.5 13411
43216.5 14155.1
50665.1 9685.75
52158.2 9685.75
53648.3 10431.8
54392.4 11175.9
61841 11175.9
63334.1 11175.9
64824.2 11175.9
66314.3 11921.9
76001.1 14160.1
76747.1 14906.2
78235.2 14901.2
79725.4 14901.2
81215.5 14901.2
92393.3 16392.3
93133.4 16386.3
94626.5 17879.4
95373.6 17138.3
96118.6 16393.3
96863.7 15648.2
105058 12665
106547 13414
107290 10425.8
113999 8940.7
114740 9681.75
116233 9685.75
116980 9690.75
124430 10430.8
125919 11178.9
127409 11175.9
128156 11922.9
128899 11918.9
138586 14156.1
139327 13408
140072 12663
140820 12664
141565 13409
143055 14156.1
154232 15646.2
155723 16396.3
156468 16396.3
157213 16393.3
157958 16393.3
159447 16391.3
160191 17135.3
171365 13406
172855 13408
173605 14158.1
174350 14159.1
182540 8935.7
183285 8935.7
192226 9685.75
193719 10433.8
194466 11180.9
205637 13411
207877 14158.1
208622 14156.1
210111 15644.2
222779 17141.3
225754 17876.4
226499 17876.4
227994 17883.4
237676 14897.2
238421 15642.2
242890 14896.2
248852 11175.9
250344 11922.9
259282 10430.8
260772 10428.8
271948 12666
274184 13411
275674 14901.2
286850 14901.2
289085 14901.2
291324 15650.2
292814 17140.3
301754 14904.2
303986 14901.2
312930 11175.9
313675 11920.9
315907 11920.9
325593 12663
326341 12666
328573 12666
330065 14158.1
340498 14905.2
341243 14902.2
342731 14158.1
350180 8937.7
351674 8942.7
353909 11177.9
