2500 2000
3745.44 1245.44
3746.44 1
10236.3 6489.88
10237.3 1
11197 959.702
13431.2 2234.17
24609.1 11177.9
28334.4 3725.29
28335.4 1
35779.9 7444.58
38020.1 2240.17
46960.8 8940.7
49938 2977.23
59621.8 9683.75
61862 2240.17
61863 1
70052.6 8189.64
72292.8 2240.17
73781.9 1489.12
73782.9 1
83463.7 9680.75
85700.8 2237.17
87192.9 1492.12
87936 743.058
98364.8 10428.8
98365.8 1
101347 2981.23
102837 1490.12
103582 745.058
118486 14904.2
120722 2235.17
121464 742.058
129662 8198.64
131151 1489.12
131152 1
142328 11175.9
142329 1
143073 744.058
154989 11915.9
156483 1494.12
166910 10426.8
167655 745.058
178831 11175.9
178832 1
179576 744.058
190752 11175.9
191497 745.058
191498 1
192242 744.058
200438 8195.64
201928 1490.12
202673 745.058
203422 749.058
203423 1
216089 12666
216834 745.058
217578 744.058
228005 10426.8
228750 745.058
228751 1
229495 744.058
237691 8195.64
239181 1490.12
239926 745.058
239927 1
240675 748.058
249612 8936.7
251852 2240.17
252597 745.058
253341 744.058
254086 745.058
254087 1
263773 9685.75
266748 2975.23
267493 745.058
268238 745.058
268987 749.058
270477 1490.12
270478 1
278674 8195.64
280909 2235.17
282398 1489.12
283144 746.058
283888 744.058
285378 1490.12
286122 744.058
286123 1
292081 5957.46
298045 5964.46
299534 1489.12
299535 1
300279 743.058
306982 6703.52
309961 2979.23
311455 1494.12
312199 744.058
312946 746.058
312947 1
318158 5211.41
324867 6709.52
324868 1
