1510.27 1496.27
1511.27 1
4502.8 2991.53
4503.8 1
5234.56 730.76
5978.61 744.058
13103.9 7125.29
16411.4 3307.52
16627.4 215.927
17899.5 1272.19
31312.6 13413
32800.7 1488.12
32801.7 1
41743.4 8941.7
42488.5 745.058
43233.5 745.058
43234.5 1
55156.4 11921.9
55901.5 745.058
55902.5 1
64839.2 8936.7
65585.3 746.058
67073.4 1488.12
77505.2 10431.8
77506.2 1
78251.2 745.058
79739.4 1488.12
93152.4 13413
93153.4 1
94640.5 1487.12
108801 14160.1
110287 1486.12
125189 14902.2
125935 746.058
125936 1
136365 10428.8
137110 745.058
137854 744.058
137855 1
149031 11175.9
149779 748.058
150524 745.058
151265 741.058
160208 8942.7
160209 1
160952 743.058
161696 744.058
172873 11176.9
173618 745.058
174362 744.058
184794 10431.8
186284 1490.12
195969 9685.75
197459 1489.12
210126 12667
222792 12666
222793 1
233967 11174.9
234712 745.058
245888 11175.9
245889 1
246636 747.058
259299 12663
260044 745.058
260045 1
260788 743.058
277181 16392.3
277929 748.058
290592 12663
290593 1
291337 744.058
305496 14159.1
306241 745.058
307727 1486.12
307728 1
316669 8940.7
319651 2982.23
319652 1
329335 9682.75
330824 1489.12
331573 749.058
340514 8940.7
340515 1
341259 744.058
342000 741.058
345727 3727.29
346472 745.058
346473 1
347215 742.058
348705 1490.12
351688 2982.23
352433 745.058
353176 743.058
354666 1490.12
354667 1
356156 1489.12
359138 2982.23
359883 745.058
360626 743.058
362116 1490.12
362863 747.058
362864 1
365097 2232.17
