725 725
1685 960
2166 1166
3484 1799
4087 2087
4565 2399
5165 2665
6007 3007
7447 3947
8287 4200
8642 4142
9126 4561
9607 4607
10202 5037
10682 5182
10927 4927
11527 5520
12247 5747
13447 5947
14287 5787
14767 5767
15247 5747
15722 5722
16202 5702
16447 5447
17407 5407
17887 5387
18847 5347
19683 5183
20162 5162
20767 5267
21247 5247
21487 4987
22447 4947
22927 4927
23887 4887
24847 4847
25327 4827
25807 4807
26287 4787
27247 4747
27722 4722
28686 4686
29643 4643
30126 4626
30607 4607
31087 4587
32047 4547
32527 4527
33367 4367
34327 4327
34807 4307
35287 4287
35767 4267
36723 4223
37202 4202
37682 4182
38527 4027
39007 4007
39487 3987
39967 3967
40927 3927
41407 3907
41887 3887
42725 3725
43206 3706
43682 3682
44646 3646
45126 3626
45605 3605
46685 3685
47407 3907
48007 4007
48967 3967
49567 4067
