2257.32 38.2803
6723.67 16.6816
9704.9 20.0081
19389.7 11.7647
21628.8 12.4969
33549.8 10.5233
34290.8 11.7684
40251.3 22.2355
40996.3 22.2222
42485.5 27.2761
49937 23.0769
50682.1 23.0769
52171.2 23.0769
52920.3 28.5605
59622.8 30.7692
61111.9 28.5742
62602 28.5714
64097.1 26.6643
72288.8 23.5294
73782.9 26.3084
74528 27.7674
76013.1 27.7778
78252.2 26.3176
89425.1 15.004
90914.2 15
93153.4 15
102091 17.6471
103581 17.6457
104330 22.2139
106560 22.2289
113271 26.6571
114756 26.6691
115502 26.6762
116991 29.4234
118486 31.2369
125933 29.4211
127422 29.4118
128168 29.4118
129657 29.4118
131152 29.4118
132642 31.5789
140838 29.9919
143069 28.5696
143814 28.5714
151265 18.1818
152754 23.0793
160951 15.3846
163186 14.2843
172872 12.5
175852 11.7647
177341 15.7906
184793 18.75
187773 18.75
189262 18.75
190757 22.2139
198953 21.0467
201929 21.0526
211616 11.7675
212360 16.6716
214595 17.6471
225771 15.7906
226516 15.7895
228751 15.7895
230240 19.0488
242907 17.3913
243652 17.3913
246632 16.6667
248122 16.6657
248871 19.9957
259298 22.7273
263769 14.2857
264514 14.2885
271966 17.6443
277183 16.6629
277929 16.6617
279414 20.0013
285379 22.2189
288356 26.6738
289104 26.6691
290590 26.6667
291339 31.2395
297296 31.2605
300281 31.2395
301766 29.4211
303260 29.4025
312947 17.6471
314432 17.6471
316671 16.6667
324867 18.75
327847 13.3333
336041 13.3357
338278 14.2857
345728 10
347214 16.6741
355414 15.3846
356900 15.3846
367335 12.5
368821 16.6716
379256 12.5
385217 12.4979
