2998.38 2610.38
10450 7451.58
11942.1 8942.7
23113.9 12664
25354.1 13412
35034.9 11920.9
35779.9 10425.8
36525 11169.9
43230.5 8195.64
44722.6 8942.7
45470.7 8945.7
46957.8 10431.8
54406.4 11175.9
56643.6 11920.9
57386.6 11915.9
58881.7 11923.9
67072.4 12666
68562.5 14155.1
70054.6 13411
78993.3 10430.8
80483.4 10428.8
81228.5 11172.9
89424.1 10430.8
91659.3 11175.9
92404.3 11175.9
102090 12666
103585 14160.1
105820 14161.1
116246 10425.8
117738 11916.9
127422 11175.9
128912 12665
129661 11922.9
139348 11925.9
141583 11921.9
149774 10425.8
152011 10427.8
161695 11920.9
163187 13412
165422 13411
177342 15647.2
178833 15646.2
179581 16393.3
181071 15649.2
192247 14905.2
195222 14151.1
196717 15645.2
205654 13407
208633 11915.9
216834 11179.9
219813 11179.9
227261 10426.8
228006 11170.9
231735 11921.9
237694 10432.8
239183 11176.9
239927 11919.9
243651 11915.9
250360 12666
251849 12666
252593 12666
257066 13415
258552 14900.2
266006 15646.2
267494 15645.2
268239 15646.2
273458 16392.3
275689 17136.3
276438 17884.4
280907 14901.2
283144 15650.2
283889 15650.2
286121 12663
292828 9683.75
293571 10425.8
295062 11172.9
296550 10428.8
303259 10430.8
304748 11176.9
306238 11175.9
307731 12668
309221 12671
317417 14158.1
318904 14156.1
322627 13406
331571 14154.1
333060 14156.1
336788 14161.1
342747 11175.9
343490 11917.9
344984 11923.9
345729 8940.7
351688 8940.7
353922 8192.64
360628 8940.7
361373 9684.75
362117 8195.64
370314 9685.75
371059 9685.75
371804 9686.75
