2257.32 1946.32
6723.67 4466.35
9704.9 7446.58
19389.7 12666
21628.8 11923.9
33549.8 14160.1
34294.8 12666
41741.4 8191.64
42486.5 8191.64
43975.6 9679.75
52917.3 11175.9
53662.3 11175.9
55151.4 11175.9
55898.5 11921.9
65587.3 12670
66332.3 12670
67817.4 12666
69307.5 13409
76014.1 10426.8
76759.1 11170.9
77503.2 11170.9
78248.2 10430.8
79738.4 10430.8
86444.9 10430.8
87189.9 10430.8
87934 11173.9
88679.1 11175.9
90169.2 11920.9
90914.2 11175.9
99110.9 12666
99855.9 12666
100600 12666
101345 13410
102835 14156.1
104330 14161.1
105075 14161.1
113271 14160.1
114012 14156.1
114756 14156.1
115501 14156.1
124443 11171.9
125188 11175.9
125932 11175.9
126677 11175.9
136364 11920.9
137109 11920.9
137853 12664
138603 12671
140088 13411
148285 11920.9
149030 10426.8
150519 10430.8
160206 11920.9
160951 11920.9
162440 11920.9
163935 13415
175852 15646.2
176597 15646.2
178086 15646.2
191498 14901.2
192992 14906.2
193734 15647.2
204909 13411
206403 13411
207148 13414
217579 10430.8
219064 11914.9
228751 11171.9
230240 11175.9
240673 11921.9
241418 12666
242906 12666
253339 12666
254084 12666
255572 14153.1
256321 13415
268985 15646.2
269730 15646.2
271218 15646.2
272713 16392.3
274204 17881.4
284631 15646.2
285376 15646.2
286865 12661
294316 9684.75
295805 10428.8
297295 10430.8
305492 11175.9
306981 12664
308476 12671
309961 12666
319648 14156.1
320394 13413
321137 14155.1
321882 13406
323372 13411
333804 14156.1
334550 14156.1
335298 14161.1
336043 14161.1
