4473.5 16.6549
10433 12.5021
12667.1 18.1863
21608.8 13.3333
23097.9 17.6485
25338.1 17.6401
26828.2 21.0452
35763.9 21.0541
37258.1 23.805
40239.3 16.6667
46940.8 19.9982
48433.9 20
49924 23.0793
52160.2 25
59606.8 23.5294
61095.9 23.5368
61841 25.0084
63335.1 26.6691
64824.2 29.4164
73017.8 27.7778
75257 26.3065
75997.1 26.3158
85683.8 14.2912
86427.9 20.009
87922 18.7437
97603.8 18.7516
98348.8 18.75
99097.9 20
99842.9 25
111761 21.0511
112505 21.0526
113255 21.0511
125172 11.7638
125921 16.6605
126665 16.6679
134857 23.0793
135603 23.0865
136351 23.0769
137841 26.6667
147523 23.5294
148269 23.5294
149017 23.5294
150507 23.5294
151250 27.7819
163169 23.8095
163914 23.811
164664 23.808
174346 14.2843
175090 20
175839 20.0018
187756 16.6679
188501 16.6667
189250 16.6667
189995 21.0526
201167 22.2222
201912 22.2222
202661 22.2222
203407 22.2206
204152 26.3139
217559 22.7259
218303 15.005
219048 15.005
228735 20
230228 13.3286
239911 13.3333
241404 13.3333
253321 11.1119
254815 14.997
255561 15.7884
267482 15.7839
268971 15.7895
269717 19.9987
270462 20
279399 25.0084
280144 15.391
280889 21.4368
289085 23.0769
290578 21.4224
291323 21.4224
301750 17.6485
303244 21.0482
304734 21.0526
305476 21.0571
316656 19.9933
318145 20
318887 23.8141
320380 23.8095
321867 22.7273
330807 26.3251
332301 26.3158
333047 26.3084
334536 26.3158
336026 28.5714
337516 28.566
347198 27.2727
348693 27.2711
349438 27.2727
350928 27.2711
352419 27.2711
353164 30.433
