228.666 228.666
783.46 554.794
895.219 666.552
1789.29 1005.83
2015.81 1232.35
2128.56 1233.35
2351.08 1455.86
3917.7 2128.42
4029.46 2240.17
4364.74 2348.93
4475.5 2459.69
4588.26 2459.69
4811.77 2683.21
5033.29 2682.21
5256.81 2905.73
7600.74 2788.97
7716.5 2904.73
7829.26 2795.97
7941.02 2684.21
9165.36 1336.1
9281.12 1340.1
10394.7 1229.35
10510.5 1345.1
10621.2 1340.1
12071.1 1676.38
12187.8 1677.38
12299.6 1678.38
12409.4 1788.14
13859.2 1788.14
13971 1783.14
15428.9 1569.62
15535.6 1564.62
17104.2 1675.38
17326.7 1897.9
19004.1 1899.9
19335.4 2008.66
20568.8 1564.62
22133.4 1564.62
22245.1 1676.38
23921.5 1788.14
24034.3 1789.14
25934.2 2012.66
26044.9 2123.42
26155.7 2121.42
28168.3 2234.17
28281.1 2125.42
29618.2 1337.1
29733 1451.86
30735.8 1117.59
30847.6 1114.59
32080.9 1345.1
32191.7 1455.86
32302.4 1454.86
33865 1784.14
33976.8 1785.14
34092.6 1900.9
35879.7 1902.9
35992.5 1899.9
37779.6 1899.9
37892.4 1899.9
38113.9 2121.42
39120.7 1341.1
39232.5 1340.1
39455 1341.1
39565.7 1451.86
40794.1 1673.38
40908.8 1676.38
41131.4 1676.38
41242.1 1676.38
42697 1902.9
42808.7 2014.66
43142 1899.9
44038.1 1341.1
44149.8 1341.1
44484.1 1342.1
45486.9 1448.86
45603.7 1565.62
45715.5 1565.62
45825.2 1341.1
46832 1345.1
46943.8 1340.1
47054.6 1450.86
47166.3 1450.86
47391.8 1566.62
48504.4 1672.38
48620.2 1676.38
48730.9 1676.38
