2441 2000
2683.32 242.323
2684.32 1
7167.97 4483.65
7168.97 1
10131.9 2962.93
11623 1491.12
22799.9 11176.9
33970.8 11170.9
33971.8 1
41421.3 7449.58
42915.5 1494.12
52597.2 9681.75
52598.2 1
54836.4 2238.17
64518.1 9681.75
66008.3 1490.12
66009.3 1
81654.5 15645.2
83148.6 1494.12
95065.5 11916.9
95810.6 745.058
95811.6 1
108477 12665
109222 745.058
117417 8195.64
118162 745.058
127848 9685.75
129342 1494.12
129343 1
141261 11917.9
144239 2978.23
156905 12666
159146 2240.17
171061 11915.9
172556 1494.12
172557 1
182237 9680.75
183731 1494.12
184472 741.058
184473 1
194905 10431.8
196397 1492.12
197143 746.058
197888 744.058
207571 9683.75
207572 1
208314 742.058
209059 745.058
221730 12671
222475 745.058
223220 744.058
236629 13409
237372 743.058
237373 1
250038 12665
250039 1
250788 749.058
262709 11920.9
263454 745.058
264198 744.058
264199 1
281335 17136.3
281336 1
287291 5954.46
287292 1
288036 744.058
293996 5960.46
294741 745.058
295486 745.058
295487 1
302192 6704.52
303686 1494.12
304432 746.058
305176 744.058
305177 1
313369 8191.64
315603 2234.17
316348 745.058
317093 745.058
318587 1494.12
324548 5961.46
324549 1
326783 2233.17
328273 1490.12
329019 746.058
339450 10430.8
339451 1
341684 2233.17
342425 741.058
349130 6705.52
350624 1494.12
352115 1490.12
352116 1
353605 1489.12
364036 10431.8
365526 1489.12
366272 746.058
375957 9685.75
376702 745.058
377447 744.058
377448 1
