451.184 0
1121.74 0
1343.25 0
2573.6 0
2796.12 0
3020.63 0
3132.39 0
5255.81 0
5478.33 0
5929.36 0
7826.26 0
9279.12 0
9501.64 0
11182 0
11401.5 0
12855.4 0
13078.9 0
13301.4 0
14420 0
14755.3 0
14870.1 0
15089.6 0
16546.4 0
16766 0
16993.5 0
18443.3 0
18780.6 0
19896.2 0
20346.2 0
21349.1 0
21684.3 0
23249 0
23362.7 0
24701.8 0
24928.3 0
26380.2 0
27722.3 0
27941.8 0
29283.9 0
29506.4 0
30625 0
30738.8 0
31071.1 0
32413.2 0
32524.9 0
32751.5 0
32975 0
34424.8 0
34651.3 0
34762.1 0
35989.5 0
36212 0
36323.7 0
37554.1 0
37777.6 0
37891.4 0
38004.1 0
39677.5 0
39789.2 0
40011.8 0
41689.1 0
41911.7 0
43253.8 0
43476.3 0
43591 0
44818.4 0
45040.9 0
45268.4 0
45379.2 0
46497.8 0
46609.5 0
47613.4 0
47726.1 0
47946.6 0
48730.9 0
48952.5 0
49179 0
49290.7 0
