673.701 0
1566.77 0
1905.05 0
3354.91 0
3689.19 0
4136.22 0
4247.98 0
6152.88 0
6376.4 0
7938.02 0
9390.88 0
9729.16 0
11293.8 0
11625.1 0
12967.2 0
13192.7 0
14643.5 0
14981.8 0
16655.2 0
16880.7 0
18555.1 0
18665.9 0
20008 0
20119.7 0
20230.5 0
21572.6 0
21798.1 0
23140.2 0
23474.5 0
24590.1 0
24815.6 0
25039.1 0
26042.9 0
26154.7 0
26268.4 0
26492 0
27384 0
27495.8 0
27607.6 0
27833.1 0
28056.6 0
29175.2 0
29397.7 0
29621.2 0
30513.3 0
30847.6 0
30959.3 0
31185.8 0
32301.4 0
32635.7 0
32862.2 0
33086.7 0
33194.5 0
34201.3 0
34539.6 0
34870.9 0
35768.9 0
36101.2 0
36435.5 0
37665.8 0
38111.9 0
39565.7 0
39903 0
41356.9 0
41580.4 0
41802.9 0
43142 0
43365.5 0
44597.9 0
44930.2 0
45156.7 0
46160.5 0
46717.3 0
47503.6 0
47837.9 0
48616.2 0
48842.7 0
49067.2 0
49962.3 0
