12547.7 0
22700.2 0
32805.1 0
42909.9 0
42957.6 0
53046.5 0
53141.8 0
63159.3 0
63254.7 0
73272.2 0
73319.9 0
73367.6 0
83385.1 0
83480.4 0
83575.8 0
93497.9 0
93593.3 0
93688.6 0
93736.3 0
103611 0
103754 0
103849 0
103945 0
113724 0
113867 0
113962 0
114057 0
123836 0
123884 0
123980 0
124075 0
124170 0
133949 0
134045 0
134140 0
134283 0
134378 0
144062 0
144158 0
144253 0
144301 0
144396 0
144491 0
154222 0
154318 0
154413 0
154509 0
154604 0
154747 0
164335 0
164431 0
164526 0
164621 0
164669 0
164717 0
164860 0
174448 0
174591 0
174687 0
174782 0
174877 0
174925 0
175068 0
184561 0
184704 0
184799 0
184895 0
184990 0
185038 0
185086 0
185181 0
194674 0
194817 0
194960 0
195055 0
195151 0
195198 0
195294 0
195389 0
204787 0
204930 0
205073 0
205168 0
205264 0
205311 0
205407 0
205502 0
205550 0
214900 0
215043 0
215233 0
215329 0
215424 0
215472 0
215567 0
215663 0
215758 0
225012 0
225155 0
225346 0
225442 0
225537 0
225585 0
225680 0
225775 0
225871 0
235125 0
235173 0
235268 0
235459 0
235554 0
235650 0
235697 0
235793 0
235888 0
235984 0
245238 0
245334 0
245429 0
245667 0
245763 0
245858 0
245906 0
246001 0
246096 0
246192 0
255351 0
255446 0
255542 0
255589 0
255780 0
255876 0
255971 0
256019 0
256114 0
256209 0
256305 0
265479 0
265575 0
265670 0
265765 0
265956 0
266051 0
266194 0
266242 0
266338 0
266433 0
266528 0
275592 0
275687 0
275783 0
275878 0
276069 0
276117 0
276164 0
276307 0
276355 0
276450 0
276546 0
276641 0
285705 0
285848 0
285943 0
286039 0
286229 0
286325 0
286373 0
286516 0
286611 0
286706 0
286802 0
286897 0
295818 0
295961 0
296056 0
296152 0
296342 0
296438 0
296485 0
296533 0
296628 0
296724 0
296819 0
296915 0
297010 0
305931 0
306121 0
306217 0
306312 0
306503 0
306598 0
306646 0
306741 0
306837 0
306932 0
307027 0
307170 0
307266 0
316044 0
316234 0
316330 0
316425 0
316616 0
316711 0
316759 0
316854 0
316950 0
316997 0
317045 0
317140 0
317283 0
317379 0
326156 0
326347 0
326490 0
326586 0
326776 0
326872 0
326919 0
327015 0
327110 0
327205 0
327253 0
327348 0
327492 0
327635 0
336269 0
336460 0
336603 0
336698 0
336889 0
336984 0
337032 0
337128 0
337223 0
337318 0
337366 0
337414 0
337461 0
337604 0
337747 0
346382 0
346573 0
346716 0
346859 0
347050 0
347145 0
347193 0
347288 0
347383 0
347479 0
347526 0
347622 0
347670 0
347813 0
347956 0
356493 0
356684 0
356828 0
356972 0
357163 0
357258 0
357306 0
357401 0
357496 0
357592 0
357639 0
357735 0
357782 0
357830 0
357925 0
358069 0
366606 0
366797 0
366940 0
367131 0
367322 0
367417 0
367465 0
367561 0
367656 0
367751 0
367799 0
367894 0
367942 0
368037 0
368133 0
368276 0
376717 0
376907 0
377051 0
377241 0
377435 0
377530 0
377578 0
377673 0
377769 0
377864 0
377912 0
378007 0
378055 0
378150 0
378246 0
378293 0
378389 0
386830 0
387020 0
387163 0
387402 0
387595 0
387690 0
387738 0
387833 0
387928 0
388024 0
388071 0
388167 0
388214 0
388310 0
388405 0
388501 0
388596 0
396930 0
397120 0
397261 0
397500 0
397706 0
397801 0
397849 0
397944 0
398041 0
398137 0
398184 0
398280 0
398327 0
398423 0
398518 0
398613 0
398709 0
398757 0
407029 0
407220 0
407361 0
407600 0
407838 0
407933 0
407981 0
408076 0
408172 0
408275 0
408323 0
408418 0
408466 0
408561 0
408657 0
408752 0
408847 0
408943 0
417129 0
417320 0
417463 0
417700 0
417938 0
418033 0
418081 0
418176 0
418272 0
418387 0
418435 0
418529 0
418577 0
418674 0
418770 0
418865 0
418960 0
419056 0
427229 0
427277 0
427420 0
427563 0
427800 0
428038 0
428133 0
428181 0
428276 0
428371 0
428484 0
428532 0
428628 0
428676 0
428786 0
428881 0
428977 0
429072 0
429167 0
437329 0
437424 0
437567 0
437709 0
437948 0
438233 0
438328 0
438376 0
438471 0
438567 0
438662 0
438710 0
438805 0
438853 0
438956 0
439052 0
439147 0
439242 0
439338 0
447429 0
447524 0
447666 0
447714 0
447810 0
448049 0
448334 0
448428 0
448476 0
448571 0
448667 0
448762 0
448810 0
448905 0
448953 0
449068 0
449162 0
449260 0
449355 0
449451 0
457529 0
457624 0
457766 0
457815 0
457957 0
458195 0
458480 0
458623 0
458671 0
458766 0
458862 0
458957 0
459005 0
459100 0
459148 0
459243 0
459339 0
459442 0
459537 0
459633 0
467629 0
467724 0
467866 0
467915 0
468057 0
468104 0
468296 0
468582 0
468725 0
468773 0
468867 0
468963 0
469058 0
469106 0
469201 0
469249 0
469344 0
469439 0
469554 0
469648 0
469744 0
477728 0
477824 0
477966 0
478014 0
478157 0
478205 0
478443 0
478730 0
478872 0
478966 0
479062 0
479157 0
479252 0
479300 0
479395 0
479443 0
479538 0
479634 0
479729 0
479824 0
479920 0
487827 0
487923 0
488066 0
488114 0
488256 0
488305 0
488542 0
488590 0
488830 0
488973 0
489068 0
489164 0
489259 0
489353 0
489401 0
489496 0
489544 0
489639 0
489735 0
489830 0
489925 0
490021 0
497956 0
498052 0
498195 0
498242 0
498385 0
498433 0
498671 0
498719 0
499005 0
499147 0
499244 0
499338 0
499482 0
499577 0
499625 0
499720 0
499768 0
499863 0
499959 0
500054 0
500150 0
500245 0
508056 0
508151 0
508295 0
508343 0
508486 0
508534 0
508771 0
508820 0
509107 0
509155 0
509249 0
509344 0
509441 0
509583 0
509679 0
509727 0
509821 0
509869 0
509963 0
510059 0
510154 0
510249 0
510345 0
518203 0
518298 0
518441 0
518489 0
518631 0
518678 0
518918 0
518965 0
519251 0
519299 0
519441 0
519538 0
519633 0
519776 0
519918 0
519966 0
520060 0
520108 0
520203 0
520299 0
520394 0
520489 0
520585 0
528302 0
528398 0
528541 0
528588 0
528732 0
528779 0
529017 0
529064 0
529352 0
529400 0
529543 0
529591 0
529639 0
529734 0
529876 0
530019 0
530068 0
530163 0
530211 0
530305 0
530399 0
530495 0
530590 0
530686 0
538402 64
538544 0
538687 0
538736 0
538879 0
538927 0
539164 0
539213 0
539498 0
539547 0
539689 0
539737 0
539833 0
539928 0
540071 0
540213 0
540310 0
540404 0
540452 0
540546 0
540641 0
540737 0
540832 0
540927 0
548504 64
548646 0
548788 0
548837 0
548980 0
549028 0
549265 0
549313 0
549600 0
549648 0
549790 0
549837 0
549933 0
549980 0
550028 0
550172 0
550314 0
550409 0
550506 0
550553 0
550648 0
550744 0
550839 0
550933 0
551028 0
558605 0
558747 64
558938 0
558985 0
559127 0
559176 0
559414 0
559462 0
559747 0
559795 0
559938 0
559986 0
560082 0
560130 0
560224 0
560368 0
560510 0
560607 0
560702 0
560797 0
560892 0
560987 0
561082 0
561177 0
561272 0
568707 0
568849 64
569040 0
569087 0
569228 0
569277 0
569515 0
569563 0
569849 0
569897 0
570040 0
570088 0
570183 0
570231 0
570325 0
570373 0
570468 0
570612 0
570708 0
570803 0
570898 0
570994 0
571088 0
571183 0
571280 0
571374 0
578809 64
578951 0
579141 0
579235 0
579379 0
579427 0
579664 0
579713 0
579998 0
580045 0
580189 0
580236 0
580333 0
580380 0
580476 0
580523 0
580665 0
580809 0
580905 0
581000 0
581095 0
581190 0
581334 0
581428 0
581524 0
581618 0
588910 64
589054 0
589244 0
589340 0
589482 0
589529 0
589766 0
589815 0
590101 0
590148 0
590291 0
590339 0
590434 0
590482 0
590576 0
590625 0
590767 0
590815 0
590910 0
591007 0
591101 0
591196 0
591292 0
591436 0
591531 0
591626 0
591721 0
599010 0
599155 0
599393 0
599488 0
599630 0
599678 0
599916 0
599964 0
600249 0
600297 0
600440 0
600488 0
600584 0
600632 0
600727 0
600775 0
600918 0
600965 0
601108 0
601203 0
601298 0
601394 0
601489 0
601633 0
601776 0
601871 0
601966 0
609316 0
609459 0
609698 0
609793 0
609936 0
609984 0
610221 0
610270 0
610556 0
610603 0
610747 0
610794 0
610890 0
610937 0
611033 0
611080 0
611223 0
611271 0
611414 0
611462 0
611509 0
611605 0
611699 0
611795 0
611938 0
612082 0
612175 0
612270 0
619616 0
619759 0
619997 0
620140 0
620283 0
620331 0
620569 0
620617 0
620903 0
620951 0
621094 0
621142 0
621237 0
621285 0
621380 0
621428 0
621571 0
621618 0
621761 0
621809 0
621904 0
622000 0
622095 0
622190 0
622334 0
622476 0
622620 0
622715 0
630297 0
630440 0
630678 0
630820 0
630964 0
631012 0
631251 0
631298 0
631584 0
631632 0
631775 0
631823 0
631918 0
631966 0
632061 0
632109 0
632252 0
632300 0
632442 0
632490 0
632585 0
632632 0
632680 0
632776 0
632872 0
633014 0
633156 0
633298 0
633395 0
640978 0
641121 64
641360 0
641502 0
641692 64
641741 0
641979 0
642027 0
642313 0
642361 0
642504 0
642552 0
642647 0
642695 0
642790 0
642838 0
642981 0
643028 0
643171 0
643219 0
643315 0
643362 0
643458 0
643553 0
643648 0
643791 0
643934 0
644077 0
644221 0
652041 64
652184 64
652421 0
652564 0
652755 64
652804 0
653042 0
653090 0
653376 0
653423 0
653566 0
653614 0
653710 0
653757 0
653852 0
653899 0
654042 0
654091 0
654234 0
654282 0
654377 0
654425 0
654519 0
654567 0
654615 0
654710 0
654853 0
654996 0
655137 0
655281 0
663103 64
663246 64
663484 64
663627 64
663866 0
663914 64
664151 0
664200 0
664486 0
664534 0
664677 0
664725 0
664820 0
664868 0
664963 0
665011 0
665154 0
665201 0
665344 0
665392 0
665487 0
665535 0
665631 0
665678 0
665774 0
665869 0
666012 0
666155 0
666298 0
666441 0
674547 64
674690 64
674928 64
675072 64
675310 0
675358 64
675596 0
675644 0
675930 0
675978 0
676120 0
676169 0
676263 0
676312 0
676406 0
676455 0
676598 0
676645 0
676787 0
676835 0
676931 0
676978 0
677073 0
677121 0
677215 0
677310 0
677454 0
677596 0
677740 0
677883 0
685991 64
686134 64
686372 64
686516 64
686754 0
686802 64
687040 0
687088 0
687374 0
687422 0
687565 0
687613 0
687708 0
687756 0
687851 0
687899 0
688042 0
688090 0
688233 0
688280 0
688376 0
688423 0
688519 0
688566 0
688662 0
688757 0
688900 0
689043 0
689186 0
689329 0
697387 64
697531 64
697769 64
697912 64
698150 0
698198 64
698437 0
698485 0
698771 0
698818 0
698961 0
699009 0
699103 0
699151 0
699248 0
699295 0
699437 0
699486 0
699628 0
699676 0
699771 0
699819 0
699913 0
699961 0
700057 0
700153 0
700295 0
700438 0
700581 0
700724 0
708784 64
708927 64
709166 64
709309 64
709546 0
709595 64
709833 0
709881 0
710167 0
710215 0
710358 0
710406 0
710501 0
710549 0
710644 0
710692 0
710835 0
710882 0
711025 0
711073 0
711168 0
711216 0
711312 0
711359 0
711455 0
711550 0
711693 0
711836 0
711979 0
712122 0
720181 64
720324 64
720562 64
720705 64
720943 0
720991 64
721230 0
721277 0
721563 0
721611 0
721754 0
721802 0
721896 0
721944 0
722040 0
722088 0
722230 0
722279 0
722421 0
722468 0
722564 0
722612 0
722706 0
722754 0
722850 0
722945 0
723087 0
723230 0
723373 0
723517 0
731529 64
731671 64
731911 64
732054 64
732291 0
732339 64
732578 0
732626 0
732912 0
732960 0
733102 0
733151 0
733246 0
733294 0
733389 0
733437 0
733580 0
733628 0
733771 0
733818 0
733914 0
733961 0
734057 0
734104 0
734200 0
734295 0
734438 0
734581 0
734724 0
734867 0
742878 64
743020 64
743259 64
743403 64
743640 0
743688 64
743927 0
743975 0
744261 0
744309 0
744452 0
744499 0
744595 0
744642 0
744738 0
744785 0
744928 0
744975 0
745118 0
745166 0
745261 0
745309 0
745404 0
745452 0
745547 0
745643 0
745785 0
745928 0
746071 0
746214 0
754322 64
754465 64
754704 64
754846 64
755085 0
755133 64
755370 0
755705 0
755753 0
755896 0
755943 0
756039 0
756087 0
756182 0
756230 0
756373 0
756420 0
756563 0
756611 0
756706 0
756754 0
756849 0
756897 0
756993 0
757088 0
757231 0
757374 0
757517 0
757660 0
765671 0
765813 64
766052 0
766195 0
766434 0
766482 0
766720 0
767006 0
767054 0
767101 0
767196 0
767244 0
767339 0
767388 0
767482 0
767531 0
767625 0
767674 0
767817 0
767864 0
767958 0
768006 0
768102 0
768149 0
768244 0
768341 0
768484 0
768627 0
768770 0
768913 0
776781 0
776923 0
777210 64
777352 64
777591 0
777640 64
777878 0
778164 0
778212 0
778259 0
778403 0
778498 0
778592 0
778641 0
778735 0
778784 0
778878 0
778927 0
779070 0
779118 0
779212 0
779260 0
779355 0
779403 0
779497 0
779594 0
779737 0
779879 0
780022 0
780165 0
788225 0
788368 0
788654 64
788798 64
789036 0
789084 64
789321 0
789607 0
789656 0
789704 0
789847 0
789942 0
790037 0
790085 0
790180 0
790228 0
790323 0
790371 0
790514 0
790562 0
790657 0
790705 0
790800 0
790848 0
790943 0
791039 0
791182 0
791325 0
791468 0
791611 0
799669 0
799812 0
800099 64
800242 64
800480 0
800528 64
800765 0
801051 0
801100 0
801148 0
801290 0
801386 0
801481 0
801529 0
801624 0
801672 0
801768 0
801815 0
801957 0
802005 0
802099 0
802148 0
802243 0
802291 0
802386 0
802481 0
802624 0
802766 0
802910 0
803053 0
811114 0
811257 0
811543 64
811686 64
811924 0
811972 64
812209 0
812496 0
812544 0
812592 0
812735 0
812830 0
812926 0
812973 0
813069 0
813116 0
813212 0
813259 0
813402 0
813450 0
813545 0
813593 0
813688 0
813736 0
813832 0
813927 0
814070 0
814213 0
814356 0
814499 0
822558 0
822701 0
822987 64
823130 64
823368 0
823416 64
823653 0
823939 0
823988 0
824036 0
824178 0
824274 0
824370 0
824417 0
824513 0
824560 0
824656 0
824703 0
824845 0
824893 0
824987 0
825036 0
825132 0
825179 0
825275 0
825369 0
825512 0
825654 0
825800 0
825941 0
833858 0
834002 0
834287 64
834431 64
834669 0
834717 64
834954 0
835242 0
835289 0
835337 0
835480 0
835575 0
835671 0
835718 0
835814 0
835861 0
835957 0
836004 0
836148 0
836195 0
836291 0
836338 0
836434 0
836481 0
836577 0
836672 0
836815 0
836958 0
837101 0
837244 0
845064 0
845207 0
845493 64
845636 64
845875 0
845923 64
846161 0
846447 0
846495 0
846543 0
846685 0
846780 0
846875 0
846923 0
847019 0
847067 0
847161 0
847209 0
847352 0
847401 0
847449 0
847496 0
847544 0
847637 0
847686 0
847781 0
847877 0
848020 0
848162 0
848305 0
848448 0
856651 64
856938 0
857081 0
857319 64
857367 0
857604 0
857890 0
857939 0
857987 0
858130 0
858225 0
858320 0
858368 0
858463 0
858511 0
858607 0
858654 0
858797 0
858845 0
858893 0
858988 0
859036 0
859131 0
859179 0
859274 0
859369 0
859513 0
859656 0
859846 0
859989 0
868143 0
868429 64
868572 64
868811 0
868858 0
869097 0
869335 0
869383 0
869431 0
869574 0
869669 0
869763 0
869812 0
869907 0
869954 0
870051 0
870098 0
870240 0
870288 0
870336 0
870431 0
870479 0
870573 0
870622 0
870715 0
870813 0
870955 0
871098 0
871288 0
871431 0
879587 0
879873 64
880016 64
880255 0
880303 0
880541 0
880779 0
880827 0
880875 0
881018 0
881113 0
881209 0
881256 0
881352 0
881399 0
881495 0
881542 0
881685 0
881733 0
881781 0
881876 0
881924 0
882019 0
882067 0
882162 0
882258 0
882401 0
882544 0
882734 0
882878 0
890936 0
891221 64
891365 64
891604 0
891651 0
891890 0
892128 0
892176 0
892224 0
892366 0
892461 0
892557 0
892605 0
892700 0
892748 0
892842 0
892891 0
893034 0
893082 0
893130 0
893224 0
893272 0
893367 0
893415 0
893510 0
893603 0
893747 0
893890 0
894081 0
894224 0
902285 0
902570 64
902714 64
902952 0
903000 0
903238 0
903476 0
903525 0
903572 0
903715 0
903811 0
903906 0
903954 0
904049 0
904097 0
904192 0
904240 0
904383 0
904431 0
904478 0
904574 0
904621 0
904717 0
904764 0
904860 0
904955 0
905098 0
905241 0
905432 0
905575 0
913729 0
914015 64
914158 64
914396 0
914444 0
914683 0
914921 0
914969 0
915016 0
915159 0
915255 0
915349 0
915398 0
915492 0
915540 0
915636 0
915684 0
915826 0
915874 0
915921 0
916017 0
916064 0
916159 0
916207 0
916301 0
916398 0
916540 0
916683 0
916874 0
917017 0
925173 0
925459 64
925602 64
925841 0
925888 0
926127 0
926365 0
926413 0
926460 0
926604 0
926699 0
926794 0
926842 0
926937 0
926985 0
927080 0
927128 0
927271 0
927319 0
927366 0
927462 0
927510 0
927605 0
927653 0
927748 0
927843 0
927986 0
928129 0
928320 0
928463 0
936522 0
936807 64
936951 64
937189 0
937237 0
937475 0
937713 0
937761 0
937809 0
937952 0
938048 0
938143 0
938191 0
938286 0
938334 0
938428 0
938477 0
938620 0
938667 0
938715 0
938810 0
938857 0
938952 0
939000 0
939096 0
939189 0
939333 0
939478 0
939669 0
939812 0
947822 0
948109 64
948251 64
948490 0
948538 0
948776 0
949015 0
949063 0
949110 0
949253 0
949349 0
949444 0
949492 0
949587 0
949635 0
949729 0
949777 0
949920 0
949968 0
950016 0
950110 0
950158 0
950254 0
950301 0
950396 0
950492 0
950633 0
950777 0
950968 0
951111 0
959267 0
959553 64
959696 64
959934 0
959982 0
960220 0
960459 0
960507 0
960554 0
960697 0
960793 0
960888 0
960936 0
961031 0
961079 0
961174 0
961222 0
961365 0
961413 0
961460 0
961556 0
961603 0
961699 0
961746 0
961842 0
961937 0
962080 0
962223 0
962414 0
962557 0
970711 0
970997 64
971140 64
971378 0
971426 0
971665 0
971903 0
971951 0
971998 0
972141 0
972237 0
972331 0
972380 0
972474 0
972522 0
972618 0
972666 0
972808 0
972856 0
972903 0
972999 0
973046 0
973141 0
973188 0
973283 0
973380 0
973522 0
973665 0
973856 0
973999 0
982155 0
982441 64
982584 64
982823 0
982870 0
983109 0
983347 0
983395 0
983443 0
983586 0
983681 0
983776 0
983824 0
983919 0
983967 0
984062 0
984110 0
984253 0
984301 0
984348 0
984444 0
984492 0
984587 0
984635 0
984730 0
984825 0
984968 0
985111 0
985302 0
985445 0
993551 0
993838 64
993981 64
994219 0
994267 0
994505 0
994744 0
994791 0
994839 0
994982 0
995076 0
995172 0
995219 0
995316 0
995363 0
995459 0
995506 0
995648 0
995696 0
995744 0
995838 0
995887 0
995982 0
996030 0
996125 0
996219 0
996363 0
996508 0
996699 0
996842 0
1.0048e+06 0
1.00509e+06 64
1.00523e+06 64
1.00547e+06 0
1.00552e+06 0
1.00576e+06 0
1.006e+06 0
1.00604e+06 0
1.00609e+06 0
1.00624e+06 0
1.00633e+06 0
1.00643e+06 0
1.00647e+06 0
1.00657e+06 0
1.00662e+06 0
1.00671e+06 0
1.00676e+06 0
1.0069e+06 0
1.00695e+06 0
1.007e+06 0
1.00709e+06 0
1.00714e+06 0
1.00723e+06 0
1.00728e+06 0
1.00738e+06 0
1.00747e+06 0
1.00762e+06 0
1.00776e+06 0
1.00795e+06 0
1.00809e+06 0
1.01625e+06 0
1.01653e+06 64
1.01668e+06 64
1.01692e+06 0
1.01696e+06 0
1.0172e+06 0
1.01744e+06 0
1.01749e+06 0
1.01754e+06 0
1.01768e+06 0
1.01777e+06 0
1.01787e+06 0
1.01792e+06 0
1.01801e+06 0
1.01806e+06 0
1.01816e+06 0
1.0182e+06 0
1.01835e+06 0
1.01839e+06 0
1.01844e+06 0
1.01854e+06 0
1.01859e+06 0
1.01868e+06 0
1.01873e+06 0
1.01882e+06 0
1.01892e+06 0
1.01906e+06 0
1.01921e+06 0
1.0194e+06 0
1.01954e+06 0
1.02769e+06 0
1.02798e+06 64
1.02812e+06 64
1.02836e+06 0
1.02841e+06 0
1.02865e+06 0
1.02889e+06 0
1.02893e+06 0
1.02898e+06 0
1.02912e+06 0
1.02922e+06 0
1.02931e+06 0
1.02936e+06 0
1.02946e+06 0
1.0295e+06 0
1.0296e+06 0
1.02965e+06 0
1.02979e+06 0
1.02984e+06 0
1.02989e+06 0
1.02998e+06 0
1.03003e+06 0
1.03012e+06 0
1.03017e+06 0
1.03026e+06 0
1.03036e+06 0
1.0305e+06 0
1.03065e+06 0
1.03084e+06 0
1.03098e+06 0
1.03914e+06 0
1.03942e+06 64
1.03957e+06 64
1.0398e+06 0
1.03985e+06 0
1.04009e+06 0
1.04033e+06 0
1.04038e+06 0
1.04042e+06 0
1.04057e+06 0
1.04066e+06 0
1.04076e+06 0
1.04081e+06 0
1.0409e+06 0
1.04095e+06 0
1.04104e+06 0
1.04109e+06 0
1.04124e+06 0
1.04128e+06 0
1.04133e+06 0
1.04143e+06 0
1.04147e+06 0
1.04157e+06 0
1.04162e+06 0
1.04171e+06 0
1.04181e+06 0
1.04195e+06 0
1.04209e+06 0
1.04228e+06 0
1.04243e+06 0
1.05058e+06 0
1.05087e+06 64
1.05101e+06 64
1.0513e+06 0
1.05153e+06 0
1.05177e+06 0
1.05182e+06 0
1.05187e+06 0
1.05201e+06 0
1.05211e+06 0
1.0522e+06 0
1.05225e+06 0
1.05234e+06 0
1.05239e+06 0
1.05249e+06 0
1.05254e+06 0
1.05268e+06 0
1.05273e+06 0
1.05277e+06 0
1.05287e+06 0
1.05292e+06 0
1.05301e+06 0
1.05306e+06 0
1.05315e+06 0
1.05325e+06 0
1.05339e+06 0
1.05354e+06 0
1.05373e+06 0
1.05387e+06 0
1.06193e+06 64
1.06198e+06 0
1.06221e+06 0
1.06236e+06 0
1.0626e+06 0
1.06284e+06 0
1.06307e+06 0
1.06312e+06 0
1.06317e+06 0
1.06331e+06 0
1.06341e+06 0
1.0635e+06 0
1.06355e+06 0
1.06365e+06 0
1.06369e+06 0
1.06379e+06 0
1.06384e+06 0
1.06398e+06 0
1.06403e+06 0
1.06408e+06 0
1.06417e+06 0
1.06422e+06 0
1.06431e+06 0
1.06436e+06 0
1.06446e+06 0
1.06455e+06 0
1.0647e+06 0
1.06484e+06 0
1.06503e+06 0
1.06517e+06 0
1.07309e+06 0
1.07318e+06 0
1.07342e+06 0
1.07356e+06 0
1.0738e+06 0
1.07404e+06 0
1.07428e+06 0
1.07433e+06 0
1.07438e+06 0
1.07452e+06 0
1.07461e+06 0
1.07471e+06 0
1.07476e+06 0
1.07485e+06 0
1.0749e+06 0
1.075e+06 0
1.07504e+06 0
1.07519e+06 0
1.07523e+06 0
1.07528e+06 0
1.07538e+06 0
1.07542e+06 0
1.07552e+06 0
1.07557e+06 0
1.07566e+06 0
1.07576e+06 0
1.0759e+06 0
1.07604e+06 0
1.07623e+06 0
1.07638e+06 0
1.08453e+06 0
1.08463e+06 0
1.08487e+06 0
1.08501e+06 0
1.08525e+06 0
1.08548e+06 0
1.08572e+06 0
1.08577e+06 0
1.08582e+06 0
1.08596e+06 0
1.08606e+06 0
1.08615e+06 0
1.0862e+06 0
1.0863e+06 0
1.08634e+06 0
1.08644e+06 0
1.08649e+06 0
1.08663e+06 0
1.08668e+06 0
1.08673e+06 0
1.08682e+06 0
1.08687e+06 0
1.08696e+06 0
1.08701e+06 0
1.08711e+06 0
1.0872e+06 0
1.08735e+06 0
1.08749e+06 0
1.08768e+06 0
1.08782e+06 0
1.09602e+06 64
1.09612e+06 64
1.09636e+06 0
1.0965e+06 0
1.09674e+06 64
1.09698e+06 0
1.09717e+06 0
1.09722e+06 0
1.09726e+06 0
1.09741e+06 0
1.0975e+06 0
1.0976e+06 0
1.09764e+06 0
1.09774e+06 0
1.09779e+06 0
1.09788e+06 0
1.09793e+06 0
1.09807e+06 0
1.09812e+06 0
1.09817e+06 0
1.09826e+06 0
1.09831e+06 0
1.09841e+06 0
1.09845e+06 0
1.09855e+06 0
1.09864e+06 0
1.09879e+06 0
1.09893e+06 0
1.09912e+06 0
1.09926e+06 0
1.10747e+06 64
1.10756e+06 64
1.1078e+06 0
1.10794e+06 0
1.10818e+06 64
1.10842e+06 0
1.10861e+06 0
1.10866e+06 0
1.10871e+06 0
1.10885e+06 0
1.10895e+06 0
1.10904e+06 0
1.10909e+06 0
1.10918e+06 0
1.10923e+06 0
1.10933e+06 0
1.10938e+06 0
1.10952e+06 0
1.10957e+06 0
1.10961e+06 0
1.10971e+06 0
1.10976e+06 0
1.10985e+06 0
1.1099e+06 0
1.11e+06 0
1.11009e+06 0
1.11023e+06 0
1.11038e+06 0
1.11057e+06 0
1.11071e+06 0
1.11886e+06 64
1.11896e+06 64
1.1192e+06 0
1.11934e+06 0
1.11958e+06 64
1.11982e+06 0
1.12001e+06 0
1.12006e+06 0
1.1201e+06 0
1.12025e+06 0
1.12034e+06 0
1.12044e+06 0
1.12049e+06 0
1.12058e+06 0
1.12063e+06 0
1.12072e+06 0
1.12077e+06 0
1.12091e+06 0
1.12096e+06 0
1.12101e+06 0
1.1211e+06 0
1.12115e+06 0
1.12125e+06 0
1.1213e+06 0
1.12139e+06 0
1.12148e+06 0
1.12163e+06 0
1.12177e+06 0
1.12196e+06 0
1.1221e+06 0
1.13017e+06 64
1.13026e+06 64
1.1305e+06 0
1.13064e+06 0
1.13088e+06 64
1.13112e+06 0
1.13131e+06 0
1.13136e+06 0
1.13141e+06 0
1.13155e+06 0
1.13164e+06 0
1.13174e+06 0
1.13179e+06 0
1.13188e+06 0
1.13193e+06 0
1.13202e+06 0
1.13207e+06 0
1.13222e+06 0
1.13226e+06 0
1.13231e+06 0
1.13241e+06 0
1.13245e+06 0
1.13255e+06 0
1.1326e+06 0
1.13269e+06 0
1.13279e+06 0
1.13293e+06 0
1.13307e+06 0
1.13326e+06 0
1.13341e+06 0
1.14161e+06 64
1.1417e+06 64
1.14194e+06 0
1.14209e+06 0
1.14232e+06 64
1.14256e+06 0
1.14275e+06 0
1.1428e+06 0
1.14285e+06 0
1.14299e+06 0
1.14309e+06 0
1.14318e+06 0
1.14323e+06 0
1.14332e+06 0
1.14337e+06 0
1.14347e+06 0
1.14352e+06 0
1.14366e+06 0
1.14371e+06 0
1.14375e+06 0
1.14385e+06 0
1.1439e+06 0
1.14399e+06 0
1.14404e+06 0
1.14414e+06 0
1.14423e+06 0
1.14437e+06 0
1.14452e+06 0
1.14471e+06 0
1.14485e+06 0
1.15305e+06 64
1.15315e+06 64
1.15339e+06 0
1.15353e+06 0
1.15377e+06 64
1.15401e+06 0
1.1542e+06 0
1.15425e+06 0
1.15429e+06 0
1.15444e+06 0
1.15453e+06 0
1.15463e+06 0
1.15467e+06 0
1.15477e+06 0
1.15482e+06 0
1.15491e+06 0
1.15496e+06 0
1.1551e+06 0
1.15515e+06 0
1.1552e+06 0
1.15529e+06 0
1.15534e+06 0
1.15544e+06 0
1.15549e+06 0
1.15558e+06 0
1.15568e+06 0
1.15582e+06 0
1.15596e+06 0
1.15615e+06 0
1.1563e+06 0
1.1645e+06 64
1.16459e+06 64
1.16483e+06 0
1.16497e+06 0
1.16521e+06 64
1.16545e+06 0
1.16564e+06 0
1.16569e+06 0
1.16574e+06 0
1.16588e+06 0
1.16598e+06 0
1.16607e+06 0
1.16612e+06 0
1.16621e+06 0
1.16626e+06 0
1.16636e+06 0
1.1664e+06 0
1.16655e+06 0
1.16659e+06 0
1.16664e+06 0
1.16674e+06 0
1.16679e+06 0
1.16688e+06 0
1.16693e+06 0
1.16702e+06 0
1.16712e+06 0
1.16726e+06 0
1.1674e+06 0
1.1676e+06 0
1.16774e+06 0
1.17589e+06 64
1.17599e+06 64
1.17623e+06 0
1.17637e+06 0
1.17661e+06 64
1.17685e+06 0
1.17704e+06 0
1.17709e+06 0
1.17713e+06 0
1.17728e+06 0
1.17737e+06 0
1.17747e+06 0
1.17752e+06 0
1.17761e+06 0
1.17766e+06 0
1.17775e+06 0
1.1778e+06 0
1.17794e+06 0
1.17799e+06 0
1.17804e+06 0
1.17814e+06 0
1.17818e+06 0
1.17828e+06 0
1.17833e+06 0
1.17842e+06 0
1.17852e+06 0
1.17866e+06 0
1.1788e+06 0
1.17899e+06 0
1.17914e+06 0
1.18719e+06 64
1.18729e+06 64
1.18753e+06 0
1.18767e+06 0
1.18791e+06 64
1.18815e+06 0
1.18834e+06 0
1.18839e+06 0
1.18843e+06 0
1.18858e+06 0
1.18867e+06 0
1.18877e+06 0
1.18882e+06 0
1.18891e+06 0
1.18896e+06 0
1.18905e+06 0
1.1891e+06 0
1.18924e+06 0
1.18929e+06 0
1.18934e+06 0
1.18943e+06 0
1.18948e+06 0
1.18958e+06 0
1.18963e+06 0
1.18972e+06 0
1.18982e+06 0
1.18996e+06 0
1.1901e+06 0
1.19029e+06 0
1.19044e+06 0
1.19864e+06 64
1.19873e+06 64
1.19897e+06 0
1.19912e+06 0
1.19935e+06 64
1.19959e+06 0
1.19978e+06 0
1.19983e+06 0
1.19988e+06 0
1.20002e+06 0
1.20012e+06 0
1.20021e+06 0
1.20026e+06 0
1.20036e+06 0
1.2004e+06 0
1.2005e+06 0
1.20055e+06 0
1.20069e+06 0
1.20074e+06 0
1.20078e+06 0
1.20088e+06 0
1.20093e+06 0
1.20102e+06 0
1.20107e+06 0
1.20117e+06 0
1.20126e+06 0
1.2014e+06 0
1.20155e+06 0
1.20174e+06 0
1.20188e+06 0
1.21008e+06 64
1.21018e+06 64
1.21042e+06 0
1.21056e+06 0
1.2108e+06 64
1.21104e+06 0
1.21123e+06 0
1.21128e+06 0
1.21132e+06 0
1.21146e+06 0
1.21156e+06 0
1.21166e+06 0
1.2117e+06 0
1.2118e+06 0
1.21185e+06 0
1.21194e+06 0
1.21199e+06 0
1.21213e+06 0
1.21218e+06 0
1.21223e+06 0
1.21232e+06 0
1.21237e+06 0
1.21247e+06 0
1.21251e+06 0
1.21261e+06 0
1.2127e+06 0
1.21285e+06 0
1.21299e+06 0
1.21318e+06 0
1.21332e+06 0
1.22148e+06 64
1.22157e+06 64
1.22181e+06 0
1.22196e+06 0
1.22219e+06 64
1.22243e+06 0
1.22262e+06 0
1.22267e+06 0
1.22272e+06 0
1.22286e+06 0
1.22296e+06 0
1.22305e+06 0
1.2231e+06 0
1.2232e+06 0
1.22324e+06 0
1.22334e+06 0
1.22339e+06 0
1.22353e+06 0
1.22358e+06 0
1.22363e+06 0
1.22372e+06 0
1.22377e+06 0
1.22386e+06 0
1.22391e+06 0
1.22401e+06 0
1.2241e+06 0
1.22425e+06 0
1.22439e+06 0
1.22458e+06 0
1.22472e+06 0
1.23288e+06 64
1.23297e+06 64
1.23321e+06 0
1.23335e+06 0
1.23359e+06 64
1.23383e+06 0
1.23402e+06 0
1.23407e+06 0
1.23412e+06 0
1.23426e+06 0
1.23435e+06 0
1.23445e+06 0
1.2345e+06 0
1.23459e+06 0
1.23464e+06 0
1.23474e+06 0
1.23478e+06 0
1.23493e+06 0
1.23497e+06 0
1.23502e+06 0
1.23512e+06 0
1.23516e+06 0
1.23526e+06 0
1.23531e+06 0
1.2354e+06 0
1.2355e+06 0
1.23564e+06 0
1.23578e+06 0
1.23597e+06 0
1.23612e+06 0
1.24418e+06 64
1.24427e+06 64
1.24451e+06 0
1.24465e+06 0
1.24489e+06 64
1.24513e+06 0
1.24532e+06 0
1.24537e+06 0
1.24542e+06 0
1.24556e+06 0
1.24566e+06 0
1.24575e+06 0
1.2458e+06 0
1.24589e+06 0
1.24594e+06 0
1.24604e+06 0
1.24608e+06 0
1.24623e+06 0
1.24628e+06 0
1.24632e+06 0
1.24642e+06 0
1.24647e+06 0
1.24656e+06 0
1.24661e+06 0
1.2467e+06 0
1.2468e+06 0
1.24694e+06 0
1.24709e+06 0
1.24728e+06 0
1.24742e+06 0
1.25562e+06 64
1.25572e+06 64
1.25595e+06 0
1.2561e+06 0
1.25634e+06 64
1.25657e+06 0
1.25677e+06 0
1.25681e+06 0
1.25686e+06 0
1.257e+06 0
1.2571e+06 0
1.25719e+06 0
1.25724e+06 0
1.25734e+06 0
1.25738e+06 0
1.25748e+06 0
1.25753e+06 0
1.25767e+06 0
1.25772e+06 0
1.25777e+06 0
1.25786e+06 0
1.25791e+06 0
1.258e+06 0
1.25805e+06 0
1.25815e+06 0
1.25824e+06 0
1.25838e+06 0
1.25853e+06 0
1.25872e+06 0
1.25886e+06 0
1.26706e+06 64
1.26716e+06 64
1.2674e+06 0
1.26754e+06 0
1.26778e+06 64
1.26802e+06 0
1.26821e+06 0
1.26826e+06 0
1.26831e+06 0
1.26845e+06 0
1.26854e+06 0
1.26864e+06 0
1.26869e+06 0
1.26878e+06 0
1.26883e+06 0
1.26892e+06 0
1.26897e+06 0
1.26912e+06 0
1.26916e+06 0
1.26921e+06 0
1.26931e+06 0
1.26935e+06 0
1.26945e+06 0
1.2695e+06 0
1.26959e+06 0
1.26969e+06 0
1.26983e+06 0
1.26997e+06 0
1.27016e+06 0
1.27031e+06 0
1.27851e+06 64
1.2786e+06 64
1.27884e+06 0
1.27899e+06 0
1.27922e+06 64
1.27946e+06 0
1.27965e+06 0
1.2797e+06 0
1.27975e+06 0
1.27989e+06 0
1.27999e+06 0
1.28008e+06 0
1.28013e+06 0
1.28022e+06 0
1.28027e+06 0
1.28037e+06 0
1.28042e+06 0
1.28056e+06 0
1.28061e+06 0
1.28065e+06 0
1.28075e+06 0
1.2808e+06 0
1.28089e+06 0
1.28094e+06 0
1.28104e+06 0
1.28113e+06 0
1.28127e+06 0
1.28142e+06 0
1.28161e+06 0
1.28175e+06 0
1.28991e+06 64
1.29e+06 64
1.29024e+06 0
1.29038e+06 0
1.29062e+06 64
1.29086e+06 0
1.29105e+06 0
1.2911e+06 0
1.29115e+06 0
1.29129e+06 0
1.29138e+06 0
1.29148e+06 0
1.29153e+06 0
1.29162e+06 0
1.29167e+06 0
1.29177e+06 0
1.29181e+06 0
1.29196e+06 0
1.292e+06 0
1.29205e+06 0
1.29215e+06 0
1.29219e+06 0
1.29229e+06 0
1.29234e+06 0
1.29243e+06 0
1.29253e+06 0
1.29267e+06 0
1.29281e+06 0
1.29301e+06 0
1.29315e+06 0
1.30125e+06 64
1.30135e+06 64
1.30159e+06 0
1.30173e+06 0
1.30197e+06 64
1.30221e+06 0
1.3024e+06 0
1.30245e+06 0
1.30249e+06 0
1.30264e+06 0
1.30273e+06 0
1.30283e+06 0
1.30288e+06 0
1.30297e+06 0
1.30302e+06 0
1.30311e+06 0
1.30316e+06 0
1.3033e+06 0
1.30335e+06 0
1.3034e+06 0
1.30349e+06 0
1.30354e+06 0
1.30364e+06 0
1.30369e+06 0
1.30378e+06 0
1.30388e+06 0
1.30402e+06 0
1.30416e+06 0
1.30435e+06 0
1.30449e+06 0
1.3127e+06 64
1.31279e+06 64
1.31303e+06 0
1.31318e+06 0
1.31341e+06 64
1.31384e+06 0
1.31389e+06 0
1.31394e+06 0
1.31408e+06 0
1.31418e+06 0
1.31427e+06 0
1.31432e+06 0
1.31442e+06 0
1.31446e+06 0
1.31456e+06 0
1.31461e+06 0
1.31475e+06 0
1.3148e+06 0
1.31484e+06 0
1.31494e+06 0
1.31499e+06 0
1.31508e+06 0
1.31513e+06 0
1.31523e+06 0
1.31532e+06 0
1.31546e+06 0
1.31561e+06 0
1.3158e+06 0
1.31594e+06 0
1.32405e+06 0
1.32414e+06 0
1.32438e+06 64
1.32452e+06 0
1.32457e+06 64
1.32476e+06 0
1.32514e+06 0
1.32519e+06 0
1.32524e+06 0
1.32538e+06 0
1.32548e+06 0
1.32557e+06 0
1.32562e+06 0
1.32572e+06 0
1.32576e+06 0
1.32586e+06 0
1.32591e+06 0
1.32605e+06 0
1.3261e+06 0
1.32615e+06 0
1.32624e+06 0
1.32629e+06 0
1.32638e+06 0
1.32643e+06 0
1.32653e+06 0
1.32662e+06 0
1.32676e+06 0
1.32691e+06 0
1.3271e+06 0
1.32724e+06 0
1.33516e+06 0
1.33525e+06 0
1.33549e+06 0
1.33563e+06 0
1.33573e+06 0
1.33592e+06 64
1.33635e+06 0
1.3364e+06 0
1.33645e+06 0
1.33659e+06 0
1.33668e+06 0
1.33678e+06 0
1.33683e+06 0
1.33692e+06 0
1.33697e+06 0
1.33706e+06 0
1.33711e+06 0
1.33726e+06 0
1.3373e+06 0
1.33735e+06 0
1.33745e+06 0
1.33749e+06 0
1.33759e+06 0
1.33764e+06 0
1.33773e+06 0
1.33783e+06 0
1.33797e+06 0
1.33811e+06 0
1.3383e+06 0
1.33845e+06 0
1.3466e+06 0
1.3467e+06 0
1.34694e+06 0
1.34708e+06 0
1.34717e+06 0
1.34736e+06 64
1.34779e+06 0
1.34784e+06 0
1.34789e+06 0
1.34803e+06 0
1.34813e+06 0
1.34822e+06 0
1.34827e+06 0
1.34837e+06 0
1.34841e+06 0
1.34851e+06 0
1.34856e+06 0
1.3487e+06 0
1.34875e+06 0
1.3488e+06 0
1.34889e+06 0
1.34894e+06 0
1.34903e+06 0
1.34908e+06 0
1.34918e+06 0
1.34927e+06 0
1.34942e+06 0
1.34956e+06 0
1.34975e+06 0
1.34989e+06 0
1.35805e+06 0
1.35814e+06 0
1.35838e+06 0
1.35852e+06 0
1.35862e+06 0
1.35881e+06 64
1.35924e+06 0
1.35929e+06 0
1.35933e+06 0
1.35948e+06 0
1.35957e+06 0
1.35967e+06 0
1.35971e+06 0
1.35981e+06 0
1.35986e+06 0
1.35995e+06 0
1.36e+06 0
1.36014e+06 0
1.36019e+06 0
1.36024e+06 0
1.36033e+06 0
1.36038e+06 0
1.36048e+06 0
1.36052e+06 0
1.36062e+06 0
1.36071e+06 0
1.36086e+06 0
1.361e+06 0
1.36119e+06 0
1.36133e+06 0
1.36949e+06 0
1.36958e+06 0
1.36982e+06 0
1.36997e+06 0
1.37006e+06 0
1.37025e+06 64
1.37068e+06 0
1.37073e+06 0
1.37078e+06 0
1.37092e+06 0
1.37102e+06 0
1.37111e+06 0
1.37116e+06 0
1.37125e+06 0
1.3713e+06 0
1.3714e+06 0
1.37144e+06 0
1.37159e+06 0
1.37164e+06 0
1.37168e+06 0
1.37178e+06 0
1.37183e+06 0
1.37192e+06 0
1.37197e+06 0
1.37206e+06 0
1.37216e+06 0
1.3723e+06 0
1.37245e+06 0
1.37264e+06 0
1.37278e+06 0
1.38093e+06 0
1.38103e+06 0
1.38127e+06 0
1.38141e+06 0
1.38151e+06 0
1.3817e+06 64
1.38213e+06 0
1.38217e+06 0
1.38222e+06 0
1.38236e+06 0
1.38246e+06 0
1.38255e+06 0
1.3826e+06 0
1.3827e+06 0
1.38274e+06 0
1.38284e+06 0
1.38289e+06 0
1.38303e+06 0
1.38308e+06 0
1.38313e+06 0
1.38322e+06 0
1.38327e+06 0
1.38336e+06 0
1.38341e+06 0
1.38351e+06 0
1.3836e+06 0
1.38375e+06 0
1.38389e+06 0
1.38408e+06 0
1.38422e+06 0
1.39223e+06 0
1.39233e+06 0
1.39257e+06 0
1.39271e+06 0
1.39281e+06 0
1.393e+06 64
1.39343e+06 0
1.39347e+06 0
1.39352e+06 0
1.39367e+06 0
1.39376e+06 0
1.39386e+06 0
1.3939e+06 0
1.394e+06 0
1.39405e+06 0
1.39414e+06 0
1.39419e+06 0
1.39433e+06 0
1.39438e+06 0
1.39443e+06 0
1.39452e+06 0
1.39457e+06 0
1.39467e+06 0
1.39471e+06 0
1.39481e+06 0
1.39491e+06 0
1.39505e+06 0
1.39519e+06 0
1.39538e+06 0
1.39553e+06 0
1.40358e+06 0
1.40368e+06 0
1.40392e+06 0
1.40406e+06 0
1.40416e+06 0
1.40435e+06 64
1.40477e+06 0
1.40482e+06 0
1.40487e+06 0
1.40501e+06 0
1.40511e+06 0
1.4052e+06 0
1.40525e+06 0
1.40535e+06 0
1.4054e+06 0
1.40549e+06 0
1.40554e+06 0
1.40568e+06 0
1.40573e+06 0
1.40578e+06 0
1.40587e+06 0
1.40592e+06 0
1.40601e+06 0
1.40606e+06 0
1.40616e+06 0
1.40625e+06 0
1.4064e+06 0
1.40654e+06 0
1.40673e+06 0
1.40687e+06 0
1.41503e+06 0
1.41512e+06 0
1.41536e+06 0
1.4155e+06 0
1.4156e+06 0
1.41579e+06 64
1.41622e+06 0
1.41627e+06 0
1.41632e+06 0
1.41646e+06 0
1.41655e+06 0
1.41665e+06 0
1.4167e+06 0
1.41679e+06 0
1.41684e+06 0
1.41694e+06 0
1.41698e+06 0
1.41713e+06 0
1.41717e+06 0
1.41722e+06 0
1.41732e+06 0
1.41736e+06 0
1.41746e+06 0
1.41751e+06 0
1.4176e+06 0
1.4177e+06 0
1.41784e+06 0
1.41798e+06 0
1.41817e+06 0
1.41832e+06 0
1.42647e+06 0
1.42657e+06 0
1.42681e+06 0
1.42695e+06 0
1.42704e+06 0
1.42723e+06 64
1.42766e+06 0
1.42771e+06 0
1.42776e+06 0
1.4279e+06 0
1.428e+06 0
1.42809e+06 0
1.42814e+06 0
1.42824e+06 0
1.42828e+06 0
1.42838e+06 0
1.42843e+06 0
1.42857e+06 0
1.42862e+06 0
1.42866e+06 0
1.42876e+06 0
1.42881e+06 0
1.4289e+06 0
1.42895e+06 0
1.42904e+06 0
1.42914e+06 0
1.42928e+06 0
1.42943e+06 0
1.42962e+06 0
1.42976e+06 0
1.43792e+06 0
1.43801e+06 0
1.43825e+06 0
1.43839e+06 0
1.43849e+06 0
1.43868e+06 64
1.43911e+06 0
1.43916e+06 0
1.4392e+06 0
1.43935e+06 0
1.43944e+06 0
1.43954e+06 0
1.43958e+06 0
1.43968e+06 0
1.43973e+06 0
1.43982e+06 0
1.43987e+06 0
1.44001e+06 0
1.44006e+06 0
1.44011e+06 0
1.4402e+06 0
1.44025e+06 0
1.44035e+06 0
1.4404e+06 0
1.44049e+06 0
1.44059e+06 0
1.44073e+06 0
1.44087e+06 0
1.44106e+06 0
1.44121e+06 0
1.44936e+06 0
1.44945e+06 0
1.44969e+06 0
1.44984e+06 0
1.44993e+06 0
1.45012e+06 64
1.45055e+06 0
1.4506e+06 0
1.45065e+06 0
1.45079e+06 0
1.45089e+06 0
1.45098e+06 0
1.45103e+06 0
1.45112e+06 0
1.45117e+06 0
1.45127e+06 0
1.45131e+06 0
1.45146e+06 0
1.4515e+06 0
1.45155e+06 0
1.45165e+06 0
1.4517e+06 0
1.45179e+06 0
1.45184e+06 0
1.45193e+06 0
1.45203e+06 0
1.45217e+06 0
1.45231e+06 0
1.4525e+06 0
1.45265e+06 0
1.46061e+06 0
1.46071e+06 0
1.46095e+06 0
1.46109e+06 0
1.46119e+06 0
1.46138e+06 64
1.46181e+06 0
1.46185e+06 0
1.4619e+06 0
1.46204e+06 0
1.46214e+06 0
1.46223e+06 0
1.46228e+06 0
1.46238e+06 0
1.46243e+06 0
1.46252e+06 0
1.46257e+06 0
1.46271e+06 0
1.46276e+06 0
1.46281e+06 0
1.4629e+06 0
1.46295e+06 0
1.46305e+06 0
1.46309e+06 0
1.46319e+06 0
1.46328e+06 0
1.46343e+06 0
1.46357e+06 0
1.46376e+06 0
1.4639e+06 0
1.47206e+06 0
1.47215e+06 0
1.47239e+06 0
1.47253e+06 0
1.47263e+06 0
1.47282e+06 64
1.47325e+06 0
1.4733e+06 0
1.47334e+06 0
1.47349e+06 0
1.47358e+06 0
1.47368e+06 0
1.47373e+06 0
1.47382e+06 0
1.47387e+06 0
1.47396e+06 0
1.47401e+06 0
1.47415e+06 0
1.4742e+06 0
1.47425e+06 0
1.47435e+06 0
1.47439e+06 0
1.47449e+06 0
1.47454e+06 0
1.47463e+06 0
1.47472e+06 0
1.47487e+06 0
1.47501e+06 0
1.4752e+06 0
1.47535e+06 0
1.4835e+06 0
1.4836e+06 0
1.48384e+06 0
1.48398e+06 0
1.48407e+06 0
1.48426e+06 64
1.48469e+06 0
1.48474e+06 0
1.48479e+06 0
1.48493e+06 0
1.48503e+06 0
1.48512e+06 0
1.48517e+06 0
1.48527e+06 0
1.48531e+06 0
1.48541e+06 0
1.48546e+06 0
1.4856e+06 0
1.48565e+06 0
1.4857e+06 0
1.48579e+06 0
1.48584e+06 0
1.48593e+06 0
1.48598e+06 0
1.48608e+06 0
1.48617e+06 0
1.48631e+06 0
1.48646e+06 0
1.48665e+06 0
1.48679e+06 0
1.4949e+06 0
1.49499e+06 0
1.49523e+06 0
1.49537e+06 0
1.49547e+06 0
1.49566e+06 64
1.49609e+06 0
1.49614e+06 0
1.49619e+06 0
1.49633e+06 0
1.49642e+06 0
1.49652e+06 0
1.49657e+06 0
1.49666e+06 0
1.49671e+06 0
1.49681e+06 0
1.49685e+06 0
1.497e+06 0
1.49704e+06 0
1.49709e+06 0
1.49718e+06 0
1.49723e+06 0
1.49733e+06 0
1.49738e+06 0
1.49747e+06 0
1.49757e+06 0
1.49771e+06 0
1.49785e+06 0
1.49804e+06 0
1.49819e+06 0
1.50625e+06 0
1.50634e+06 0
1.50658e+06 0
1.50672e+06 0
1.50682e+06 0
1.50701e+06 64
1.50744e+06 0
1.50749e+06 0
1.50753e+06 0
1.50768e+06 0
1.50777e+06 0
1.50787e+06 0
1.50792e+06 0
1.50801e+06 0
1.50806e+06 0
1.50815e+06 0
1.5082e+06 0
1.50834e+06 0
1.50839e+06 0
1.50844e+06 0
1.50854e+06 0
1.50858e+06 0
1.50868e+06 0
1.50873e+06 0
1.50882e+06 0
1.50892e+06 0
1.50906e+06 0
1.5092e+06 0
1.50939e+06 0
1.50954e+06 0
1.5176e+06 0
1.51769e+06 0
1.51793e+06 0
1.51807e+06 0
1.51817e+06 0
1.51836e+06 64
1.51879e+06 0
1.51884e+06 0
1.51888e+06 0
1.51903e+06 0
1.51912e+06 0
1.51922e+06 0
1.51926e+06 0
1.51936e+06 0
1.51941e+06 0
1.5195e+06 0
1.51955e+06 0
1.51969e+06 0
1.51974e+06 0
1.51979e+06 0
1.51988e+06 0
1.51993e+06 0
1.52003e+06 0
1.52007e+06 0
1.52017e+06 0
1.52026e+06 0
1.52041e+06 0
1.52055e+06 0
1.52074e+06 0
1.52088e+06 0
1.52904e+06 0
1.52913e+06 0
1.52937e+06 0
1.52952e+06 0
1.52961e+06 0
1.53023e+06 0
1.53028e+06 0
1.53033e+06 0
1.53047e+06 0
1.53057e+06 0
1.53066e+06 0
1.53071e+06 0
1.5308e+06 0
1.53085e+06 0
1.53095e+06 0
1.53099e+06 0
1.53114e+06 0
1.53119e+06 0
1.53123e+06 0
1.53133e+06 0
1.53138e+06 0
1.53147e+06 0
1.53152e+06 0
1.53161e+06 0
1.53171e+06 0
1.53185e+06 0
1.532e+06 0
1.53219e+06 0
1.53233e+06 0
1.54029e+06 64
1.54034e+06 0
1.54039e+06 64
1.54063e+06 0
1.54077e+06 0
1.54087e+06 64
1.54144e+06 0
1.54148e+06 0
1.54153e+06 0
1.54168e+06 0
1.54177e+06 0
1.54187e+06 0
1.54191e+06 0
1.54201e+06 0
1.54206e+06 0
1.54215e+06 0
1.5422e+06 0
1.54234e+06 0
1.54239e+06 0
1.54244e+06 0
1.54253e+06 0
1.54258e+06 0
1.54268e+06 0
1.54272e+06 0
1.54282e+06 0
1.54291e+06 0
1.54306e+06 0
1.5432e+06 0
1.54339e+06 0
1.54353e+06 0
1.55164e+06 0
1.55174e+06 0
1.55178e+06 64
1.55202e+06 0
1.55217e+06 0
1.55226e+06 64
1.55283e+06 0
1.55288e+06 0
1.55293e+06 0
1.55307e+06 0
1.55317e+06 0
1.55326e+06 0
1.55331e+06 0
1.55341e+06 0
1.55345e+06 0
1.55355e+06 0
1.5536e+06 0
1.55374e+06 0
1.55379e+06 0
1.55384e+06 0
1.55393e+06 0
1.55398e+06 0
1.55407e+06 0
1.55412e+06 0
1.55422e+06 0
1.55431e+06 0
1.55446e+06 0
1.5546e+06 0
1.55479e+06 0
1.55493e+06 0
1.56309e+06 0
1.56318e+06 0
1.56323e+06 64
1.56347e+06 0
1.56361e+06 0
1.56371e+06 64
1.56428e+06 0
1.56433e+06 0
1.56437e+06 0
1.56452e+06 0
1.56461e+06 0
1.56471e+06 0
1.56475e+06 0
1.56485e+06 0
1.5649e+06 0
1.56499e+06 0
1.56504e+06 0
1.56518e+06 0
1.56523e+06 0
1.56528e+06 0
1.56537e+06 0
1.56542e+06 0
1.56552e+06 0
1.56556e+06 0
1.56566e+06 0
1.56575e+06 0
1.5659e+06 0
1.56604e+06 0
1.56623e+06 0
1.56637e+06 0
1.57453e+06 0
1.57462e+06 0
1.57467e+06 64
1.57491e+06 0
1.57505e+06 0
1.57515e+06 64
1.57572e+06 0
1.57577e+06 0
1.57582e+06 0
1.57596e+06 0
1.57606e+06 0
1.57615e+06 0
1.5762e+06 0
1.57629e+06 0
1.57634e+06 0
1.57644e+06 0
1.57648e+06 0
1.57663e+06 0
1.57668e+06 0
1.57672e+06 0
1.57682e+06 0
1.57687e+06 0
1.57696e+06 0
1.57701e+06 0
1.5771e+06 0
1.5772e+06 0
1.57734e+06 0
1.57749e+06 0
1.57768e+06 0
1.57782e+06 0
1.58597e+06 0
1.58607e+06 0
1.58612e+06 64
1.58636e+06 0
1.5865e+06 0
1.58659e+06 64
1.58717e+06 0
1.58721e+06 0
1.58726e+06 0
1.5874e+06 0
1.5875e+06 0
1.58759e+06 0
1.58764e+06 0
1.58774e+06 0
1.58778e+06 0
1.58788e+06 0
1.58793e+06 0
1.58807e+06 0
1.58812e+06 0
1.58817e+06 0
1.58826e+06 0
1.58831e+06 0
1.5884e+06 0
1.58845e+06 0
1.58855e+06 0
1.58864e+06 0
1.58879e+06 0
1.58893e+06 0
1.58912e+06 0
1.58926e+06 0
1.59742e+06 64
1.59751e+06 64
1.59756e+06 0
1.5978e+06 64
1.59804e+06 0
1.59861e+06 0
1.59866e+06 0
1.59871e+06 0
1.59885e+06 0
1.5989e+06 0
1.59899e+06 0
1.59904e+06 0
1.59913e+06 0
1.59918e+06 0
1.59928e+06 0
1.59933e+06 0
1.59947e+06 0
1.59952e+06 0
1.59956e+06 0
1.59966e+06 0
1.59971e+06 0
1.5998e+06 0
1.59985e+06 0
1.59995e+06 0
1.60004e+06 0
1.60018e+06 0
1.60033e+06 0
1.60052e+06 0
1.60066e+06 0
1.60858e+06 0
1.60867e+06 0
1.60872e+06 0
1.60896e+06 0
1.60915e+06 0
1.60972e+06 0
1.60977e+06 0
1.60982e+06 0
1.60986e+06 0
1.60996e+06 0
1.61001e+06 0
1.6101e+06 0
1.61015e+06 0
1.61024e+06 0
1.61029e+06 0
1.61039e+06 0
1.61043e+06 0
1.61058e+06 0
1.61063e+06 0
1.61067e+06 0
1.61077e+06 0
1.61082e+06 0
1.61091e+06 0
1.61096e+06 0
1.61105e+06 0
1.61115e+06 0
1.61129e+06 0
1.61143e+06 0
1.61163e+06 0
1.61177e+06 0
1.61992e+06 0
1.62002e+06 0
1.62007e+06 64
1.62031e+06 0
1.6205e+06 0
1.62107e+06 0
1.62112e+06 0
1.62116e+06 0
1.62121e+06 0
1.62136e+06 0
1.62145e+06 0
1.62155e+06 0
1.62159e+06 0
1.62169e+06 0
1.62174e+06 0
1.62183e+06 0
1.62188e+06 0
1.62202e+06 0
1.62207e+06 0
1.62212e+06 0
1.62221e+06 0
1.62226e+06 0
1.62236e+06 0
1.6224e+06 0
1.6225e+06 0
1.6226e+06 0
1.62274e+06 0
1.62288e+06 0
1.62307e+06 0
1.62321e+06 0
1.63137e+06 0
1.63146e+06 0
1.63151e+06 64
1.63175e+06 0
1.63194e+06 0
1.63251e+06 0
1.63256e+06 0
1.63261e+06 0
1.63266e+06 0
1.6328e+06 0
1.63289e+06 0
1.63299e+06 0
1.63304e+06 0
1.63313e+06 0
1.63318e+06 0
1.63328e+06 0
1.63332e+06 0
1.63347e+06 0
1.63351e+06 0
1.63356e+06 0
1.63366e+06 0
1.6337e+06 0
1.6338e+06 0
1.63385e+06 0
1.63394e+06 0
1.63404e+06 0
1.63418e+06 0
1.63432e+06 0
1.63451e+06 0
1.63466e+06 0
1.64281e+06 0
1.64291e+06 0
1.64296e+06 64
1.64319e+06 0
1.64339e+06 0
1.64396e+06 0
1.64401e+06 0
1.64405e+06 0
1.6441e+06 0
1.64424e+06 0
1.64434e+06 0
1.64443e+06 0
1.64448e+06 0
1.64458e+06 0
1.64462e+06 0
1.64472e+06 0
1.64477e+06 0
1.64491e+06 0
1.64496e+06 0
1.64501e+06 0
1.6451e+06 0
1.64515e+06 0
1.64524e+06 0
1.64529e+06 0
1.64539e+06 0
1.64548e+06 0
1.64563e+06 0
1.64577e+06 0
1.64596e+06 0
1.6461e+06 0
1.65426e+06 0
1.65435e+06 0
1.6544e+06 64
1.65483e+06 0
1.6554e+06 0
1.65545e+06 0
1.6555e+06 0
1.65554e+06 0
1.65569e+06 0
1.65578e+06 0
1.65588e+06 0
1.65593e+06 0
1.65602e+06 0
1.65607e+06 0
1.65616e+06 0
1.65621e+06 0
1.65635e+06 0
1.6564e+06 0
1.65645e+06 0
1.65654e+06 0
1.65659e+06 0
1.65669e+06 0
1.65674e+06 0
1.65683e+06 0
1.65692e+06 0
1.65707e+06 0
1.65721e+06 0
1.6574e+06 0
1.65755e+06 0
1.6657e+06 0
1.6658e+06 0
1.66584e+06 0
1.66623e+06 64
1.6668e+06 0
1.66685e+06 0
1.66689e+06 0
1.66694e+06 0
1.66708e+06 0
1.66713e+06 0
1.66723e+06 0
1.66727e+06 0
1.66737e+06 0
1.66742e+06 0
1.66751e+06 0
1.66756e+06 0
1.6677e+06 0
1.66775e+06 0
1.6678e+06 0
1.66789e+06 0
1.66794e+06 0
1.66804e+06 0
1.66809e+06 0
1.66818e+06 0
1.66828e+06 0
1.66842e+06 0
1.66856e+06 0
1.66875e+06 0
1.6689e+06 0
1.677e+06 0
1.6771e+06 0
1.67715e+06 0
1.67719e+06 64
1.67753e+06 64
1.6781e+06 0
1.67815e+06 0
1.67819e+06 0
1.67824e+06 0
1.67838e+06 0
1.67843e+06 0
1.67853e+06 0
1.67858e+06 0
1.67867e+06 0
1.67872e+06 0
1.67881e+06 0
1.67886e+06 0
1.679e+06 0
1.67905e+06 0
1.6791e+06 0
1.67919e+06 0
1.67924e+06 0
1.67934e+06 0
1.67939e+06 0
1.67948e+06 0
1.67958e+06 0
1.67972e+06 0
1.67986e+06 0
1.68005e+06 0
1.68019e+06 0
1.68835e+06 0
1.68845e+06 0
1.68849e+06 64
1.68859e+06 0
1.68892e+06 0
1.6895e+06 0
1.68959e+06 0
1.68964e+06 0
1.68969e+06 0
1.68983e+06 0
1.68988e+06 0
1.68997e+06 0
1.69002e+06 0
1.69012e+06 0
1.69016e+06 0
1.69026e+06 0
1.69031e+06 0
1.69045e+06 0
1.6905e+06 0
1.69054e+06 0
1.69064e+06 0
1.69069e+06 0
1.69078e+06 0
1.69083e+06 0
1.69093e+06 0
1.69102e+06 0
1.69116e+06 0
1.69131e+06 0
1.6915e+06 0
1.69164e+06 0
1.69979e+06 0
1.69989e+06 0
1.69994e+06 64
1.70003e+06 0
1.70037e+06 0
1.70094e+06 0
1.70103e+06 0
1.70108e+06 0
1.70113e+06 0
1.70127e+06 0
1.70132e+06 0
1.70142e+06 0
1.70146e+06 0
1.70156e+06 0
1.70161e+06 0
1.7017e+06 0
1.70175e+06 0
1.70189e+06 0
1.70194e+06 0
1.70199e+06 0
1.70208e+06 0
1.70213e+06 0
1.70223e+06 0
1.70227e+06 0
1.70237e+06 0
1.70246e+06 0
1.70261e+06 0
1.70275e+06 0
1.70294e+06 0
1.70308e+06 0
1.71124e+06 0
1.71133e+06 0
1.71138e+06 64
1.71148e+06 0
1.71181e+06 0
1.71238e+06 0
1.71248e+06 0
1.71253e+06 0
1.71257e+06 0
1.71272e+06 0
1.71276e+06 0
1.71286e+06 0
1.71291e+06 0
1.713e+06 0
1.71305e+06 0
1.71315e+06 0
1.71319e+06 0
1.71334e+06 0
1.71338e+06 0
1.71343e+06 0
1.71353e+06 0
1.71358e+06 0
1.71367e+06 0
1.71372e+06 0
1.71381e+06 0
1.71391e+06 0
1.71405e+06 0
1.7142e+06 0
1.71439e+06 0
1.71453e+06 0
1.72268e+06 0
1.72278e+06 0
1.72283e+06 64
1.72326e+06 0
1.72383e+06 0
1.72392e+06 0
1.72397e+06 0
1.72402e+06 0
1.72416e+06 0
1.72421e+06 0
1.7243e+06 0
1.72435e+06 0
1.72445e+06 0
1.72449e+06 0
1.72459e+06 0
1.72464e+06 0
1.72478e+06 0
1.72483e+06 0
1.72488e+06 0
1.72497e+06 0
1.72502e+06 0
1.72511e+06 0
1.72516e+06 0
1.72526e+06 0
1.72535e+06 0
1.7255e+06 0
1.72564e+06 0
1.72583e+06 0
1.72597e+06 0
1.73408e+06 0
1.73417e+06 0
1.73422e+06 0
1.7346e+06 64
1.73518e+06 0
1.73527e+06 0
1.73532e+06 0
1.73537e+06 0
1.73546e+06 0
1.73551e+06 0
1.73556e+06 0
1.73561e+06 0
1.73565e+06 0
1.73575e+06 0
1.7358e+06 0
1.73589e+06 0
1.73594e+06 0
1.73608e+06 0
1.73613e+06 0
1.73618e+06 0
1.73627e+06 0
1.73632e+06 0
1.73642e+06 0
1.73646e+06 0
1.73656e+06 0
1.73665e+06 0
1.7368e+06 0
1.73694e+06 0
1.73713e+06 0
1.73727e+06 0
1.74538e+06 64
1.74548e+06 64
1.74552e+06 0
1.74595e+06 0
1.74652e+06 0
1.74662e+06 0
1.74667e+06 0
1.74672e+06 0
1.74681e+06 0
1.74691e+06 0
1.74695e+06 0
1.74705e+06 0
1.7471e+06 0
1.74719e+06 0
1.74724e+06 0
1.74733e+06 0
1.74738e+06 0
1.74753e+06 0
1.74757e+06 0
1.74762e+06 0
1.74772e+06 0
1.74776e+06 0
1.74786e+06 0
1.74791e+06 0
1.748e+06 0
1.7481e+06 0
1.74824e+06 0
1.74838e+06 0
1.74857e+06 0
1.74872e+06 0
1.75682e+06 64
1.75692e+06 64
1.75697e+06 0
1.7574e+06 0
1.75797e+06 0
1.75806e+06 0
1.75811e+06 0
1.75816e+06 0
1.75826e+06 0
1.75835e+06 0
1.7584e+06 0
1.75849e+06 0
1.75854e+06 0
1.75864e+06 0
1.75868e+06 0
1.75878e+06 0
1.75883e+06 0
1.75897e+06 0
1.75902e+06 0
1.75907e+06 0
1.75916e+06 0
1.75921e+06 0
1.7593e+06 0
1.75935e+06 0
1.75945e+06 0
1.75954e+06 0
1.75969e+06 0
1.75983e+06 0
1.76002e+06 0
1.76016e+06 0
1.76827e+06 64
1.76836e+06 64
1.76841e+06 0
1.76884e+06 0
1.76941e+06 0
1.76951e+06 0
1.76956e+06 0
1.7696e+06 0
1.7697e+06 0
1.76979e+06 0
1.76984e+06 0
1.76994e+06 0
1.76999e+06 0
1.77008e+06 0
1.77013e+06 0
1.77022e+06 0
1.77027e+06 0
1.77041e+06 0
1.77046e+06 0
1.77051e+06 0
1.7706e+06 0
1.77065e+06 0
1.77075e+06 0
1.77079e+06 0
1.77089e+06 0
1.77098e+06 0
1.77113e+06 0
1.77127e+06 0
1.77146e+06 0
1.7716e+06 0
1.77971e+06 64
1.77981e+06 64
1.77986e+06 0
1.78029e+06 0
1.78086e+06 0
1.78095e+06 0
1.781e+06 0
1.78114e+06 0
1.78124e+06 0
1.78129e+06 0
1.78138e+06 0
1.78143e+06 0
1.78152e+06 0
1.78157e+06 0
1.78167e+06 0
1.78172e+06 0
1.78186e+06 0
1.78191e+06 0
1.78195e+06 0
1.78205e+06 0
1.7821e+06 0
1.78219e+06 0
1.78224e+06 0
1.78234e+06 0
1.78243e+06 0
1.78257e+06 0
1.78272e+06 0
1.78291e+06 0
1.78305e+06 0
1.79116e+06 0
1.79125e+06 0
1.7913e+06 0
1.79173e+06 0
1.79225e+06 0
1.79235e+06 0
1.7924e+06 0
1.79249e+06 0
1.79254e+06 0
1.79259e+06 0
1.79268e+06 0
1.79273e+06 0
1.79278e+06 0
1.79282e+06 0
1.79287e+06 0
1.79297e+06 0
1.79302e+06 0
1.79316e+06 0
1.79321e+06 0
1.79326e+06 0
1.79335e+06 0
1.7934e+06 0
1.79349e+06 0
1.79354e+06 0
1.79364e+06 0
1.79373e+06 0
1.79387e+06 0
1.79402e+06 0
1.79421e+06 0
1.79435e+06 0
1.80227e+06 0
1.80236e+06 0
1.80241e+06 64
1.80284e+06 0
1.80336e+06 0
1.80346e+06 0
1.80351e+06 0
1.8036e+06 0
1.80365e+06 0
1.8037e+06 0
1.80379e+06 0
1.80389e+06 0
1.80394e+06 0
1.80403e+06 0
1.80408e+06 0
1.80417e+06 0
1.80422e+06 0
1.80437e+06 0
1.80441e+06 0
1.80446e+06 0
1.80456e+06 0
1.8046e+06 0
1.8047e+06 0
1.80475e+06 0
1.80484e+06 0
1.80494e+06 0
1.80508e+06 0
1.80522e+06 0
1.80541e+06 0
1.80556e+06 0
1.81371e+06 0
1.81381e+06 0
1.81385e+06 64
1.81428e+06 0
1.81481e+06 0
1.8149e+06 0
1.81495e+06 0
1.81505e+06 0
1.81509e+06 0
1.81514e+06 0
1.81524e+06 0
1.81533e+06 0
1.81538e+06 0
1.81548e+06 0
1.81552e+06 0
1.81562e+06 0
1.81567e+06 0
1.81581e+06 0
1.81586e+06 0
1.8159e+06 0
1.816e+06 0
1.81605e+06 0
1.81614e+06 0
1.81619e+06 0
1.81629e+06 0
1.81638e+06 0
1.81652e+06 0
1.81667e+06 0
1.81686e+06 0
1.817e+06 0
1.82515e+06 0
1.82525e+06 0
1.8253e+06 64
1.82573e+06 0
1.82625e+06 0
1.82635e+06 0
1.8264e+06 0
1.82649e+06 0
1.82654e+06 0
1.82659e+06 0
1.82668e+06 0
1.82678e+06 0
1.82682e+06 0
1.82692e+06 0
1.82697e+06 0
1.82706e+06 0
1.82711e+06 0
1.82725e+06 0
1.8273e+06 0
1.82735e+06 0
1.82744e+06 0
1.82749e+06 0
1.82759e+06 0
1.82763e+06 0
1.82773e+06 0
1.82782e+06 0
1.82797e+06 0
1.82811e+06 0
1.8283e+06 0
1.82844e+06 0
1.8366e+06 0
1.83669e+06 0
1.83674e+06 64
1.83717e+06 0
1.8377e+06 0
1.83779e+06 0
1.83784e+06 0
1.83793e+06 0
1.83798e+06 0
1.83803e+06 0
1.83813e+06 0
1.83822e+06 0
1.83827e+06 0
1.83836e+06 0
1.83841e+06 0
1.83851e+06 0
1.83855e+06 0
1.8387e+06 0
1.83875e+06 0
1.83879e+06 0
1.83889e+06 0
1.83894e+06 0
1.83903e+06 0
1.83908e+06 0
1.83917e+06 0
1.83927e+06 0
1.83941e+06 0
1.83956e+06 0
1.83975e+06 0
1.83989e+06 0
1.848e+06 0
1.84809e+06 0
1.84814e+06 64
1.84857e+06 0
1.84909e+06 0
1.84919e+06 0
1.84924e+06 0
1.84933e+06 0
1.84938e+06 0
1.84943e+06 0
1.84952e+06 0
1.84962e+06 0
1.84966e+06 0
1.84976e+06 0
1.84981e+06 0
1.8499e+06 0
1.84995e+06 0
1.85009e+06 0
1.85014e+06 0
1.85019e+06 0
1.85028e+06 0
1.85033e+06 0
1.85043e+06 0
1.85047e+06 0
1.85057e+06 0
1.85067e+06 0
1.85081e+06 0
1.85095e+06 0
1.85114e+06 0
1.85128e+06 0
1.85934e+06 0
1.85944e+06 0
1.85949e+06 64
1.85992e+06 0
1.86044e+06 0
1.86054e+06 0
1.86058e+06 0
1.86068e+06 0
1.86073e+06 0
1.86078e+06 0
1.86087e+06 0
1.86097e+06 0
1.86101e+06 0
1.86111e+06 0
1.86116e+06 0
1.86125e+06 0
1.8613e+06 0
1.86144e+06 0
1.86149e+06 0
1.86154e+06 0
1.86163e+06 0
1.86168e+06 0
1.86178e+06 0
1.86182e+06 0
1.86192e+06 0
1.86201e+06 0
1.86216e+06 0
1.8623e+06 0
1.86249e+06 0
1.86263e+06 0
1.87069e+06 0
1.87079e+06 0
1.87084e+06 64
1.87127e+06 0
1.87179e+06 0
1.87188e+06 0
1.87193e+06 0
1.87203e+06 0
1.87208e+06 0
1.87212e+06 0
1.87222e+06 0
1.87231e+06 0
1.87236e+06 0
1.87246e+06 0
1.87251e+06 0
1.8726e+06 0
1.87265e+06 0
1.87279e+06 0
1.87284e+06 0
1.87289e+06 0
1.87298e+06 0
1.87303e+06 0
1.87312e+06 0
1.87317e+06 0
1.87327e+06 0
1.87336e+06 0
1.8735e+06 0
1.87365e+06 0
1.87384e+06 0
1.87398e+06 0
1.88214e+06 0
1.88223e+06 0
1.88228e+06 64
1.88271e+06 0
1.88323e+06 0
1.88333e+06 0
1.88338e+06 0
1.88347e+06 0
1.88352e+06 0
1.88357e+06 0
1.88366e+06 0
1.88376e+06 0
1.88381e+06 0
1.8839e+06 0
1.88395e+06 0
1.88404e+06 0
1.88409e+06 0
1.88424e+06 0
1.88428e+06 0
1.88433e+06 0
1.88443e+06 0
1.88447e+06 0
1.88457e+06 0
1.88462e+06 0
1.88471e+06 0
1.88481e+06 0
1.88495e+06 0
1.88509e+06 0
1.88528e+06 0
1.88543e+06 0
1.89353e+06 0
1.89363e+06 0
1.89368e+06 64
1.89411e+06 0
1.89463e+06 0
1.89473e+06 0
1.89477e+06 0
1.89492e+06 0
1.89496e+06 0
1.89506e+06 0
1.89515e+06 0
1.8952e+06 0
1.8953e+06 0
1.89535e+06 0
1.89544e+06 0
1.89549e+06 0
1.89563e+06 0
1.89568e+06 0
1.89573e+06 0
1.89582e+06 0
1.89587e+06 0
1.89596e+06 0
1.89601e+06 0
1.89611e+06 0
1.8962e+06 0
1.89635e+06 0
1.89649e+06 0
1.89668e+06 0
1.89682e+06 0
1.90493e+06 64
1.90503e+06 64
1.90507e+06 0
1.9055e+06 64
1.90603e+06 0
1.90612e+06 0
1.90617e+06 0
1.90627e+06 0
1.90631e+06 0
1.90641e+06 0
1.9065e+06 0
1.90655e+06 0
1.90665e+06 0
1.90669e+06 0
1.90679e+06 0
1.90684e+06 0
1.90698e+06 0
1.90703e+06 0
1.90708e+06 0
1.90717e+06 0
1.90722e+06 0
1.90731e+06 0
1.90736e+06 0
1.90746e+06 0
1.90755e+06 0
1.9077e+06 0
1.90784e+06 0
1.90803e+06 0
1.90817e+06 0
1.91628e+06 64
1.91637e+06 64
1.91642e+06 0
1.91647e+06 0
1.91685e+06 64
1.91738e+06 0
1.91747e+06 0
1.91752e+06 0
1.91761e+06 0
1.91766e+06 0
1.91776e+06 0
1.91785e+06 0
1.9179e+06 0
1.918e+06 0
1.91804e+06 0
1.91814e+06 0
1.91819e+06 0
1.91833e+06 0
1.91838e+06 0
1.91842e+06 0
1.91852e+06 0
1.91857e+06 0
1.91866e+06 0
1.91871e+06 0
1.91881e+06 0
1.9189e+06 0
1.91904e+06 0
1.91918e+06 0
1.91938e+06 0
1.91952e+06 0
1.92768e+06 0
1.92777e+06 0
1.92782e+06 64
1.92791e+06 0
1.9283e+06 64
1.92882e+06 0
1.92892e+06 0
1.92896e+06 0
1.92906e+06 0
1.92911e+06 0
1.9293e+06 0
1.92934e+06 0
1.92944e+06 0
1.92949e+06 0
1.92958e+06 0
1.92963e+06 0
1.92977e+06 0
1.92982e+06 0
1.92987e+06 0
1.92996e+06 0
1.93001e+06 0
1.93011e+06 0
1.93015e+06 0
1.93025e+06 0
1.93035e+06 0
1.93049e+06 0
1.93063e+06 0
1.93082e+06 0
1.93097e+06 0
1.93912e+06 64
1.93921e+06 0
1.93926e+06 64
1.93931e+06 0
1.93969e+06 0
1.94022e+06 0
1.94031e+06 0
1.94036e+06 0
1.94045e+06 0
1.9405e+06 0
1.94065e+06 0
1.94069e+06 0
1.94079e+06 0
1.94084e+06 0
1.94093e+06 0
1.94098e+06 0
1.94103e+06 0
1.94112e+06 0
1.94117e+06 0
1.94122e+06 0
1.94131e+06 0
1.94136e+06 0
1.94141e+06 0
1.94145e+06 0
1.94155e+06 0
1.94164e+06 0
1.94179e+06 0
1.94193e+06 0
1.94212e+06 0
1.94226e+06 0
1.95018e+06 64
1.95028e+06 64
1.95033e+06 0
1.95037e+06 0
1.95075e+06 64
1.95128e+06 0
1.95137e+06 0
1.95142e+06 0
1.95152e+06 0
1.95156e+06 0
1.95171e+06 0
1.95176e+06 0
1.95185e+06 0
1.9519e+06 0
1.95199e+06 0
1.95204e+06 0
1.95209e+06 0
1.95223e+06 0
1.95233e+06 0
1.95238e+06 0
1.95247e+06 0
1.95252e+06 0
1.95257e+06 0
1.95261e+06 0
1.95271e+06 0
1.9528e+06 0
1.95295e+06 0
1.95309e+06 0
1.95328e+06 0
1.95342e+06 0
1.96163e+06 64
1.96172e+06 64
1.96177e+06 0
1.96182e+06 0
1.9622e+06 64
1.96272e+06 0
1.96282e+06 0
1.96287e+06 0
1.96296e+06 0
1.96301e+06 0
1.96315e+06 0
1.9632e+06 0
1.9633e+06 0
1.96334e+06 0
1.96344e+06 0
1.96349e+06 0
1.96353e+06 0
1.96368e+06 0
1.96377e+06 0
1.96382e+06 0
1.96391e+06 0
1.96396e+06 0
1.96401e+06 0
1.96406e+06 0
1.96415e+06 0
1.96425e+06 0
1.96439e+06 0
1.96453e+06 0
1.96472e+06 0
1.96487e+06 0
1.97307e+06 64
1.97317e+06 64
1.97321e+06 0
1.97326e+06 0
1.97364e+06 64
1.97417e+06 0
1.97426e+06 0
1.97431e+06 0
1.97441e+06 0
1.97445e+06 0
1.9746e+06 0
1.97464e+06 0
1.97474e+06 0
1.97479e+06 0
1.97488e+06 0
1.97493e+06 0
1.97498e+06 0
1.97512e+06 0
1.97522e+06 0
1.97526e+06 0
1.97536e+06 0
1.97541e+06 0
1.97545e+06 0
1.9755e+06 0
1.9756e+06 0
1.97569e+06 0
1.97584e+06 0
1.97598e+06 0
1.97617e+06 0
1.97631e+06 0
1.98451e+06 64
1.98461e+06 64
1.98466e+06 0
1.98471e+06 0
1.98509e+06 64
1.98561e+06 0
1.98571e+06 0
1.98575e+06 0
1.98585e+06 0
1.9859e+06 0
1.98604e+06 0
1.98609e+06 0
1.98618e+06 0
1.98623e+06 0
1.98633e+06 0
1.98637e+06 0
1.98642e+06 0
1.98656e+06 0
1.98666e+06 0
1.98671e+06 0
1.9868e+06 0
1.98685e+06 0
1.9869e+06 0
1.98695e+06 0
1.98704e+06 0
1.98713e+06 0
1.98728e+06 0
1.98742e+06 0
1.98761e+06 0
1.98775e+06 0
1.99591e+06 64
1.99601e+06 64
1.99605e+06 0
1.9961e+06 0
1.99648e+06 64
1.99701e+06 0
1.9971e+06 0
1.99715e+06 0
1.99725e+06 0
1.99729e+06 0
1.99744e+06 0
1.99748e+06 0
1.99758e+06 0
1.99763e+06 0
1.99772e+06 0
1.99777e+06 0
1.99782e+06 0
1.99796e+06 0
1.99806e+06 0
1.9981e+06 0
1.9982e+06 0
1.99825e+06 0
1.9983e+06 0
1.99834e+06 0
1.99844e+06 0
1.99853e+06 0
1.99868e+06 0
1.99882e+06 0
1.99901e+06 0
1.99915e+06 0
2.00731e+06 64
2.0074e+06 64
2.00745e+06 0
2.0075e+06 0
2.00788e+06 64
2.0084e+06 0
2.0085e+06 0
2.00855e+06 0
2.00864e+06 0
2.00869e+06 0
2.00883e+06 0
2.00888e+06 0
2.00898e+06 0
2.00902e+06 0
2.00912e+06 0
2.00917e+06 0
2.00921e+06 0
2.00936e+06 0
2.00945e+06 0
2.0095e+06 0
2.0096e+06 0
2.00964e+06 0
2.00969e+06 0
2.00974e+06 0
2.00983e+06 0
2.00993e+06 0
2.01007e+06 0
2.01021e+06 0
2.0104e+06 0
2.01055e+06 0
2.01856e+06 64
2.01866e+06 64
2.0187e+06 0
2.01875e+06 0
2.01913e+06 64
2.01966e+06 0
2.01975e+06 0
2.0198e+06 0
2.0199e+06 0
2.01994e+06 0
2.02009e+06 0
2.02013e+06 0
2.02023e+06 0
2.02028e+06 0
2.02037e+06 0
2.02042e+06 0
2.02047e+06 0
2.02061e+06 0
2.02071e+06 0
2.02075e+06 0
2.02085e+06 0
2.0209e+06 0
2.02094e+06 0
2.02099e+06 0
2.02109e+06 0
2.02118e+06 0
2.02133e+06 0
2.02147e+06 0
2.02166e+06 0
2.0218e+06 0
2.03e+06 64
2.0301e+06 64
2.03015e+06 0
2.0302e+06 0
2.03058e+06 64
2.0311e+06 0
2.0312e+06 0
2.03124e+06 0
2.03134e+06 0
2.03139e+06 0
2.03153e+06 0
2.03158e+06 0
2.03167e+06 0
2.03172e+06 0
2.03182e+06 0
2.03186e+06 0
2.03191e+06 0
2.03205e+06 0
2.03215e+06 0
2.0322e+06 0
2.03229e+06 0
2.03234e+06 0
2.03239e+06 0
2.03244e+06 0
2.03253e+06 0
2.03263e+06 0
2.03277e+06 0
2.03291e+06 0
2.0331e+06 0
2.03325e+06 0
2.04145e+06 64
2.04154e+06 64
2.04159e+06 0
2.04164e+06 0
2.04202e+06 64
2.04255e+06 0
2.04264e+06 0
2.04269e+06 0
2.04278e+06 0
2.04283e+06 0
2.04297e+06 0
2.04302e+06 0
2.04312e+06 0
2.04317e+06 0
2.04326e+06 0
2.04331e+06 0
2.04336e+06 0
2.0435e+06 0
2.04359e+06 0
2.04364e+06 0
2.04374e+06 0
2.04379e+06 0
2.04383e+06 0
2.04388e+06 0
2.04398e+06 0
2.04407e+06 0
2.04421e+06 0
2.04436e+06 0
2.04455e+06 0
2.04469e+06 0
2.05289e+06 64
2.05299e+06 64
2.05304e+06 0
2.05308e+06 0
2.05347e+06 64
2.05399e+06 0
2.05408e+06 0
2.05413e+06 0
2.05423e+06 0
2.05428e+06 0
2.05442e+06 0
2.05447e+06 0
2.05456e+06 0
2.05461e+06 0
2.0547e+06 0
2.05475e+06 0
2.0548e+06 0
2.05494e+06 0
2.05504e+06 0
2.05509e+06 0
2.05518e+06 0
2.05523e+06 0
2.05528e+06 0
2.05532e+06 0
2.05542e+06 0
2.05551e+06 0
2.05566e+06 0
2.0558e+06 0
2.05599e+06 0
2.05613e+06 0
2.06429e+06 64
2.06438e+06 64
2.06443e+06 0
2.06448e+06 0
2.06486e+06 64
2.06539e+06 0
2.06548e+06 0
2.06553e+06 0
2.06562e+06 0
2.06567e+06 0
2.06582e+06 0
2.06586e+06 0
2.06596e+06 0
2.06601e+06 0
2.0661e+06 0
2.06615e+06 0
2.0662e+06 0
2.06634e+06 0
2.06644e+06 0
2.06648e+06 0
2.06658e+06 0
2.06663e+06 0
2.06667e+06 0
2.06672e+06 0
2.06682e+06 0
2.06691e+06 0
2.06705e+06 0
2.0672e+06 0
2.06739e+06 0
2.06753e+06 0
2.07559e+06 64
2.07569e+06 64
2.07573e+06 0
2.07578e+06 0
2.07616e+06 64
2.07669e+06 0
2.07678e+06 0
2.07683e+06 0
2.07692e+06 0
2.07697e+06 0
2.07712e+06 0
2.07716e+06 0
2.07726e+06 0
2.07731e+06 0
2.0774e+06 0
2.07745e+06 0
2.0775e+06 0
2.07764e+06 0
2.07774e+06 0
2.07778e+06 0
2.07788e+06 0
2.07793e+06 0
2.07797e+06 0
2.07802e+06 0
2.07812e+06 0
2.07821e+06 0
2.07835e+06 0
2.0785e+06 0
2.07869e+06 0
2.07883e+06 0
2.08703e+06 64
2.08713e+06 64
2.08718e+06 0
2.08723e+06 0
2.08761e+06 64
2.08813e+06 0
2.08823e+06 0
2.08827e+06 0
2.08837e+06 0
2.08842e+06 0
2.08856e+06 0
2.08861e+06 0
2.0887e+06 0
2.08875e+06 0
2.08885e+06 0
2.08889e+06 0
2.08894e+06 0
2.08908e+06 0
2.08918e+06 0
2.08923e+06 0
2.08932e+06 0
2.08937e+06 0
2.08942e+06 0
2.08947e+06 0
2.08956e+06 0
2.08966e+06 0
2.0898e+06 0
2.08994e+06 0
2.09013e+06 0
2.09028e+06 0
2.09848e+06 64
2.09857e+06 64
2.09862e+06 0
2.09867e+06 0
2.09905e+06 64
2.09958e+06 0
2.09967e+06 0
2.09972e+06 0
2.09981e+06 0
2.09986e+06 0
2.1e+06 0
2.10005e+06 0
2.10015e+06 0
2.10019e+06 0
2.10029e+06 0
2.10034e+06 0
2.10039e+06 0
2.10053e+06 0
2.10062e+06 0
2.10067e+06 0
2.10077e+06 0
2.10081e+06 0
2.10086e+06 0
2.10091e+06 0
2.101e+06 0
2.1011e+06 0
2.10124e+06 0
2.10139e+06 0
2.10158e+06 0
2.10172e+06 0
2.10992e+06 64
2.11002e+06 64
2.11007e+06 0
2.11011e+06 0
2.11049e+06 64
2.11102e+06 0
2.11111e+06 0
2.11116e+06 0
2.11126e+06 0
2.11131e+06 0
2.11145e+06 0
2.1115e+06 0
2.11159e+06 0
2.11164e+06 0
2.11173e+06 0
2.11178e+06 0
2.11183e+06 0
2.11197e+06 0
2.11207e+06 0
2.11212e+06 0
2.11221e+06 0
2.11226e+06 0
2.11231e+06 0
2.11235e+06 0
2.11245e+06 0
2.11255e+06 0
2.11269e+06 0
2.11283e+06 0
2.11302e+06 0
2.11317e+06 0
2.12137e+06 64
2.12146e+06 64
2.12151e+06 0
2.12194e+06 64
2.12246e+06 0
2.12256e+06 0
2.12261e+06 0
2.1227e+06 0
2.12275e+06 0
2.12289e+06 0
2.12294e+06 0
2.12303e+06 0
2.12308e+06 0
2.12318e+06 0
2.12323e+06 0
2.12327e+06 0
2.12342e+06 0
2.12351e+06 0
2.12356e+06 0
2.12365e+06 0
2.1237e+06 0
2.12375e+06 0
2.1238e+06 0
2.12389e+06 0
2.12399e+06 0
2.12413e+06 0
2.12427e+06 0
2.12446e+06 0
2.12461e+06 0
2.13262e+06 64
2.13272e+06 0
2.13276e+06 64
2.13314e+06 0
2.13367e+06 0
2.13372e+06 0
2.13376e+06 0
2.13381e+06 0
2.13391e+06 0
2.13396e+06 0
2.13405e+06 0
2.1341e+06 0
2.13419e+06 0
2.13424e+06 0
2.13434e+06 0
2.13438e+06 0
2.13443e+06 0
2.13458e+06 0
2.13467e+06 0
2.13472e+06 0
2.13481e+06 0
2.13486e+06 0
2.13491e+06 0
2.13496e+06 0
2.13505e+06 0
2.13515e+06 0
2.13529e+06 0
2.13543e+06 0
2.13562e+06 0
2.13577e+06 0
2.14387e+06 64
2.14397e+06 64
2.14402e+06 0
2.1444e+06 0
2.14492e+06 0
2.14502e+06 0
2.14511e+06 0
2.14516e+06 0
2.14526e+06 0
2.1453e+06 0
2.1454e+06 0
2.14545e+06 0
2.14554e+06 0
2.14559e+06 0
2.14568e+06 0
2.14573e+06 0
2.14578e+06 0
2.14592e+06 0
2.14602e+06 0
2.14607e+06 0
2.14616e+06 0
2.14621e+06 0
2.14626e+06 0
2.1463e+06 0
2.1464e+06 0
2.14649e+06 0
2.14664e+06 0
2.14678e+06 0
2.14697e+06 0
2.14711e+06 0
2.15532e+06 64
2.15541e+06 64
2.15546e+06 0
2.15584e+06 0
2.15637e+06 0
2.15646e+06 0
2.15656e+06 0
2.1566e+06 0
2.1567e+06 0
2.15675e+06 0
2.15684e+06 0
2.15689e+06 0
2.15699e+06 0
2.15703e+06 0
2.15713e+06 0
2.15718e+06 0
2.15722e+06 0
2.15737e+06 0
2.15746e+06 0
2.15751e+06 0
2.15761e+06 0
2.15765e+06 0
2.1577e+06 0
2.15775e+06 0
2.15784e+06 0
2.15794e+06 0
2.15808e+06 0
2.15823e+06 0
2.15842e+06 0
2.15856e+06 0
2.16676e+06 64
2.16686e+06 64
2.1669e+06 0
2.16729e+06 0
2.16781e+06 0
2.16791e+06 0
2.168e+06 0
2.16805e+06 0
2.16814e+06 0
2.16819e+06 0
2.16829e+06 0
2.16834e+06 0
2.16843e+06 0
2.16848e+06 0
2.16857e+06 0
2.16862e+06 0
2.16867e+06 0
2.16881e+06 0
2.16891e+06 0
2.16895e+06 0
2.16905e+06 0
2.1691e+06 0
2.16914e+06 0
2.16919e+06 0
2.16929e+06 0
2.16938e+06 0
2.16953e+06 0
2.16967e+06 0
2.16986e+06 0
2.17e+06 0
2.17821e+06 64
2.1783e+06 64
2.17835e+06 0
2.17873e+06 0
2.17925e+06 0
2.17935e+06 0
2.17945e+06 0
2.17949e+06 0
2.17959e+06 0
2.17964e+06 0
2.17973e+06 0
2.17978e+06 0
2.17987e+06 0
2.17992e+06 0
2.18002e+06 0
2.18007e+06 0
2.18011e+06 0
2.18026e+06 0
2.18035e+06 0
2.1804e+06 0
2.18049e+06 0
2.18054e+06 0
2.18059e+06 0
2.18064e+06 0
2.18073e+06 0
2.18083e+06 0
2.18097e+06 0
2.18111e+06 0
2.18131e+06 0
2.18145e+06 0
2.18965e+06 64
2.18975e+06 64
2.18979e+06 0
2.19017e+06 0
2.1907e+06 0
2.19079e+06 0
2.19089e+06 0
2.19094e+06 0
2.19103e+06 0
2.19118e+06 0
2.19122e+06 0
2.19132e+06 0
2.19137e+06 0
2.19146e+06 0
2.19151e+06 0
2.19156e+06 0
2.1917e+06 0
2.19179e+06 0
2.19184e+06 0
2.19194e+06 0
2.19199e+06 0
2.19203e+06 0
2.19208e+06 0
2.19218e+06 0
2.19227e+06 0
2.19241e+06 0
2.19256e+06 0
2.19275e+06 0
2.19289e+06 0
2.201e+06 64
2.20109e+06 0
2.20114e+06 64
2.20152e+06 0
2.20205e+06 0
2.20214e+06 0
2.20224e+06 0
2.20229e+06 0
2.20238e+06 0
2.20248e+06 0
2.20252e+06 0
2.20257e+06 0
2.20262e+06 0
2.20267e+06 0
2.20272e+06 0
2.20276e+06 0
2.20281e+06 0
2.20295e+06 0
2.20305e+06 0
2.2031e+06 0
2.20319e+06 0
2.20324e+06 0
2.20329e+06 0
2.20334e+06 0
2.20343e+06 0
2.20353e+06 0
2.20367e+06 0
2.20381e+06 0
2.204e+06 0
2.20415e+06 0
2.2122e+06 64
2.2123e+06 64
2.21235e+06 0
2.21273e+06 0
2.21325e+06 0
2.21335e+06 0
2.21344e+06 0
2.21349e+06 0
2.21359e+06 0
2.21368e+06 0
2.21373e+06 0
2.21378e+06 0
2.21383e+06 0
2.21387e+06 0
2.21397e+06 0
2.21402e+06 0
2.21406e+06 0
2.21421e+06 0
2.21435e+06 0
2.2144e+06 0
2.21449e+06 0
2.21454e+06 0
2.21459e+06 0
2.21464e+06 0
2.21473e+06 0
2.21483e+06 0
2.21497e+06 0
2.21511e+06 0
2.2153e+06 0
2.21544e+06 0
2.22365e+06 64
2.22374e+06 64
2.22379e+06 0
2.22417e+06 0
2.2247e+06 0
2.22479e+06 0
2.22489e+06 0
2.22494e+06 0
2.22503e+06 0
2.22513e+06 0
2.22517e+06 0
2.22522e+06 0
2.22527e+06 0
2.22532e+06 0
2.22541e+06 0
2.22546e+06 0
2.22551e+06 0
2.22565e+06 0
2.22579e+06 0
2.22584e+06 0
2.22594e+06 0
2.22598e+06 0
2.22603e+06 0
2.22608e+06 0
2.22618e+06 0
2.22627e+06 0
2.22641e+06 0
2.22656e+06 0
2.22675e+06 0
2.22689e+06 0
2.23509e+06 64
2.23519e+06 64
2.23524e+06 0
2.23562e+06 0
2.23614e+06 0
2.23624e+06 0
2.23633e+06 0
2.23638e+06 0
2.23648e+06 0
2.23657e+06 0
2.23662e+06 0
2.23667e+06 0
2.23671e+06 0
2.23676e+06 0
2.23686e+06 0
2.2369e+06 0
2.23695e+06 0
2.2371e+06 0
2.23724e+06 0
2.23728e+06 0
2.23738e+06 0
2.23743e+06 0
2.23748e+06 0
2.23752e+06 0
2.23762e+06 0
2.23771e+06 0
2.23786e+06 0
2.238e+06 0
2.23819e+06 0
2.23833e+06 0
2.24654e+06 64
2.24663e+06 64
2.24668e+06 0
2.24706e+06 0
2.24759e+06 0
2.24768e+06 0
2.24778e+06 0
2.24782e+06 0
2.24792e+06 0
2.24801e+06 0
2.24806e+06 0
2.24811e+06 0
2.24816e+06 0
2.24821e+06 0
2.2483e+06 0
2.24835e+06 0
2.2484e+06 0
2.24854e+06 0
2.24868e+06 0
2.24873e+06 0
2.24883e+06 0
2.24887e+06 0
2.24892e+06 0
2.24897e+06 0
2.24906e+06 0
2.24916e+06 0
2.2493e+06 0
2.24945e+06 0
2.24964e+06 0
2.24978e+06 0
2.25798e+06 64
2.25808e+06 64
2.25812e+06 0
2.25851e+06 0
2.25903e+06 0
2.25912e+06 0
2.25922e+06 0
2.25927e+06 0
2.25936e+06 0
2.25946e+06 0
2.25951e+06 0
2.25955e+06 0
2.2596e+06 0
2.25965e+06 0
2.25974e+06 0
2.25979e+06 0
2.25984e+06 0
2.25998e+06 0
2.26013e+06 0
2.26017e+06 0
2.26027e+06 0
2.26032e+06 0
2.26036e+06 0
2.26041e+06 0
2.26051e+06 0
2.2606e+06 0
2.26075e+06 0
2.26089e+06 0
2.26108e+06 0
2.26122e+06 0
2.26928e+06 64
2.26938e+06 64
2.26942e+06 0
2.26981e+06 0
2.27033e+06 0
2.27043e+06 0
2.27052e+06 0
2.27057e+06 0
2.27066e+06 0
2.27076e+06 0
2.27081e+06 0
2.27086e+06 0
2.2709e+06 0
2.27095e+06 0
2.27105e+06 0
2.27109e+06 0
2.27114e+06 0
2.27128e+06 0
2.27143e+06 0
2.27147e+06 0
2.27157e+06 0
2.27162e+06 0
2.27166e+06 0
2.27171e+06 0
2.27181e+06 0
2.2719e+06 0
2.27205e+06 0
2.27219e+06 0
2.27238e+06 0
2.27252e+06 0
2.28063e+06 64
2.28073e+06 64
2.28077e+06 0
2.28115e+06 0
2.28168e+06 0
2.28177e+06 0
2.28187e+06 0
2.28192e+06 0
2.28201e+06 0
2.28211e+06 0
2.28216e+06 0
2.2822e+06 0
2.28225e+06 0
2.2823e+06 0
2.28239e+06 0
2.28244e+06 0
2.28249e+06 0
2.28263e+06 0
2.28278e+06 0
2.28282e+06 0
2.28292e+06 0
2.28297e+06 0
2.28301e+06 0
2.28306e+06 0
2.28316e+06 0
2.28325e+06 0
2.28339e+06 0
2.28354e+06 0
2.28373e+06 0
2.28387e+06 0
2.29207e+06 64
2.29217e+06 64
2.29222e+06 0
2.2926e+06 0
2.29312e+06 0
2.29322e+06 0
2.29331e+06 0
2.29336e+06 0
2.29346e+06 0
2.29355e+06 0
2.2936e+06 0
2.29365e+06 0
2.2937e+06 0
2.29374e+06 0
2.29384e+06 0
2.29389e+06 0
2.29393e+06 0
2.29408e+06 0
2.29422e+06 0
2.29427e+06 0
2.29436e+06 0
2.29441e+06 0
2.29446e+06 0
2.29451e+06 0
2.2946e+06 0
2.2947e+06 0
2.29484e+06 0
2.29498e+06 0
2.29517e+06 0
2.29532e+06 0
2.30352e+06 64
2.30361e+06 64
2.30366e+06 0
2.30404e+06 0
2.30457e+06 0
2.30466e+06 0
2.30476e+06 0
2.30481e+06 0
2.3049e+06 0
2.305e+06 0
2.30504e+06 0
2.30509e+06 0
2.30514e+06 0
2.30519e+06 0
2.30528e+06 0
2.30533e+06 0
2.30538e+06 0
2.30552e+06 0
2.30566e+06 0
2.30571e+06 0
2.30581e+06 0
2.30585e+06 0
2.3059e+06 0
2.30595e+06 0
2.30604e+06 0
2.30614e+06 0
2.30628e+06 0
2.30643e+06 0
2.30662e+06 0
2.30676e+06 0
2.31496e+06 64
2.31506e+06 64
2.31511e+06 0
2.31549e+06 0
2.31601e+06 0
2.31611e+06 0
2.3162e+06 0
2.31625e+06 0
2.31635e+06 0
2.31644e+06 0
2.31649e+06 0
2.31654e+06 0
2.31658e+06 0
2.31663e+06 0
2.31673e+06 0
2.31677e+06 0
2.31682e+06 0
2.31697e+06 0
2.31711e+06 0
2.31716e+06 0
2.31725e+06 0
2.3173e+06 0
2.31735e+06 0
2.31739e+06 0
2.31749e+06 0
2.31759e+06 0
2.31773e+06 0
2.31787e+06 0
2.31806e+06 0
2.31821e+06 0
2.32631e+06 64
2.32641e+06 64
2.32645e+06 0
2.32684e+06 0
2.32736e+06 0
2.32746e+06 0
2.32755e+06 0
2.3276e+06 0
2.32769e+06 0
2.32779e+06 0
2.32784e+06 0
2.32788e+06 0
2.32793e+06 0
2.32798e+06 0
2.32807e+06 0
2.32812e+06 0
2.32817e+06 0
2.32831e+06 0
2.32846e+06 0
2.3285e+06 0
2.3286e+06 0
2.32865e+06 0
2.32869e+06 0
2.32874e+06 0
2.32884e+06 0
2.32893e+06 0
2.32908e+06 0
2.32922e+06 0
2.32941e+06 0
2.32955e+06 0
2.33766e+06 64
2.33776e+06 64
2.3378e+06 0
2.33818e+06 0
2.33871e+06 0
2.3388e+06 0
2.3389e+06 0
2.33895e+06 0
2.33904e+06 0
2.33914e+06 0
2.33919e+06 0
2.33923e+06 0
2.33928e+06 0
2.33933e+06 0
2.33942e+06 0
2.33947e+06 0
2.33952e+06 0
2.33966e+06 0
2.3398e+06 0
2.33985e+06 0
2.33995e+06 0
2.33999e+06 0
2.34004e+06 0
2.34009e+06 0
2.34019e+06 0
2.34028e+06 0
2.34042e+06 0
2.34057e+06 0
2.34076e+06 0
2.3409e+06 0
2.3491e+06 64
2.3492e+06 64
2.34925e+06 0
2.34963e+06 0
2.35015e+06 0
2.35025e+06 0
2.35039e+06 0
2.35049e+06 0
2.35058e+06 0
2.35063e+06 0
2.35068e+06 0
2.35073e+06 0
2.35077e+06 0
2.35087e+06 0
2.35092e+06 0
2.35096e+06 0
2.35111e+06 0
2.35125e+06 0
2.3513e+06 0
2.35139e+06 0
2.35144e+06 0
2.35149e+06 0
2.35154e+06 0
2.35163e+06 0
2.35173e+06 0
2.35187e+06 0
2.35201e+06 0
2.3522e+06 0
2.35235e+06 0
2.36045e+06 0
2.3605e+06 64
2.36055e+06 0
2.3606e+06 0
2.36098e+06 64
2.3615e+06 0
2.3616e+06 0
2.36169e+06 0
2.36179e+06 0
2.36188e+06 0
2.36193e+06 0
2.36198e+06 0
2.36203e+06 0
2.36207e+06 0
2.36217e+06 0
2.36222e+06 0
2.36226e+06 0
2.36241e+06 0
2.36255e+06 0
2.3626e+06 0
2.36269e+06 0
2.36274e+06 0
2.36279e+06 0
2.36284e+06 0
2.36293e+06 0
2.36303e+06 0
2.36317e+06 0
2.36331e+06 0
2.3635e+06 0
2.36364e+06 0
2.37171e+06 0
2.3718e+06 0
2.37185e+06 64
2.3719e+06 0
2.37233e+06 64
2.37285e+06 0
2.37295e+06 0
2.37304e+06 0
2.37314e+06 0
2.37323e+06 0
2.37328e+06 0
2.37333e+06 0
2.37338e+06 0
2.37342e+06 0
2.37352e+06 0
2.37357e+06 0
2.37361e+06 0
2.37376e+06 0
2.3739e+06 0
2.37395e+06 0
2.37404e+06 0
2.37409e+06 0
2.37414e+06 0
2.37419e+06 0
2.37428e+06 0
2.37438e+06 0
2.37452e+06 0
2.37466e+06 0
2.37485e+06 0
2.375e+06 0
2.38315e+06 0
2.38324e+06 0
2.38329e+06 64
2.38334e+06 0
2.38377e+06 64
2.38429e+06 0
2.38439e+06 0
2.38449e+06 0
2.38458e+06 0
2.38468e+06 0
2.38472e+06 0
2.38477e+06 0
2.38482e+06 0
2.38487e+06 0
2.38496e+06 0
2.38501e+06 0
2.38506e+06 0
2.3852e+06 0
2.38534e+06 0
2.38539e+06 0
2.38548e+06 0
2.38553e+06 0
2.38558e+06 0
2.38563e+06 0
2.38572e+06 0
2.38582e+06 0
2.38596e+06 0
2.38611e+06 0
2.38629e+06 0
2.38644e+06 0
2.39459e+06 0
2.39469e+06 0
2.39474e+06 64
2.39479e+06 0
2.39521e+06 64
2.39574e+06 0
2.39583e+06 0
2.39593e+06 0
2.39602e+06 0
2.39612e+06 0
2.39617e+06 0
2.39622e+06 0
2.39626e+06 0
2.39631e+06 0
2.39641e+06 0
2.39645e+06 0
2.3965e+06 0
2.39664e+06 0
2.39679e+06 0
2.39684e+06 0
2.39693e+06 0
2.39698e+06 0
2.39703e+06 0
2.39707e+06 0
2.39717e+06 0
2.39726e+06 0
2.39741e+06 0
2.39755e+06 0
2.39774e+06 0
2.39788e+06 0
2.40604e+06 64
2.40613e+06 64
2.40618e+06 0
2.40623e+06 0
2.40661e+06 64
2.40714e+06 0
2.40723e+06 0
2.40733e+06 0
2.40742e+06 0
2.40752e+06 0
2.40756e+06 0
2.40761e+06 0
2.40766e+06 0
2.40771e+06 0
2.4078e+06 0
2.40785e+06 0
2.4079e+06 0
2.40804e+06 0
2.40818e+06 0
2.40823e+06 0
2.40833e+06 0
2.40837e+06 0
2.40842e+06 0
2.40847e+06 0
2.40856e+06 0
2.40866e+06 0
2.4088e+06 0
2.40895e+06 0
2.40913e+06 0
2.40928e+06 0
2.41743e+06 64
2.41753e+06 64
2.41758e+06 0
2.41763e+06 0
2.41801e+06 64
2.41863e+06 0
2.41872e+06 0
2.41882e+06 0
2.41891e+06 0
2.41896e+06 0
2.41901e+06 0
2.41906e+06 0
2.4191e+06 0
2.4192e+06 0
2.41925e+06 0
2.41929e+06 0
2.41944e+06 0
2.41958e+06 0
2.41963e+06 0
2.41972e+06 0
2.41977e+06 0
2.41982e+06 0
2.41987e+06 0
2.41996e+06 0
2.42006e+06 0
2.4202e+06 0
2.42034e+06 0
2.42053e+06 0
2.42068e+06 0
2.42878e+06 64
2.42888e+06 0
2.42893e+06 64
2.42897e+06 0
2.42902e+06 0
2.42936e+06 0
2.42993e+06 0
2.43002e+06 0
2.43012e+06 0
2.43017e+06 0
2.43021e+06 0
2.43026e+06 0
2.43031e+06 0
2.43036e+06 0
2.43045e+06 0
2.4305e+06 0
2.43055e+06 0
2.43069e+06 0
2.43083e+06 0
2.43088e+06 0
2.43098e+06 0
2.43102e+06 0
2.43107e+06 0
2.43112e+06 0
2.43121e+06 0
2.43131e+06 0
2.43145e+06 0
2.43159e+06 0
2.43179e+06 0
2.43193e+06 0
2.44008e+06 64
2.44018e+06 64
2.44023e+06 0
2.44028e+06 0
2.44037e+06 0
2.4407e+06 0
2.44128e+06 0
2.44142e+06 0
2.44152e+06 0
2.44156e+06 0
2.44161e+06 0
2.44166e+06 0
2.44171e+06 0
2.44175e+06 0
2.44185e+06 0
2.4419e+06 0
2.44194e+06 0
2.44209e+06 0
2.44223e+06 0
2.44228e+06 0
2.44237e+06 0
2.44242e+06 0
2.44247e+06 0
2.44252e+06 0
2.44261e+06 0
2.44271e+06 0
2.44285e+06 0
2.44299e+06 0
2.44318e+06 0
2.44333e+06 0
2.45153e+06 64
2.45162e+06 64
2.45167e+06 0
2.45172e+06 0
2.45181e+06 0
2.45215e+06 0
2.45272e+06 0
2.45286e+06 0
2.45296e+06 0
2.45301e+06 0
2.45305e+06 0
2.4531e+06 0
2.45315e+06 0
2.4532e+06 0
2.45329e+06 0
2.45334e+06 0
2.45339e+06 0
2.45353e+06 0
2.45367e+06 0
2.45372e+06 0
2.45382e+06 0
2.45386e+06 0
2.45391e+06 0
2.45396e+06 0
2.45405e+06 0
2.45415e+06 0
2.45429e+06 0
2.45444e+06 0
2.45463e+06 0
2.45477e+06 0
2.46297e+06 64
2.46307e+06 64
2.46312e+06 0
2.46316e+06 0
2.46326e+06 0
2.46359e+06 0
2.46416e+06 0
2.46431e+06 0
2.4644e+06 0
2.46445e+06 0
2.4645e+06 0
2.46455e+06 0
2.46459e+06 0
2.46464e+06 0
2.46474e+06 0
2.46478e+06 0
2.46483e+06 0
2.46498e+06 0
2.46512e+06 0
2.46517e+06 0
2.46526e+06 0
2.46531e+06 0
2.46536e+06 0
2.4654e+06 0
2.4655e+06 0
2.4656e+06 0
2.46574e+06 0
2.46588e+06 0
2.46607e+06 0
2.46622e+06 0
2.47442e+06 0
2.47451e+06 0
2.47456e+06 0
2.47461e+06 64
2.4747e+06 0
2.47504e+06 0
2.47556e+06 0
2.4757e+06 0
2.4758e+06 0
2.47585e+06 0
2.4759e+06 0
2.47594e+06 0
2.47599e+06 0
2.47604e+06 0
2.47613e+06 0
2.47618e+06 0
2.47623e+06 0
2.47637e+06 0
2.47651e+06 0
2.47656e+06 0
2.47666e+06 0
2.4767e+06 0
2.47675e+06 0
2.4768e+06 0
2.4769e+06 0
2.47699e+06 0
2.47713e+06 0
2.47728e+06 0
2.47747e+06 0
2.47761e+06 0
2.48581e+06 0
2.48591e+06 0
2.48596e+06 0
2.486e+06 64
2.4861e+06 0
2.48643e+06 0
2.48696e+06 0
2.4872e+06 0
2.48724e+06 0
2.48729e+06 0
2.48734e+06 0
2.48739e+06 0
2.48743e+06 0
2.48753e+06 0
2.48758e+06 0
2.48763e+06 0
2.48777e+06 0
2.48791e+06 0
2.48796e+06 0
2.48805e+06 0
2.4881e+06 0
2.48815e+06 0
2.4882e+06 0
2.48829e+06 0
2.48839e+06 0
2.48853e+06 0
2.48867e+06 0
2.48887e+06 0
2.48901e+06 0
2.49721e+06 0
2.49731e+06 64
2.49735e+06 0
2.4974e+06 0
2.4975e+06 0
2.49783e+06 0
2.49835e+06 0
2.4985e+06 0
2.49854e+06 0
2.49859e+06 0
2.49864e+06 0
2.49869e+06 0
2.49874e+06 0
2.49878e+06 0
2.49883e+06 0
2.49888e+06 0
2.49893e+06 0
2.49907e+06 0
2.49921e+06 0
2.49926e+06 0
2.49935e+06 0
2.4994e+06 0
2.49945e+06 0
2.4995e+06 0
2.49959e+06 0
2.49969e+06 0
2.49983e+06 0
2.49997e+06 0
2.50017e+06 0
2.50031e+06 0
2.50841e+06 0
2.50851e+06 0
2.50856e+06 0
2.50861e+06 64
2.5087e+06 0
2.50904e+06 0
2.50956e+06 0
2.5097e+06 0
2.50975e+06 0
2.5098e+06 0
2.50985e+06 0
2.50989e+06 0
2.50994e+06 0
2.50999e+06 0
2.51008e+06 0
2.51018e+06 0
2.51023e+06 0
2.51037e+06 0
2.51051e+06 0
2.51056e+06 0
2.51066e+06 0
2.5107e+06 0
2.51075e+06 0
2.5108e+06 0
2.51089e+06 0
2.51099e+06 0
2.51113e+06 0
2.51128e+06 0
2.51147e+06 0
2.51161e+06 0
2.51986e+06 0
2.51995e+06 0
2.52e+06 0
2.52005e+06 64
2.52015e+06 0
2.52048e+06 0
2.521e+06 0
2.52115e+06 0
2.52119e+06 0
2.52124e+06 0
2.52129e+06 0
2.52134e+06 0
2.52139e+06 0
2.52143e+06 0
2.52153e+06 0
2.52162e+06 0
2.52167e+06 0
2.52181e+06 0
2.52196e+06 0
2.522e+06 0
2.5221e+06 0
2.52215e+06 0
2.52219e+06 0
2.52224e+06 0
2.52234e+06 0
2.52243e+06 0
2.52258e+06 0
2.52272e+06 0
2.52291e+06 0
2.52305e+06 0
2.53135e+06 0
2.53145e+06 0
2.53149e+06 0
2.53154e+06 64
2.53164e+06 0
2.53197e+06 0
2.5325e+06 0
2.53264e+06 0
2.53269e+06 0
2.53273e+06 0
2.53278e+06 0
2.53283e+06 0
2.53288e+06 0
2.53292e+06 0
2.53302e+06 0
2.53312e+06 0
2.53316e+06 0
2.53331e+06 0
2.53345e+06 0
2.5335e+06 0
2.53359e+06 0
2.53364e+06 0
2.53369e+06 0
2.53374e+06 0
2.53383e+06 0
2.53393e+06 0
2.53407e+06 0
2.53421e+06 0
2.5344e+06 0
2.53455e+06 0
2.54275e+06 0
2.54284e+06 0
2.54289e+06 0
2.54294e+06 64
2.54303e+06 0
2.54337e+06 0
2.54389e+06 0
2.54404e+06 0
2.54408e+06 0
2.54413e+06 0
2.54418e+06 0
2.54423e+06 0
2.54427e+06 0
2.54432e+06 0
2.54442e+06 0
2.54451e+06 0
2.54456e+06 0
2.5447e+06 0
2.54484e+06 0
2.54489e+06 0
2.54499e+06 0
2.54504e+06 0
2.54508e+06 0
2.54513e+06 0
2.54523e+06 0
2.54532e+06 0
2.54546e+06 0
2.54561e+06 0
2.5458e+06 0
2.54594e+06 0
2.55414e+06 0
2.55424e+06 0
2.55429e+06 0
2.55433e+06 64
2.55443e+06 0
2.55476e+06 0
2.55529e+06 0
2.55543e+06 0
2.55548e+06 0
2.55553e+06 0
2.55557e+06 0
2.55562e+06 0
2.55567e+06 0
2.55572e+06 0
2.55581e+06 0
2.55591e+06 0
2.55596e+06 0
2.5561e+06 0
2.55624e+06 0
2.55629e+06 0
2.55639e+06 0
2.55643e+06 0
2.55648e+06 0
2.55653e+06 0
2.55662e+06 0
2.55672e+06 0
2.55686e+06 0
2.55701e+06 0
2.5572e+06 0
2.55734e+06 0
2.56549e+06 0
2.56559e+06 0
2.56564e+06 0
2.56568e+06 64
2.56578e+06 0
2.56611e+06 0
2.56664e+06 0
2.56678e+06 0
2.56683e+06 0
2.56688e+06 0
2.56692e+06 0
2.56697e+06 0
2.56702e+06 0
2.56707e+06 0
2.56716e+06 0
2.56726e+06 0
2.5673e+06 0
2.56745e+06 0
2.56759e+06 0
2.56764e+06 0
2.56773e+06 0
2.56778e+06 0
2.56783e+06 0
2.56788e+06 0
2.56797e+06 0
2.56807e+06 0
2.56821e+06 0
2.56835e+06 0
2.56854e+06 0
2.56869e+06 0
2.57694e+06 0
2.57703e+06 0
2.57708e+06 0
2.57713e+06 64
2.57722e+06 0
2.57756e+06 0
2.57808e+06 0
2.57822e+06 0
2.57827e+06 0
2.57832e+06 0
2.57837e+06 0
2.57842e+06 0
2.57846e+06 0
2.57851e+06 0
2.57861e+06 0
2.5787e+06 0
2.57875e+06 0
2.57889e+06 0
2.57904e+06 0
2.57908e+06 0
2.57918e+06 0
2.57923e+06 0
2.57927e+06 0
2.57932e+06 0
2.57942e+06 0
2.57951e+06 0
2.57965e+06 0
2.5798e+06 0
2.57999e+06 0
2.58013e+06 0
2.58833e+06 0
2.58843e+06 0
2.58848e+06 0
2.58852e+06 64
2.58862e+06 0
2.58895e+06 0
2.58948e+06 0
2.58962e+06 0
2.58967e+06 0
2.58972e+06 0
2.58976e+06 0
2.58981e+06 0
2.58986e+06 0
2.58991e+06 0
2.59e+06 0
2.5901e+06 0
2.59015e+06 0
2.59029e+06 0
2.59043e+06 0
2.59048e+06 0
2.59057e+06 0
2.59062e+06 0
2.59067e+06 0
2.59072e+06 0
2.59081e+06 0
2.59091e+06 0
2.59105e+06 0
2.59119e+06 0
2.59138e+06 0
2.59153e+06 0
2.59959e+06 0
2.59968e+06 0
2.59973e+06 0
2.59978e+06 64
2.59987e+06 0
2.60021e+06 0
2.60073e+06 0
2.60087e+06 0
2.60092e+06 0
2.60097e+06 0
2.60102e+06 0
2.60106e+06 0
2.60111e+06 0
2.60116e+06 0
2.60126e+06 0
2.60135e+06 0
2.6014e+06 0
2.60154e+06 0
2.60168e+06 0
2.60173e+06 0
2.60183e+06 0
2.60188e+06 0
2.60192e+06 0
2.60197e+06 0
2.60207e+06 0
2.60216e+06 0
2.6023e+06 0
2.60245e+06 0
2.60264e+06 0
2.60278e+06 0
2.61103e+06 0
2.61113e+06 0
2.61117e+06 0
2.61122e+06 64
2.61132e+06 0
2.61165e+06 0
2.61217e+06 0
2.61232e+06 0
2.61237e+06 0
2.61241e+06 0
2.61246e+06 0
2.61251e+06 0
2.61256e+06 0
2.6126e+06 0
2.6127e+06 0
2.6128e+06 0
2.61284e+06 0
2.61299e+06 0
2.61313e+06 0
2.61318e+06 0
2.61327e+06 0
2.61332e+06 0
2.61337e+06 0
2.61341e+06 0
2.61351e+06 0
2.6136e+06 0
2.61375e+06 0
2.61389e+06 0
2.61408e+06 0
2.61422e+06 0
2.62247e+06 0
2.62257e+06 0
2.62262e+06 0
2.62267e+06 64
2.62276e+06 0
2.62309e+06 0
2.62362e+06 0
2.62376e+06 0
2.62381e+06 0
2.62386e+06 0
2.62391e+06 0
2.62395e+06 0
2.624e+06 0
2.62405e+06 0
2.62414e+06 0
2.62424e+06 0
2.62429e+06 0
2.62443e+06 0
2.62457e+06 0
2.62462e+06 0
2.62472e+06 0
2.62476e+06 0
2.62481e+06 0
2.62486e+06 0
2.62495e+06 0
2.62505e+06 0
2.62519e+06 0
2.62534e+06 0
2.62553e+06 0
2.62567e+06 0
2.63392e+06 0
2.63401e+06 0
2.63406e+06 0
2.63411e+06 64
2.63421e+06 0
2.63454e+06 0
2.63506e+06 0
2.63521e+06 0
2.63525e+06 0
2.6353e+06 0
2.63535e+06 0
2.6354e+06 0
2.63544e+06 0
2.63549e+06 0
2.63559e+06 0
2.63568e+06 0
2.63573e+06 0
2.63587e+06 0
2.63602e+06 0
2.63606e+06 0
2.63616e+06 0
2.63621e+06 0
2.63625e+06 0
2.6363e+06 0
2.6364e+06 0
2.63649e+06 0
2.63663e+06 0
2.63678e+06 0
2.63697e+06 0
2.63711e+06 0
2.64536e+06 0
2.64546e+06 0
2.64551e+06 0
2.64565e+06 0
2.64598e+06 0
2.64651e+06 0
2.64665e+06 0
2.6467e+06 0
2.64675e+06 0
2.64679e+06 0
2.64684e+06 0
2.64689e+06 0
2.64694e+06 0
2.64703e+06 0
2.64713e+06 0
2.64718e+06 0
2.64732e+06 0
2.64746e+06 0
2.64751e+06 0
2.6476e+06 0
2.64765e+06 0
2.6477e+06 0
2.64775e+06 0
2.64784e+06 0
2.64794e+06 0
2.64808e+06 0
2.64822e+06 0
2.64841e+06 0
2.64856e+06 0
2.65671e+06 0
2.65681e+06 64
2.65685e+06 0
2.65695e+06 64
2.65728e+06 64
2.65733e+06 0
2.65781e+06 0
2.6579e+06 0
2.65795e+06 0
2.658e+06 0
2.65805e+06 0
2.65809e+06 0
2.65814e+06 0
2.65819e+06 0
2.65828e+06 0
2.65838e+06 0
2.65843e+06 0
2.65857e+06 0
2.65871e+06 0
2.65876e+06 0
2.65886e+06 0
2.6589e+06 0
2.65895e+06 0
2.659e+06 0
2.65909e+06 0
2.65919e+06 0
2.65933e+06 0
2.65948e+06 0
2.65967e+06 0
2.65981e+06 0
2.66787e+06 64
2.66797e+06 64
2.66801e+06 0
2.66816e+06 0
2.66849e+06 0
2.66858e+06 64
2.66906e+06 0
2.66916e+06 0
2.6692e+06 0
2.66925e+06 0
2.6693e+06 0
2.66935e+06 0
2.6694e+06 0
2.66944e+06 0
2.66954e+06 0
2.66968e+06 0
2.66973e+06 0
2.66987e+06 0
2.67002e+06 0
2.67006e+06 0
2.67016e+06 0
2.67021e+06 0
2.67025e+06 0
2.6703e+06 0
2.6704e+06 0
2.67049e+06 0
2.67064e+06 0
2.67078e+06 0
2.67097e+06 0
2.67111e+06 0
2.67931e+06 64
2.67941e+06 64
2.67946e+06 0
2.6796e+06 0
2.67993e+06 0
2.68003e+06 64
2.6805e+06 0
2.6806e+06 0
2.68065e+06 0
2.6807e+06 0
2.68074e+06 0
2.68079e+06 0
2.68084e+06 0
2.68089e+06 0
2.68098e+06 0
2.68113e+06 0
2.68117e+06 0
2.68132e+06 0
2.68146e+06 0
2.68151e+06 0
2.6816e+06 0
2.68165e+06 0
2.6817e+06 0
2.68174e+06 0
2.68184e+06 0
2.68193e+06 0
2.68208e+06 0
2.68222e+06 0
2.68241e+06 0
2.68255e+06 0
2.69081e+06 64
2.6909e+06 64
2.69095e+06 0
2.69109e+06 0
2.69142e+06 0
2.69152e+06 64
2.692e+06 0
2.69209e+06 0
2.69214e+06 0
2.69219e+06 0
2.69224e+06 0
2.69228e+06 0
2.69233e+06 0
2.69238e+06 0
2.69247e+06 0
2.69262e+06 0
2.69267e+06 0
2.69281e+06 0
2.69295e+06 0
2.693e+06 0
2.69309e+06 0
2.69314e+06 0
2.69319e+06 0
2.69324e+06 0
2.69333e+06 0
2.69343e+06 0
2.69357e+06 0
2.69371e+06 0
2.69391e+06 0
2.69405e+06 0
2.70225e+06 64
2.70235e+06 64
2.70239e+06 0
2.70254e+06 0
2.70287e+06 0
2.70296e+06 64
2.70344e+06 0
2.70354e+06 0
2.70358e+06 0
2.70363e+06 0
2.70368e+06 0
2.70373e+06 0
2.70378e+06 0
2.70382e+06 0
2.70392e+06 0
2.70406e+06 0
2.70411e+06 0
2.70425e+06 0
2.70439e+06 0
2.70444e+06 0
2.70454e+06 0
2.70458e+06 0
2.70463e+06 0
2.70468e+06 0
2.70478e+06 0
2.70487e+06 0
2.70501e+06 0
2.70516e+06 0
2.70535e+06 0
2.70549e+06 0
2.71365e+06 64
2.71374e+06 64
2.71379e+06 0
2.71393e+06 0
2.71427e+06 0
2.71436e+06 64
2.71484e+06 0
2.71493e+06 0
2.71498e+06 0
2.71503e+06 0
2.71508e+06 0
2.71512e+06 0
2.71517e+06 0
2.71522e+06 0
2.71532e+06 0
2.71546e+06 0
2.71551e+06 0
2.71565e+06 0
2.71579e+06 0
2.71584e+06 0
2.71593e+06 0
2.71598e+06 0
2.71603e+06 0
2.71608e+06 0
2.71617e+06 0
2.71627e+06 0
2.71641e+06 0
2.71655e+06 0
2.71675e+06 0
2.71689e+06 0
2.72495e+06 64
2.72504e+06 64
2.72509e+06 0
2.72523e+06 0
2.72557e+06 0
2.72566e+06 64
2.72614e+06 0
2.72623e+06 0
2.72628e+06 0
2.72633e+06 0
2.72638e+06 0
2.72643e+06 0
2.72647e+06 0
2.72652e+06 0
2.72662e+06 0
2.72676e+06 0
2.72681e+06 0
2.72695e+06 0
2.72709e+06 0
2.72714e+06 0
2.72723e+06 0
2.72728e+06 0
2.72733e+06 0
2.72738e+06 0
2.72747e+06 0
2.72757e+06 0
2.72771e+06 0
2.72785e+06 0
2.72804e+06 0
2.72819e+06 0
2.73639e+06 64
2.73649e+06 64
2.73653e+06 0
2.73668e+06 0
2.73701e+06 0
2.73711e+06 64
2.73758e+06 0
2.73768e+06 0
2.73773e+06 0
2.73777e+06 0
2.73782e+06 0
2.73787e+06 0
2.73792e+06 0
2.73796e+06 0
2.73806e+06 0
2.7382e+06 0
2.73825e+06 0
2.73839e+06 0
2.73854e+06 0
2.73858e+06 0
2.73868e+06 0
2.73873e+06 0
2.73878e+06 0
2.73882e+06 0
2.73892e+06 0
2.73901e+06 0
2.73916e+06 0
2.7393e+06 0
2.73949e+06 0
2.73963e+06 0
2.74784e+06 64
2.74793e+06 64
2.74798e+06 0
2.74812e+06 0
2.74846e+06 0
2.74855e+06 64
2.74903e+06 0
2.74912e+06 0
2.74917e+06 0
2.74922e+06 0
2.74927e+06 0
2.74931e+06 0
2.74936e+06 0
2.74941e+06 0
2.7495e+06 0
2.74965e+06 0
2.74969e+06 0
2.74984e+06 0
2.74998e+06 0
2.75003e+06 0
2.75012e+06 0
2.75017e+06 0
2.75022e+06 0
2.75027e+06 0
2.75036e+06 0
2.75046e+06 0
2.7506e+06 0
2.75074e+06 0
2.75093e+06 0
2.75107e+06 0
2.75928e+06 64
2.75937e+06 64
2.75942e+06 0
2.75957e+06 0
2.7599e+06 0
2.75999e+06 64
2.76047e+06 0
2.76057e+06 0
2.76061e+06 0
2.76066e+06 0
2.76071e+06 0
2.76076e+06 0
2.76081e+06 0
2.76085e+06 0
2.76095e+06 0
2.76109e+06 0
2.76114e+06 0
2.76128e+06 0
2.76143e+06 0
2.76147e+06 0
2.76157e+06 0
2.76162e+06 0
2.76166e+06 0
2.76171e+06 0
2.76181e+06 0
2.7619e+06 0
2.76205e+06 0
2.76219e+06 0
2.76238e+06 0
2.76252e+06 0
2.77068e+06 64
2.77077e+06 64
2.77082e+06 0
2.77096e+06 0
2.7713e+06 0
2.77139e+06 64
2.77187e+06 0
2.77196e+06 0
2.77201e+06 0
2.77206e+06 0
2.77211e+06 0
2.77215e+06 0
2.7722e+06 0
2.77225e+06 0
2.77234e+06 0
2.77249e+06 0
2.77254e+06 0
2.77268e+06 0
2.77282e+06 0
2.77287e+06 0
2.77296e+06 0
2.77301e+06 0
2.77306e+06 0
2.77311e+06 0
2.7732e+06 0
2.7733e+06 0
2.77344e+06 0
2.77358e+06 0
2.77377e+06 0
2.77392e+06 0
2.78202e+06 64
2.78212e+06 64
2.78217e+06 0
2.78231e+06 0
2.78264e+06 0
2.78274e+06 64
2.78322e+06 0
2.78331e+06 0
2.78336e+06 0
2.78341e+06 0
2.78346e+06 0
2.7835e+06 0
2.78355e+06 0
2.7836e+06 0
2.78369e+06 0
2.78384e+06 0
2.78388e+06 0
2.78403e+06 0
2.78417e+06 0
2.78422e+06 0
2.78431e+06 0
2.78436e+06 0
2.78441e+06 0
2.78446e+06 0
2.78455e+06 0
2.78465e+06 0
2.78479e+06 0
2.78493e+06 0
2.78512e+06 0
2.78527e+06 0
2.79337e+06 64
2.79347e+06 64
2.79352e+06 0
2.79366e+06 0
2.79399e+06 0
2.79409e+06 64
2.79457e+06 0
2.79466e+06 0
2.79471e+06 0
2.79476e+06 0
2.7948e+06 0
2.79485e+06 0
2.7949e+06 0
2.79495e+06 0
2.79504e+06 0
2.79518e+06 0
2.79523e+06 0
2.79537e+06 0
2.79552e+06 0
2.79557e+06 0
2.79566e+06 0
2.79571e+06 0
2.79576e+06 0
2.7958e+06 0
2.7959e+06 0
2.79599e+06 0
2.79614e+06 0
2.79628e+06 0
2.79647e+06 0
2.79661e+06 0
2.80482e+06 64
2.80491e+06 64
2.80496e+06 0
2.8051e+06 0
2.80544e+06 0
2.80553e+06 64
2.8061e+06 0
2.80615e+06 0
2.8062e+06 0
2.80625e+06 0
2.8063e+06 0
2.80634e+06 0
2.80639e+06 0
2.80649e+06 0
2.80663e+06 0
2.80668e+06 0
2.80682e+06 0
2.80696e+06 0
2.80701e+06 0
2.80711e+06 0
2.80715e+06 0
2.8072e+06 0
2.80725e+06 0
2.80734e+06 0
2.80744e+06 0
2.80758e+06 0
2.80773e+06 0
2.80792e+06 0
2.80806e+06 0
2.81617e+06 64
2.81626e+06 0
2.81631e+06 64
2.81645e+06 64
2.81679e+06 64
2.81688e+06 0
2.81741e+06 0
2.81745e+06 0
2.8175e+06 0
2.81755e+06 0
2.8176e+06 0
2.81764e+06 0
2.81769e+06 0
2.81774e+06 0
2.81779e+06 0
2.81793e+06 0
2.81798e+06 0
2.81807e+06 0
2.81822e+06 0
2.81826e+06 0
2.81836e+06 0
2.81841e+06 0
2.81845e+06 0
2.8185e+06 0
2.8186e+06 0
2.81869e+06 0
2.81884e+06 0
2.81898e+06 0
2.81917e+06 0
2.81931e+06 0
2.82737e+06 64
2.82747e+06 64
2.82751e+06 0
2.82766e+06 0
2.82799e+06 0
2.82809e+06 64
2.82861e+06 0
2.82871e+06 0
2.82875e+06 0
2.8288e+06 0
2.82885e+06 0
2.8289e+06 0
2.82895e+06 0
2.82899e+06 0
2.82909e+06 0
2.82923e+06 0
2.82928e+06 0
2.82937e+06 0
2.82952e+06 0
2.82957e+06 0
2.82966e+06 0
2.82971e+06 0
2.82976e+06 0
2.8298e+06 0
2.8299e+06 0
2.82999e+06 0
2.83014e+06 0
2.83028e+06 0
2.83047e+06 0
2.83061e+06 0
2.83882e+06 64
2.83891e+06 64
2.83896e+06 0
2.8391e+06 0
2.83944e+06 0
2.83953e+06 64
2.84006e+06 0
2.84015e+06 0
2.8402e+06 0
2.84025e+06 0
2.84029e+06 0
2.84034e+06 0
2.84039e+06 0
2.84044e+06 0
2.84053e+06 0
2.84067e+06 0
2.84072e+06 0
2.84082e+06 0
2.84096e+06 0
2.84101e+06 0
2.8411e+06 0
2.84115e+06 0
2.8412e+06 0
2.84125e+06 0
2.84134e+06 0
2.84144e+06 0
2.84158e+06 0
2.84172e+06 0
2.84191e+06 0
2.84206e+06 0
2.85026e+06 64
2.85036e+06 64
2.8504e+06 0
2.85055e+06 0
2.85088e+06 0
2.85098e+06 64
2.8515e+06 0
2.85159e+06 0
2.85164e+06 0
2.85169e+06 0
2.85174e+06 0
2.85179e+06 0
2.85183e+06 0
2.85188e+06 0
2.85198e+06 0
2.85212e+06 0
2.85217e+06 0
2.85226e+06 0
2.85241e+06 0
2.85245e+06 0
2.85255e+06 0
2.8526e+06 0
2.85264e+06 0
2.85269e+06 0
2.85279e+06 0
2.85288e+06 0
2.85303e+06 0
2.85317e+06 0
2.85336e+06 0
2.8535e+06 0
2.8617e+06 64
2.8618e+06 64
2.86185e+06 0
2.86199e+06 0
2.86232e+06 0
2.86242e+06 64
2.86294e+06 0
2.86304e+06 0
2.86309e+06 0
2.86313e+06 0
2.86318e+06 0
2.86323e+06 0
2.86328e+06 0
2.86333e+06 0
2.86342e+06 0
2.86356e+06 0
2.86361e+06 0
2.86371e+06 0
2.86385e+06 0
2.8639e+06 0
2.86399e+06 0
2.86404e+06 0
2.86409e+06 0
2.86413e+06 0
2.86423e+06 0
2.86432e+06 0
2.86447e+06 0
2.86461e+06 0
2.8648e+06 0
2.86494e+06 0
2.87315e+06 64
2.87324e+06 64
2.87329e+06 0
2.87343e+06 0
2.87377e+06 0
2.87386e+06 64
2.87439e+06 0
2.87448e+06 0
2.87453e+06 0
2.87458e+06 0
2.87463e+06 0
2.87467e+06 0
2.87472e+06 0
2.87477e+06 0
2.87486e+06 0
2.87501e+06 0
2.87506e+06 0
2.87515e+06 0
2.87529e+06 0
2.87534e+06 0
2.87544e+06 0
2.87548e+06 0
2.87553e+06 0
2.87558e+06 0
2.87568e+06 0
2.87577e+06 0
2.87591e+06 0
2.87606e+06 0
2.87625e+06 0
2.87639e+06 0
2.8845e+06 64
2.88459e+06 64
2.88464e+06 0
2.88478e+06 0
2.88512e+06 0
2.88521e+06 64
2.88574e+06 0
2.88583e+06 0
2.88588e+06 0
2.88593e+06 0
2.88598e+06 0
2.88602e+06 0
2.88607e+06 0
2.88612e+06 0
2.88621e+06 0
2.88636e+06 0
2.8864e+06 0
2.8865e+06 0
2.88664e+06 0
2.88669e+06 0
2.88678e+06 0
2.88683e+06 0
2.88688e+06 0
2.88693e+06 0
2.88702e+06 0
2.88712e+06 0
2.88726e+06 0
2.8874e+06 0
2.88759e+06 0
2.88774e+06 0
2.8958e+06 64
2.89589e+06 64
2.89594e+06 0
2.89608e+06 0
2.89642e+06 0
2.89651e+06 64
2.89704e+06 0
2.89713e+06 0
2.89718e+06 0
2.89723e+06 0
2.89728e+06 0
2.89732e+06 0
2.89737e+06 0
2.89742e+06 0
2.89751e+06 0
2.89766e+06 0
2.89771e+06 0
2.8978e+06 0
2.89794e+06 0
2.89799e+06 0
2.89809e+06 0
2.89813e+06 0
2.89818e+06 0
2.89823e+06 0
2.89833e+06 0
2.89842e+06 0
2.89856e+06 0
2.89871e+06 0
2.8989e+06 0
2.89904e+06 0
2.90724e+06 64
2.90734e+06 64
2.90739e+06 0
2.90753e+06 0
2.90786e+06 0
2.90796e+06 64
2.90848e+06 0
2.90858e+06 0
2.90862e+06 0
2.90867e+06 0
2.90872e+06 0
2.90877e+06 0
2.90882e+06 0
2.90886e+06 0
2.90896e+06 0
2.9091e+06 0
2.90915e+06 0
2.90924e+06 0
2.90939e+06 0
2.90943e+06 0
2.90953e+06 0
2.90958e+06 0
2.90963e+06 0
2.90967e+06 0
2.90977e+06 0
2.90986e+06 0
2.91001e+06 0
2.91015e+06 0
2.91034e+06 0
2.91048e+06 0
2.91869e+06 64
2.91878e+06 64
2.91883e+06 0
2.91897e+06 0
2.91931e+06 0
2.9194e+06 64
2.91993e+06 0
2.92002e+06 0
2.92007e+06 0
2.92012e+06 0
2.92016e+06 0
2.92021e+06 0
2.92026e+06 0
2.92031e+06 0
2.9204e+06 0
2.92055e+06 0
2.92059e+06 0
2.92069e+06 0
2.92083e+06 0
2.92088e+06 0
2.92097e+06 0
2.92102e+06 0
2.92107e+06 0
2.92112e+06 0
2.92121e+06 0
2.92131e+06 0
2.92145e+06 0
2.92159e+06 0
2.92179e+06 0
2.92193e+06 0
2.93013e+06 64
2.93023e+06 64
2.93027e+06 0
2.93042e+06 0
2.93075e+06 0
2.93085e+06 64
2.93137e+06 0
2.93147e+06 0
2.93151e+06 0
2.93156e+06 0
2.93161e+06 0
2.93166e+06 0
2.9317e+06 0
2.93175e+06 0
2.93185e+06 0
2.93199e+06 0
2.93204e+06 0
2.93213e+06 0
2.93227e+06 0
2.93232e+06 0
2.93242e+06 0
2.93246e+06 0
2.93251e+06 0
2.93256e+06 0
2.93266e+06 0
2.93275e+06 0
2.93289e+06 0
2.93304e+06 0
2.93323e+06 0
2.93337e+06 0
2.94153e+06 64
2.94162e+06 64
2.94167e+06 0
2.94181e+06 0
2.94215e+06 0
2.94224e+06 64
2.94277e+06 0
2.94286e+06 0
2.94291e+06 0
2.94296e+06 0
2.943e+06 0
2.94305e+06 0
2.9431e+06 0
2.94315e+06 0
2.94324e+06 0
2.94339e+06 0
2.94343e+06 0
2.94353e+06 0
2.94367e+06 0
2.94372e+06 0
2.94382e+06 0
2.94386e+06 0
2.94391e+06 0
2.94396e+06 0
2.94405e+06 0
2.94415e+06 0
2.94429e+06 0
2.94444e+06 0
2.94463e+06 0
2.94477e+06 0
2.95287e+06 64
2.95297e+06 64
2.95302e+06 0
2.95316e+06 0
2.95349e+06 0
2.95359e+06 64
2.95412e+06 0
2.95421e+06 0
2.95426e+06 0
2.95431e+06 0
2.95435e+06 0
2.9544e+06 0
2.95445e+06 0
2.9545e+06 0
2.95459e+06 0
2.95473e+06 0
2.95478e+06 0
2.95488e+06 0
2.95502e+06 0
2.95507e+06 0
2.95516e+06 0
2.95521e+06 0
2.95526e+06 0
2.95531e+06 0
2.9554e+06 0
2.9555e+06 0
2.95564e+06 0
2.95578e+06 0
2.95597e+06 0
2.95611e+06 0
2.96413e+06 0
2.96422e+06 0
2.96427e+06 64
2.96441e+06 64
2.96475e+06 64
2.96484e+06 0
2.96542e+06 0
2.96551e+06 0
2.96556e+06 0
2.96561e+06 0
2.96565e+06 0
2.9657e+06 0
2.96575e+06 0
2.9658e+06 0
2.96589e+06 0
2.96604e+06 0
2.96608e+06 0
2.96618e+06 0
2.96632e+06 0
2.96637e+06 0
2.96647e+06 0
2.96651e+06 0
2.96656e+06 0
2.96661e+06 0
2.9667e+06 0
2.9668e+06 0
2.96694e+06 0
2.96709e+06 0
2.96728e+06 0
2.96742e+06 0
2.97557e+06 0
2.97567e+06 0
2.97572e+06 64
2.97586e+06 64
2.97619e+06 64
2.97629e+06 0
2.97686e+06 0
2.97696e+06 0
2.977e+06 0
2.97705e+06 0
2.9771e+06 0
2.97715e+06 0
2.97719e+06 0
2.97724e+06 0
2.97734e+06 0
2.97748e+06 0
2.97753e+06 0
2.97762e+06 0
2.97777e+06 0
2.97781e+06 0
2.97791e+06 0
2.97795e+06 0
2.978e+06 0
2.97805e+06 0
2.97815e+06 0
2.97824e+06 0
2.97838e+06 0
2.97853e+06 0
2.97872e+06 0
2.97886e+06 0
2.98702e+06 0
2.98711e+06 0
2.98716e+06 64
2.9873e+06 64
2.98764e+06 64
2.98773e+06 0
2.9883e+06 0
2.9884e+06 0
2.98845e+06 0
2.9885e+06 0
2.98854e+06 0
2.98859e+06 0
2.98864e+06 0
2.98869e+06 0
2.98878e+06 0
2.98892e+06 0
2.98897e+06 0
2.98907e+06 0
2.98921e+06 0
2.98926e+06 0
2.98935e+06 0
2.9894e+06 0
2.98945e+06 0
2.9895e+06 0
2.98959e+06 0
2.98969e+06 0
2.98983e+06 0
2.98997e+06 0
2.99016e+06 0
2.99031e+06 0
2.99846e+06 0
2.99856e+06 0
2.9986e+06 64
2.99875e+06 64
2.99908e+06 64
2.99918e+06 0
2.99975e+06 0
2.99984e+06 0
2.99989e+06 0
2.99994e+06 0
2.99999e+06 0
