451.184 0
1121.74 0
1343.25 0
2573.6 0
2800.12 0
3023.63 0
3132.39 0
4920.53 0
5035.29 0
6708.67 0
6820.43 0
6935.19 0
8049.78 0
8164.53 0
9280.12 0
9390.88 0
9613.4 0
10955.5 0
11067.3 0
11289.8 0
11404.5 0
12855.4 0
12967.2 0
14646.5 0
14755.3 0
14981.8 0
15984.6 0
16207.2 0
17323.7 0
17552.3 0
17771.8 0
18890.4 0
19112.9 0
19340.4 0
19563.9 0
20900 0
21124.5 0
22354.9 0
22469.6 0
22581.4 0
24143 0
24257.8 0
24369.5 0
25931.2 0
26042.9 0
26153.7 0
26265.4 0
27831.1 0
27945.8 0
28057.6 0
28165.3 0
28281.1 0
29507.4 0
29619.2 0
30625 0
30847.6 0
30960.3 0
32302.4 0
32636.7 0
32748.5 0
32971 0
34316.1 0
34763.1 0
34874.9 0
35094.4 0
35209.1 0
35990.5 0
36102.2 0
36213 0
36435.5 0
37554.1 0
37665.8 0
37776.6 0
38895.2 0
39006.9 0
39117.7 0
39341.2 0
40795.1 0
40906.8 0
41018.6 0
41245.1 0
41355.9 0
42806.7 0
43029.3 0
43144 0
44259.6 0
44486.1 0
44596.9 0
45826.2 0
45938 0
46158.5 0
47502.6 0
47614.4 0
49177 0
49290.7 0
