111.759 0
562.943 1500
674.701 0
1233.49 1500
1345.25 3000
1457.01 1500
1568.77 0
3135.39 1500
3247.15 0
5032.29 0
5147.05 1500
5258.81 0
6932.19 0
7046.95 0
8161.53 0
8276.29 1500
8388.05 0
9391.88 1500
9503.64 0
9725.16 1500
9836.92 0
11067.3 0
11179 0
12967.2 0
13078.9 1500
13190.7 0
14867.1 0
15093.6 0
16096.4 0
16318.9 1500
16430.7 0
17435.5 0
17664 0
17883.5 1500
17995.3 0
19002.1 0
19224.6 0
21011.8 0
21236.3 1500
21348.1 0
22466.6 0
22581.4 0
22693.2 0
24254.8 1500
24366.5 1500
24478.3 1500
24590.1 0
26042.9 0
26154.7 3000
26266.4 3000
26378.2 1500
26490 0
27942.8 0
28057.6 0
29619.2 1500
29731 1500
29842.7 0
30736.8 0
30959.3 0
31072.1 1500
31183.8 0
32414.2 0
32748.5 0
32860.2 0
33082.7 1500
33194.5 0
34427.8 0
34874.9 0
34986.6 0
35206.1 0
36214 1500
36325.7 0
36547.2 0
37665.8 0
37777.6 3000
37889.4 1500
38001.1 0
39006.9 0
39118.7 3000
39230.5 1500
39342.2 1500
39454 0
41130.4 0
41356.9 1500
41468.6 0
42918.5 0
43141 1500
43252.8 0
44597.9 3000
44709.6 1500
44821.4 0
45938 0
46049.7 0
47614.4 0
47726.1 0
49288.7 0
49402.5 1500
49514.3 0
