3745.44 2
11197 2
13431.2 2.5
24606.1 1
28334.4 2
37272.1 2.5
38017.1 2.9
46957.8 3.24483
48449.9 3.55301
59626.8 3.83446
60371.9 4.09525
61861 4.33944
72289.8 4.56988
73037.8 4.78871
74527 1
75270 2
83463.7 3
84208.7 3.33333
93896.5 3.63333
94641.5 3.90856
95388.6 4.16441
106562 4.40454
107306 4.63158
108051 4.84749
108800 5.05378
122209 5.25165
123701 1
124447 2
125192 3
125937 3.33333
140093 3.63333
141582 3.90856
142328 4.16441
152756 4.40454
153501 4.63158
154248 4.84749
154993 5.05378
165422 1
166167 1
166915 1
167660 2
168405 3
179576 3.33333
180323 3.63333
181815 1
191502 2
192991 2.5
204908 2.9
207145 1
217574 2
228007 2.5
229499 2.9
239928 3.24483
241420 3.55301
253342 3.83446
254084 1
255577 2
266750 2.5
268242 1
276439 2
285374 2.5
286869 2.9
298040 3.24483
299534 3.55301
312944 3.83446
313689 4.09525
314432 4.33944
325613 4.56988
327102 4.78871
327843 1
328588 2
338276 3
339768 3.33333
350196 3.63333
350941 3.90856
351689 4.16441
356902 4.40454
357647 4.63158
358392 4.84749
359139 5.05378
362862 5.25165
364353 5.44207
365098 5.62582
365845 5.80357
366590 5.97588
368823 6.14322
371058 6.306
371803 6.46458
372548 6.61927
373295 6.77034
375528 6.91805
376276 7.0626
378511 7.20419
380001 7.343
380747 7.47918
381492 7.61288
382982 7.74424
383727 7.87337
384472 8.00038
385217 8.12537
