2240.32 2
6705.67 3
8198.79 2
15650.4 2.5
16395.4 2
29057.4 2.5
31297.6 2.9
48428.9 3.24483
49922 3.55301
64079.1 3.83446
64825.2 4.09525
65568.3 1
77490.2 2
78235.2 3
78981.3 3.33333
93136.4 1
93881.5 2
94627.5 2.5
108038 2.9
108783 3.24483
122939 3.55301
124429 3.83446
125174 4.09525
136351 1
138586 2
139330 2
140076 3
150506 3.33333
151251 3.63333
151995 3.90856
163172 4.16441
163917 4.40454
164662 4.63158
177328 4.84749
178817 5.05378
179563 1
180307 2
190740 2
192974 3
193719 3
202660 3.33333
203405 3.63333
204149 3.90856
214581 4.16441
215326 4.40454
216071 4.63158
227992 4.84749
229481 1
230227 2
230973 3
243639 3.33333
245127 1
245873 2
254069 2.5
256304 2.9
265986 3.24483
268224 3.55301
277167 3.83446
278655 4.09525
279401 4.33944
289083 1
290573 2
291322 3
292068 3.33333
302494 3.63333
303239 3.90856
303987 4.16441
315910 4.40454
316655 1
317398 2
318145 3
330061 3.33333
330806 3.63333
331554 3.90856
339752 4.16441
340497 4.40454
341240 4.63158
347201 4.84749
347946 5.05378
348690 5.25165
350180 5.44207
353908 5.62582
354653 5.80357
355396 5.97588
356141 6.14322
358376 6.306
359865 6.46458
360610 6.61927
361356 6.77034
362101 6.91805
363591 7.0626
365082 7.20419
367316 7.343
368061 7.47918
368806 7.61288
369554 7.74424
371044 7.87337
371786 8.00038
373279 8.12537
375511 8.24844
