1045 1
1046 2
2247 2
2248 3
2845 3
2846 4
3446 4
3447 5
4045 5
4046 6
4647 6
4648 7
5245 7
5246 8
5846 8
5847 8.125
6445 8.125
6446 8.24808
7047 8.24808
7048 8.36932
7645 8.36932
7646 8.4888
8247 8.4888
8248 8.6066
8845 8.6066
8846 8.72279
9444 8.72279
9445 8.83744
10047 8.83744
10048 8.95059
10645 8.95059
10646 9.06232
11247 9.06232
11248 9.17266
11845 9.17266
11846 9.28168
12447 9.28168
12448 9.38942
13047 9.38942
13048 9.49592
13645 9.49592
13646 9.60123
14247 9.60123
14248 9.70539
14845 9.70539
14846 9.80842
15447 9.80842
15448 9.91037
16045 9.91037
16046 10.0113
16644 10.0113
16645 10.1112
17247 10.1112
17248 10.2101
17845 10.2101
17846 10.308
18447 10.308
18448 10.405
19045 10.405
19046 10.5011
19647 10.5011
19648 10.5964
20247 10.5964
20248 10.6907
20845 10.6907
20846 10.7843
21447 10.7843
21448 10.877
22045 10.877
22046 10.9689
22647 10.9689
22648 11.0601
23246 11.0601
23247 11.1505
23844 11.1505
23845 11.2402
24447 11.2402
24448 11.3292
25045 11.3292
25046 11.4174
25647 11.4174
25648 11.505
26245 11.505
26246 11.5919
26845 11.5919
26846 11.6782
27447 11.6782
27448 11.7638
28045 11.7638
28046 11.8488
28647 11.8488
28648 11.9332
29245 11.9332
29246 12.017
29847 12.017
29848 12.1002
30447 12.1002
30448 12.1829
31045 12.1829
31046 12.265
31647 12.265
31648 12.3465
32245 12.3465
32246 12.4275
32847 12.4275
32848 12.508
33445 12.508
33446 12.5879
34044 12.5879
34045 12.6674
34647 12.6674
34648 12.7463
35245 12.7463
35246 12.8248
35847 12.8248
35848 12.9027
36445 12.9027
36446 12.9802
37047 12.9802
37048 13.0573
37647 13.0573
37648 13.1339
38245 13.1339
38246 13.21
38847 13.21
38848 13.2857
39445 13.2857
39446 13.361
40047 13.361
40048 13.4358
40645 13.4358
40646 13.5102
41244 13.5102
41245 13.5843
41847 13.5843
41848 13.6579
42445 13.6579
42446 13.7311
43047 13.7311
43048 13.8039
43645 13.8039
43646 13.8764
44247 13.8764
44248 13.9484
44847 13.9484
44848 14.0201
45445 14.0201
45446 14.0914
46047 14.0914
46048 14.1624
46645 14.1624
46646 14.233
47247 14.233
47248 14.3033
47847 14.3033
47848 14.3732
48445 14.3732
48446 14.4428
49047 14.4428
49048 14.512
49645 14.512
49646 14.5809
50247 14.5809
50248 14.6495
50845 14.6495
50846 14.7178
51444 14.7178
51445 14.7857
52047 14.7857
52048 14.8533
52645 14.8533
52646 14.9207
53247 14.9207
53248 14.9877
53845 14.9877
53846 15.0544
54447 15.0544
54448 15.1208
55047 15.1208
55048 15.187
55645 15.187
55646 15.2528
56247 15.2528
56248 15.3184
56845 15.3184
56846 15.3837
57447 15.3837
57448 15.4487
58045 15.4487
58046 15.5134
58644 15.5134
58645 15.5778
59247 15.5778
59248 15.642
59845 15.642
59846 15.706
60447 15.706
60448 15.7696
61045 15.7696
61046 15.8331
