724 0
1726 0
2202 0
2927 0
3407 0
4126 0
4607 0
5202 0
5927 0
6527 0
7007 0
7726 0
8327 0
8927 0
9407 0
10126 0
10722 0
11202 0
11927 0
12527 0
13126 0
13607 0
14206 0
14682 0
15407 0
15887 0
16607 0
17087 0
17807 0
18407 0
18887 0
19487 0
20087 0
20567 0
21047 0
21642 0
22126 0
22607 0
23202 0
24287 0
24767 0
25246 0
25722 0
26202 0
26682 0
27162 0
28246 0
28722 0
29202 0
29682 0
30166 0
30642 0
31126 0
32087 0
32567 0
32927 0
33407 0
34007 0
34367 0
35087 0
36047 0
36527 0
37007 0
37967 0
38927 0
39887 0
40367 0
40967 0
41447 0
42163 0
42642 0
43723 0
44327 0
45047 0
45527 0
46487 0
46967 0
48047 0
48527 0
49607 0
