477.837 4032
954.674 3968
1431.51 3904
1908.35 3840
2385.19 3776
2862.02 3712
3338.86 3648
3815.7 3584
4292.53 3520
4769.37 3456
5246.21 3392
5723.05 3328
6199.88 3264
6676.72 3200
7153.56 3136
7630.39 3072
8107.23 3008
8584.07 2944
9060.91 2880
9537.74 2816
10014.6 2752
10491.4 2688
10968.3 2624
11445.1 2560
11921.9 2496
12398.8 2432
12875.6 2368
13352.4 2304
13829.3 2240
14306.1 2176
14783 2112
15259.8 2048
15736.6 1984
16213.5 1920
16690.3 1856
17167.1 1792
17644 1728
18120.8 1664
18597.6 1600
19074.5 1536
19551.3 1472
20028.2 1408
20505 1344
20981.8 1280
21458.7 1216
21935.5 1152
22412.3 1088
22889.2 1024
23366 960
23842.9 896
24319.7 832
24796.5 768
25273.4 704
25750.2 640
26227 576
26703.9 512
27180.7 448
27657.6 384
28134.4 320
28611.2 256
29088.1 192
29564.9 128
30041.7 64
30518.6 0
