973.575 0
1452.41 0
1932.25 0
2406.09 0
2885.92 0
3359.76 0
3839.6 0
4313.44 0
4793.27 0
5267.11 0
5746.95 0
6220.78 0
6700.62 0
7174.46 0
7654.3 0
8128.13 0
8607.97 0
9081.81 0
9561.64 0
10035.5 0
10515.3 0
10989.2 0
11469 0
11942.8 0
12422.7 0
12896.5 0
13376.3 0
13850.2 0
14330 0
14803.9 0
15283.7 0
15757.5 0
16237.4 0
16711.2 0
17191 0
17664.9 0
18144.7 0
18618.6 0
19098.4 0
19572.2 0
20052.1 0
20525.9 0
21005.7 0
21479.6 0
21959.4 0
22433.2 0
22913.1 0
23386.9 0
23866.8 0
24340.6 0
24820.4 0
25294.3 0
25774.1 0
26247.9 0
26727.8 0
27201.6 0
27681.5 0
28155.3 0
28635.1 0
29109 0
29588.8 0
30062.6 0
30542.5 0
31019.3 0
