2241.32 2241.32
6709.67 4468.35
8199.79 5958.46
14906.3 8196.64
16394.4 9684.75
28317.4 13411
31296.6 14902.2
40983.3 12666
49179 8195.64
58864.7 9685.75
60352.9 11173.9
71531.7 12667
73018.8 12666
83447.7 11915.9
84939.8 13408
85685.8 12667
96858.7 13411
99096.9 14157.1
99841.9 14902.2
101331 15645.2
113998 17139.3
116980 17883.4
117725 17883.4
119212 17881.4
119958 18627.5
131879 17881.4
133369 16388.3
134117 16391.3
144545 12666
146783 13414
147528 13411
159447 14901.2
161684 14901.2
162429 15646.2
175090 13406
175835 14151.1
176582 14153.1
187759 12669
188506 12671
189248 12666
189996 13414
201170 13411
201915 11918.9
202660 12664
213091 11920.9
214580 12665
226502 13411
227991 13411
242893 16391.3
244385 16394.3
245130 17139.3
258539 14154.1
259284 14154.1
269715 11175.9
271204 11919.9
271950 12666
281638 11922.9
283871 12667
284616 12666
285363 13413
295047 13409
297282 11918.9
298027 12664
306970 11922.9
309948 11920.9
320381 13411
323359 13411
331557 11175.9
332297 11915.9
334534 11174.9
341988 10430.8
342733 10435.8
344220 11922.9
349434 6701.52
350925 8192.64
351674 7453.58
355395 5960.46
356140 5214.41
356885 5211.41
357631 5957.46
360610 5215.41
362101 5961.46
362845 5960.46
363590 5959.46
364337 6705.52
367320 6709.52
368807 6705.52
370297 7451.58
371045 7454.58
371787 7450.58
373277 5957.46
374025 6705.52
374767 5960.46
375512 5215.41
376257 5212.41
377003 5215.41
377751 4473.35
378496 4470.35
379241 5215.41
379986 5218.41
