242 0
843 0
1206 0
1803 0
2283 0
2646 0
3005 0
3603 0
4204 0
4682 0
5283 0
5646 0
6126 0
7083 0
8162 0
8642 0
9007 0
9726 0
9847 0
10567 0
11047 0
11407 0
12007 0
12607 0
13807 0
14767 0
15247 0
16087 0
16202 0
16927 0
17407 0
18722 0
18847 0
19567 0
20407 0
20887 0
21967 0
22327 0
22807 0
24007 0
24722 0
25203 0
26047 0
26646 0
27126 0
27607 0
29047 0
29527 0
29887 0
31087 0
31202 0
31683 0
32162 0
33607 0
34087 0
35407 0
35767 0
36246 0
38047 0
38162 0
39007 0
39847 0
40447 0
41887 0
43204 0
43685 0
43927 0
45367 0
47527 0
47887 0
49202 0
49807 0
