241 1
242 2
846 2
847 3
1241 3
1242 4
2326 4
2327 5
2446 5
2447 6
3526 6
3527 7
3645 7
3646 8
4721 8
4722 8.125
5326 8.125
5327 8.24808
5446 8.24808
5447 8.36932
6046 8.36932
6047 8.4888
7125 8.4888
7126 8.6066
7246 8.6066
7247 8.72279
7846 8.72279
7847 8.83744
8446 8.83744
8447 8.95059
9406 8.95059
9407 9.06232
9526 9.06232
9527 9.17266
10125 9.17266
10126 1
10725 1
10726 2
11326 2
11327 3
12406 3
12407 4
13006 4
13007 5
13125 5
13126 1
18641 1
18642 2
19125 2
19126 1
20806 1
20807 2
22246 2
22247 2.5
22366 2.5
22367 2.9
23926 2.9
23927 3.24483
24406 3.24483
24407 1
27161 1
27162 2
27642 2
27643 2.5
29201 2.5
29202 2.9
30766 2.9
30767 3.24483
31245 3.24483
31246 1
34966 1
34967 2
35926 2
35927 2.5
36766 2.5
36767 1
38201 1
38202 2
38685 2
38686 1
39642 1
39643 2
40606 2
40607 1
42286 1
42287 2
42766 2
42767 1
44201 1
44202 2
46125 2
46126 1
47326 1
47327 2
47926 2
47927 2.5
48406 2.5
48407 1
49846 1
49847 2
