2984.38 2
7454.73 3
8942.85 4
17139.5 2
18628.6 2.5
19376.7 2.9
20121.7 2.9
32785.7 3.24483
33532.8 3.55301
49919 3.83446
50667.1 4.09525
51412.2 1
60354.9 2
61845 3
62588 3.33333
72273.8 3.63333
73018.8 3.90856
74508 4.16441
86429.9 1
87174.9 2
88667.1 3
90154.2 3.33333
105056 3.63333
105798 3.90856
107291 4.16441
119212 1
119954 2
120705 3
121450 3.33333
134114 3.63333
134859 3.90856
136348 4.16441
149017 4.40454
149760 4.63158
151249 4.84749
152739 5.05378
160191 5.25165
160936 5.44207
162425 5.62582
163914 5.80357
164662 5.97588
172112 6.14322
172857 1
174346 2
176584 3
177328 4
184033 4.25
184778 4.48529
188501 4.70824
189249 4.92064
197446 1
198189 2
201912 3
202657 3.33333
211601 3.63333
212346 3.90856
213834 4.16441
222778 4.40454
223522 4.63158
225010 4.84749
225757 5.05378
235443 5.25165
236189 5.44207
237676 5.62582
238423 5.80357
239166 5.97588
248108 6.14322
248853 6.306
250342 6.46458
251087 6.61927
251832 6.77034
262264 6.91805
263011 7.0626
264498 7.20419
265243 7.343
265988 7.47918
266733 7.61288
277910 1
278657 2
280147 3
280891 4
281637 4.25
282379 4.25
283124 4.48529
292811 4.48529
293558 4.70824
294300 4.92064
295045 5.12386
303239 5.31903
303987 1
304731 2
305479 3
306966 3.33333
316650 3.63333
317398 3.90856
318887 4.16441
330061 4.40454
330809 4.63158
332301 4.84749
333042 5.05378
