2240.32 2240.32
9690.9 7450.58
11179 8938.7
22356.9 12666
23845 12666
32782.7 10425.8
34275.8 10430.8
35019.9 11174.9
41728.4 8945.7
43216.5 8940.7
52154.2 10425.8
53647.3 10430.8
63330.1 11175.9
64823.2 11175.9
66313.3 12666
78231.2 14901.2
79724.4 14901.2
81214.5 14901.2
82704.6 16391.3
95372.6 17141.3
96860.7 17136.3
98350.8 17136.3
99842.9 17138.3
112508 17135.3
113253 17880.4
114742 17881.4
126665 14157.1
127409 14156.1
128898 14156.1
138585 11919.9
139330 11920.9
140819 11920.9
141563 12665
153482 14897.2
154231 14901.2
155722 14903.2
156464 14901.2
157210 15647.2
170622 14900.2
171366 14901.2
172114 14903.2
184033 12668
184777 12663
195209 11175.9
196698 11921.9
197443 12666
209363 14154.1
210856 14157.1
211599 14156.1
212345 14902.2
222775 13411
225012 14156.1
225757 14158.1
236188 11175.9
236933 11920.9
237677 11919.9
246618 10430.8
247363 10430.8
248107 10430.8
248853 11175.9
260027 13409
260774 13411
261519 13411
262264 13411
263009 14156.1
273438 13411
274186 13411
274930 13411
275675 13411
276420 13411
287597 14158.1
288342 14903.2
289086 14900.2
289831 14901.2
290576 14901.2
291321 14901.2
303244 15647.2
303989 15647.2
304734 16392.3
305479 16393.3
306222 16391.3
315164 10429.8
315909 11174.9
316653 11173.9
318143 11920.9
327085 11920.9
327830 11920.9
328574 11920.9
329319 12666
330809 12666
341986 14901.2
342731 14901.2
343476 14902.2
344222 14903.2
344967 15648.2
346455 15646.2
359867 15645.2
360612 16390.3
362103 17136.3
362848 16393.3
