1495.27 49.8278
5216.56 20.0215
5964.61 33.3408
14160.3 16.6611
15650.4 15.3846
27573.3 11.1095
29061.4 11.1111
40979.3 11.1153
42474.5 11.1095
43219.5 15.7872
52155.2 15.3926
52902.3 15.3894
63336.1 13.3274
64824.2 12.499
65568.3 17.6471
77492.2 15.7895
78980.3 15.7895
79724.4 15.7895
80470.4 19.9987
91643.3 21.0601
93138.4 21.0497
93883.5 21.0482
94626.5 21.0526
105803 21.0467
106549 24.9916
107293 26.3195
108038 26.3195
108783 26.3158
119955 26.3232
120705 26.3176
121450 30.002
122196 29.996
122939 30
134861 16.6667
135606 21.0526
136350 21.0556
137095 21.0526
149017 21.0526
149762 21.0526
150506 21.0526
151251 25
151996 25
162428 27.7778
163173 27.7778
163917 27.7778
164662 27.7778
165407 31.5789
166152 31.5789
178819 27.2727
179564 27.2727
180308 27.2727
181053 27.2727
181800 27.2694
182545 27.2694
183290 30.4312
198191 26.9231
198936 26.9231
199681 13.6372
200427 17.3913
213092 11.1111
213837 11.1119
224268 13.3333
225013 13.3333
237680 11.1103
238425 15.7884
239168 15.7906
250345 17.6485
251086 17.654
251836 22.2222
260775 15.3783
261517 21.4286
262265 21.4327
272696 18.75
273437 18.75
274186 18.75
274931 23.5294
288343 19.0476
289088 19.0428
289832 19.0476
290577 19.0476
291322 22.7273
306220 20.838
306965 20.838
307713 20.8333
308458 20.8333
309203 20.8333
321870 23.8034
322611 27.2727
323361 27.2644
324106 27.2694
335281 17.6415
336026 22.2156
336770 22.2255
337515 22.2255
349438 21.0511
350183 21.0511
350926 21.0526
351674 24.9966
352419 24.9966
358375 41.6853
