2441 2000
2683.32 242.323
2684.32 1
7167.97 4483.65
7168.97 1
10131.9 2962.93
11623 1491.12
22799.9 11176.9
25033.1 2233.17
25034.1 1
36208.9 11174.9
36209.9 1
45891.7 9681.75
46636.7 745.058
59305.7 12669
59306.7 1
60050.8 744.058
74206.9 14156.1
74954 747.058
87614.9 12661
98790.8 11175.9
98791.8 1
108477 9684.75
109222 745.058
119655 10433.8
119656 1
120402 746.058
130831 10428.8
132322 1491.12
145734 13412
159141 13406
170316 11175.9
170317 1
182987 12670
184476 1489.12
195648 11171.9
195649 1
196393 744.058
207569 11175.9
209063 1494.12
209064 1
210554 1489.12
223216 12662
223217 1
223966 749.058
235881 11915.9
236627 745.058
237372 745.058
237373 1
250043 12670
250044 1
250788 744.058
261959 11170.9
262704 745.058
264198 1494.12
264199 1
273879 9680.75
276865 2985.23
289531 12666
289532 1
303687 14155.1
304428 741.058
312624 8196.64
312625 1
313369 743.058
322310 8941.7
323802 1492.12
323803 1
324548 745.058
334234 9685.75
337955 3721.29
337956 1
344661 6704.52
347645 2984.23
348390 745.058
355096 6705.52
355097 1
356585 1488.12
357330 745.058
361799 4469.35
362544 745.058
362545 1
363289 744.058
364035 746.058
368507 4471.35
369996 1489.12
370742 746.058
371486 744.058
371487 1
372231 744.058
372976 745.058
373721 745.058
374466 745.058
375211 745.058
375956 745.058
375957 1
376701 744.058
377447 745.058
378192 745.058
378937 745.058
379682 745.058
380427 745.058
