4473.5 2
10433 3
12667.1 4
21608.8 5
23097.9 2
25338.1 3
26828.2 3
35023.9 3.33333
36513 3.63333
39494.2 3.90856
44705.6 4.16441
46198.7 4.40454
46943.8 4.63158
52901.3 4.84749
54394.4 5.05378
55140.4 5.25165
55884.5 5.44207
63332.1 5.62582
65571.3 5.80357
66311.3 5.97588
67060.4 1
67805.4 2
77488.2 3
80467.4 3.33333
81212.5 3.63333
91648.3 3.90856
94628.5 1
95373.6 2
104310 2
105799 2.5
113251 2.9
115490 3.24483
125172 3.55301
127406 3.83446
128900 4.09525
140073 1
143057 1
144547 1
145290 2
159449 3
160194 3.33333
173603 1
174348 2
175839 2.5
184776 2.9
186270 3.24483
197447 3.55301
198936 3.83446
199680 4.09525
212343 4.33944
213837 4.56988
214583 4.78871
215327 4.99753
227249 5.19763
227994 1
228738 2
229483 3
238420 3.33333
239165 3.63333
239914 3.90856
248851 4.16441
249596 4.40454
250341 4.63158
259281 4.84749
260771 5.05378
261517 5.25165
262266 5.44207
273437 5.62582
275678 5.80357
276423 5.97588
277167 6.14322
277912 6.306
289829 6.46458
290574 6.61927
291323 1
292068 2
292814 3
294304 3
306220 4
306965 4.25
308459 4.48529
320376 4.70824
321870 4.92064
322616 1
324106 2
336772 3
339003 3.33333
347199 3.63333
347943 3.90856
350178 4.16441
357630 4.40454
358374 4.63158
360609 4.84749
362099 5.05378
368065 5.25165
368810 5.44207
371040 5.62582
372535 5.80357
373280 5.97588
376257 6.14322
