3728.44 2
12667.1 2
14160.3 2.5
26824.2 2.9
29062.4 3.24483
38000.1 3.55301
38745.2 3.83446
39489.2 4.09525
50666.1 4.33944
51411.2 4.56988
52155.2 4.78871
52900.3 4.99753
64825.2 1
65567.3 2
66315.3 3
67060.4 3.33333
78236.2 1
78978.3 2
80471.4 2
89410.1 2.5
90898.2 2.9
101331 3.24483
102075 3.55301
113996 3.83446
114741 4.09525
115485 4.33944
129642 4.56988
130387 1
131131 2
131880 3
146779 3.33333
147524 3.63333
149013 1
158700 2
159445 2.5
170620 2.9
171366 3.24483
181051 3.55301
181796 3.83446
182540 4.09525
191482 4.33944
192227 4.56988
192971 4.78871
193716 4.99753
204896 5.19763
205638 5.39003
206382 5.57555
207127 5.75491
216069 5.92867
216814 6.09735
217558 6.26135
218303 6.42106
219048 6.5768
228735 6.72885
229480 6.87746
230224 7.02286
230969 7.16526
231714 7.30482
233204 7.44171
243639 7.57609
244381 7.70809
245125 7.83782
245870 7.96541
246615 8.09095
248105 8.21454
249596 8.33628
259282 8.45624
260030 8.57449
260775 1
261517 2
262266 3
263756 4
264500 5
265987 5.2
273439 5.39231
274184 5.57776
276421 5.75704
277908 1
278656 2
286105 3
286850 3.33333
289832 3.63333
298771 3.90856
299515 4.16441
302498 4.40454
310692 4.63158
311439 4.84749
312926 5.05378
315909 5.25165
322613 5.44207
323358 5.62582
324101 5.80357
324846 5.97588
327830 6.14322
335281 6.306
336026 6.46458
336771 6.61927
337516 6.77034
341242 6.91805
341987 7.0626
