4172.44 2
13110.1 2
14604.7 2.5
28013.3 2.9
30995.5 1
36954 2
44404.6 2.5
45892.7 2.9
53345.3 3.24483
54833.4 3.55301
64521.1 3.83446
66009.3 4.09525
67499.4 4.33944
79422.3 1
80912.4 2
82404.5 3
83890.7 3.33333
98048.8 3.63333
99536.9 3.90856
100286 4.16441
111460 1
112205 2
112950 3
114438 3.33333
124126 3.63333
124873 3.90856
126359 4.16441
136792 4.40454
137537 4.63158
139025 4.84749
140519 5.05378
149458 5.25165
150203 5.44207
150946 5.62582
152436 5.80357
153926 5.97588
162869 6.14322
163614 6.306
164357 6.46458
166592 6.61927
168082 6.77034
178515 6.91805
179260 7.0626
180003 1
180748 1
182242 2
183732 3
192673 4
193418 4.25
194159 4.48529
203847 4.70824
204592 4.92064
205335 5.12386
206825 5.31903
218748 1
219493 2
220238 3
221726 3.33333
222475 3.63333
235886 3.90856
236630 4.16441
237373 4.40454
250786 4.63158
251531 4.84749
252274 5.05378
253764 5.25165
264197 5.44207
264942 5.62582
265685 5.80357
266430 5.97588
267920 6.14322
277608 6.306
278353 1
279096 2
279845 3
281335 3
282075 4
292509 4.25
293999 4.48529
294741 4.70824
296232 4.92064
305922 5.12386
308153 5.31903
308900 5.50703
310388 5.68862
317097 5.86441
318584 6.03493
320078 6.20063
320823 6.36191
321564 6.51909
329763 6.67249
330508 1
331250 2
331999 3
332744 4
333489 4.25
343174 4.48529
343919 4.70824
344664 4.92064
346155 5.12386
