725 16
1685 25
2166 30
3487 33
4084 28
4565 25
5165 27
6123 26
7327 21
8887 19
9367 17
9847 17
10447 15
10927 15
12487 14
13807 13
15247 13
15722 13
16202 13
16682 13
17162 13
18247 14
19447 15
20887 15
21367 15
21847 15
22327 15
22807 15
23767 15
24607 16
26047 16
26642 16
27126 16
27607 16
28087 16
28927 17
29887 17
31203 17
31682 17
32162 18
32642 18
33126 18
33607 18
34567 18
35767 19
36247 19
36722 19
37202 19
37682 20
38162 20
39126 20
39967 21
40567 20
41047 20
41527 20
42007 20
42487 18
43567 17
44047 17
45007 17
45487 15
45967 15
46447 15
47887 15
48367 15
49206 16
49682 16
