2257.32 1946.32
6723.67 4466.35
9704.9 7446.58
19389.7 12666
21628.8 11923.9
33549.8 14160.1
34294.8 12666
43976.6 10426.8
44721.6 10426.8
46210.7 11914.9
56642.6 12666
57387.6 12666
58876.7 12666
59623.8 13412
67073.4 10430.8
68562.5 11174.9
70052.6 11175.9
71547.7 11923.9
78249.2 11175.9
79738.4 12664
81228.5 12666
89425.1 11175.9
90914.2 11175.9
93149.4 11920.9
102836 13411
104330 13416
105075 14160.1
115502 11171.9
116247 11171.9
116991 11914.9
125933 10430.8
126678 10430.8
127423 10431.8
137109 9685.75
137854 10429.8
149775 12666
150520 12666
163931 14156.1
164676 14900.2
178832 14901.2
179577 14901.2
191500 12668
192987 13410
194477 14899.2
205656 14156.1
207893 14906.2
209378 14901.2
210126 15647.2
218322 12666
219065 11171.9
220554 11175.9
221299 11173.9
230243 11920.9
230986 12663
232475 13410
233220 12666
233970 12671
245887 15644.2
246632 15646.2
248121 17134.3
261534 15646.2
262279 16390.3
272713 11179.9
273458 11179.9
284632 11918.9
285375 12661
286865 13406
298043 13411
298786 13411
300276 14899.2
301023 14158.1
310709 12666
311452 12666
312942 12666
313689 12666
314437 13413
321885 11175.9
322628 11175.9
324122 11180.9
324864 11175.9
334551 11922.9
336043 11920.9
336785 11920.9
346470 11918.9
347964 11178.9
358393 11922.9
359880 11915.9
370316 11922.9
371801 13407
372548 12668
377022 6705.52
378507 6705.52
379257 7454.58
380002 7453.58
381487 4465.35
382232 3725.29
382977 3720.29
383727 3725.29
384472 4469.35
385217 3730.29
