3745.44 3245.44
11197 7451.58
13431.2 9684.75
24609.1 13412
28334.4 14903.2
35779.9 11170.9
38020.1 9685.75
38762.2 10426.8
46960.8 11180.9
49938 11917.9
50683.1 11920.9
52175.2 13412
62607 11923.9
63352.1 12668
64841.2 12666
73037.8 10430.8
73779.9 10427.8
75272 10430.8
76762.1 11919.9
85698.8 12661
86445.9 12666
87938 12666
97624.8 11178.9
99113.9 11175.9
110286 12661
111781 14155.1
112526 13412
124444 12663
125187 12661
138600 13413
152014 13414
152759 14158.1
163185 11170.9
163930 11170.9
175106 11175.9
175851 11919.9
187027 11920.9
188521 12670
198948 11920.9
199693 12665
200442 11920.9
211614 12666
212359 12666
213104 13410
225030 12671
233965 8935.7
234710 9679.75
244396 10430.8
245141 10430.8
257062 12666
258552 14155.1
259297 14156.1
273453 16391.3
275694 17141.3
276439 17885.4
277183 17885.4
288360 14906.2
289850 14156.1
290590 14151.1
295805 5955.46
296550 5960.46
298044 7453.58
303256 7450.58
304750 8199.64
306984 8939.7
312942 9685.75
314436 11178.9
315926 11175.9
318160 11175.9
325608 12666
327102 12666
327848 13411
329337 13411
331572 13412
336038 10430.8
337528 10426.8
338274 10425.8
339768 10430.8
341258 11919.9
342004 10431.8
346470 10431.8
348709 11180.9
349454 11180.9
350943 11175.9
356160 7450.58
356905 8194.64
358394 8939.7
359884 8940.7
363606 7446.58
364351 7445.58
365845 7450.58
367335 8939.7
368081 8196.64
373292 9685.75
374037 9686.75
375531 9686.75
377022 9686.75
377767 10430.8
378512 10430.8
383727 10434.8
