3742.29 0
8212.64 0
11192.9 0
13428 0
22368.7 1
23858.9 1
24603.9 1
28329.2 1
35779.8 1
38015 1
38760 1
44720.5 1
46955.7 1
48445.8 1
49190.8 1
57386.5 1
59621.6 1
61111.8 1
61856.8 1
70797.5 1
72287.6 1
73777.7 1
75267.9 1
76012.9 1
89424 1
90169 1
91659.1 1
106560 1
107305 1
108795 1
109541 1
120716 1
122207 1
122952 1
134873 1
137108 1
137853 1
148284 1
151264 1
159459 1
161695 1
170635 1
171380 1
173616 1
184791 1
185536 1
186282 1
188517 1
201183 1
201928 1
202673 1
204908 1
205653 1
216829 1
217574 1
231730 1
232475 1
233220 1
246631 1
247376 1
255572 1
256317 1
266748 1
267493 1
268238 1
280904 1
281649 1
282394 1
283139 1
295805 1
297295 1
306981 1
308471 1
309216 1
318157 1
320392 1
321137 1
321882 1
331568 1
334548 1
344979 1
345724 1
347959 1
358390 1
359135 1
361370 1
362115 1
365841 1
366586 1
368821 1
370311 1
371801 1
374036 1
374781 1
376271 1
377016 1
378506 1
379997 1
380742 1
381487 1
382232 1
382977 1
384467 1
