4489.5 19.2746
12687.1 9.08869
14921.3 14.2843
29079.4 9.09035
29823.5 9.99933
39507.2 14.2898
47702.9 9.09091
48449.9 16.6629
58880.7 13.3309
59625.8 13.3333
71546.7 11.7647
72291.8 16.6667
73035.8 16.6679
87193.9 14.2848
87939 14.2848
88682.1 18.1829
89429.1 18.1796
101350 21.0526
102094 11.7656
112523 13.3369
113270 18.7516
114014 18.7516
124444 18.75
125191 18.75
125935 18.75
126680 23.5294
138600 21.0526
139348 21.0511
140091 21.0526
140836 21.0526
141581 25
151268 29.4071
152011 29.4187
152759 29.4071
153502 29.4118
163934 18.7469
164679 18.7516
165423 18.75
177345 16.6667
178091 16.6654
178834 21.0541
179579 21.0526
190012 23.5276
190756 23.5313
191500 23.5294
192247 27.7736
193737 26.3121
200438 35.7314
201187 20.0027
201931 27.2794
210873 21.4204
211618 21.4286
212363 21.4265
222790 18.7563
224283 22.2239
225029 22.2222
225773 22.2239
236951 21.0452
239185 19.9987
239930 23.808
240674 23.811
241419 23.8095
248125 33.3363
250361 33.3333
251106 33.3333
260046 15.3846
261536 20.0018
262282 20
271963 18.7563
274203 17.6457
274948 17.6471
275692 22.2239
284629 23.5294
286869 23.5294
287614 23.5294
288360 23.5257
289105 27.7736
299535 24.9916
301770 16.6679
302515 16.6679
309961 21.4388
312200 21.4286
313690 20.0018
321137 20
324122 18.7484
325611 22.2239
327102 22.2206
332314 26.6643
334553 28.5714
336041 28.5714
337531 31.25
339022 31.2526
343489 33.3363
344234 38.4814
344982 41.6667
346474 41.6573
347964 41.6573
348708 46.1491
354670 39.9821
355410 40
