1510.27 2
5234.56 2
5978.61 2.5
16411.4 2
17899.5 2.5
31314.6 2.9
32800.7 3.24483
40254.3 3.55301
40998.3 3.83446
41741.4 4.09525
49194 4.33944
49939 4.56988
50682.1 4.78871
51427.2 4.99753
59624.8 5.19763
60369.9 5.39003
61112.9 5.57555
61858 5.75491
71545.7 5.92867
72290.8 6.09735
73035.8 6.26135
73778.9 6.42106
74524 6.5768
84958.8 6.72885
86444.9 6.87746
87191.9 1
87935 2
88684.1 2
89429.1 3
99112.9 4
100601 4.25
101346 4.48529
111034 4.70824
112522 4.92064
114012 1
114759 2
125935 3
127423 3.33333
139346 1
140838 1
141583 2
153501 2.5
154247 2.9
166912 3.24483
167657 3.55301
178834 3.83446
179578 4.09525
181067 4.33944
192245 1
192989 2
194482 3
195225 3.33333
207148 3.63333
207891 1
209383 2
219067 2.5
220555 2.9
230245 3.24483
232476 3.55301
242163 1
243656 1
245146 2
255575 2.5
257063 2.9
267497 3.24483
268984 3.55301
280907 3.83446
281653 1
282395 2
295065 2.5
295809 2.9
306238 1
306983 2
314434 2.5
315179 2.9
324864 3.24483
325610 3.55301
338276 3.83446
339021 1
339766 2
351690 2.5
353176 2.9
360629 3.24483
362116 3.55301
369568 3.83446
371061 4.09525
371806 4.33944
376276 4.56988
377022 4.78871
377763 4.99753
378508 5.19763
379253 5.39003
379998 5.57555
380743 5.75491
381488 5.92867
382233 6.09735
382978 6.26135
383723 6.42106
384472 6.5768
385217 6.72885
