4470.35 0
11920.9 0
13411 0
23841.9 0
24586.9 0
26077 0
26822.1 0
38743 0
40233.1 0
41723.3 0
43213.4 0
43958.4 0
45448.5 0
46938.7 0
49173.8 0
57369.5 0
58859.6 0
59604.6 0
60349.7 0
61094.8 0
62584.9 0
64075 0
71525.6 0
73015.7 0
73760.7 0
80466.3 0
81956.4 0
83446.5 0
84191.6 0
85681.7 0
93877.3 0
95367.4 0
96857.5 0
97602.6 0
99092.7 0
99837.8 0
110269 0
111759 0
113994 0
122935 0
124425 0
125170 0
128150 0
139326 0
140071 0
143051 0
152737 0
153482 0
164658 0
165403 0
177324 0
178069 0
179559 0
191480 0
193715 0
203401 0
205636 0
214577 0
216067 0
217557 0
227243 0
228733 0
239909 0
242144 0
253320 0
254810 0
257045 0
268221 0
269711 0
270456 0
271201 0
280142 0
280887 0
290573 0
291318 0
292808 0
299513 0
300258 0
301749 0
303239 0
309199 0
310689 0
312179 0
314415 0
315905 0
321865 0
323355 0
324845 0
327080 0
328571 0
336766 0
338256 0
339001 0
340492 0
342727 0
344217 0
350922 0
352412 0
353158 0
353903 0
