4473.5 2
10433 3
12667.1 4
21608.8 5
23097.9 2
25338.1 3
26828.2 3
35019.9 3.33333
36513 3.63333
39494.2 3.90856
45450.7 4.16441
46194.7 4.40454
47688.9 4.63158
55136.4 4.84749
55880.5 5.05378
56625.6 5.25165
58119.7 5.44207
66312.3 5.62582
67805.4 5.80357
68551.5 5.97588
69295.5 6.14322
70785.7 6.306
81213.5 1
83452.7 2
84197.7 3
84942.8 4
86431.9 4
87172.9 4.25
96859.7 1
97603.8 2
99098.9 3
99843.9 3.33333
108780 3.63333
109525 3.90856
111019 4.16441
119955 4.40454
121450 4.63158
123684 4.84749
124429 5.05378
134857 5.25165
137097 5.44207
139330 5.62582
140821 1
141565 1
151993 1
154228 2
156466 3
168384 3.33333
169874 3.63333
170622 3.90856
181050 4.16441
183289 4.40454
184033 1
194461 2
195206 3
196700 3.33333
207872 3.63333
208617 3.90856
210856 4.16441
219793 4.40454
220538 1
222779 2
224269 3
233204 3.33333
237678 3.63333
239168 3.90856
246615 4.16441
251834 4.40454
253325 4.63158
260771 4.84749
262266 5.05378
267480 5.25165
268971 5.44207
274183 5.62582
274928 5.80357
275673 5.97588
280146 6.14322
281636 6.306
288339 6.46458
289833 6.61927
290579 6.77034
295047 6.91805
296538 7.0626
298028 1
304731 1
305475 2
306220 3
308460 4
309949 4.25
310694 4.48529
316651 4.70824
317396 4.92064
318145 5.12386
318890 5.31903
324846 5.50703
325592 5.68862
326337 5.86441
327087 6.03493
327832 6.20063
335277 6.36191
