341.425 341.425
1010.98 669.552
1232.49 891.07
2239.32 1228.35
2461.84 1450.86
2685.36 1452.86
2907.88 1675.38
4588.26 2348.93
4698.01 2458.69
4809.77 2347.93
4923.53 2461.69
6709.67 1899.9
6821.43 1897.9
8050.78 1229.35
9615.4 1564.62
11180 1564.62
11291.8 1676.38
12856.4 1676.38
14534.8 1678.38
14646.5 1790.14
16209.2 1674.38
16320.9 1674.38
17662 1452.86
17773.8 1564.62
17885.5 1564.62
19114.9 1452.86
19337.4 1563.62
19452.2 1678.38
19560.9 1675.38
20679.5 1564.62
20791.3 1453.86
20902 1449.86
21013.8 1452.86
21237.3 1676.38
22134.4 1454.86
22244.1 1452.86
22357.9 1455.86
22466.6 1452.86
23585.2 1341.1
23697 1339.1
23807.8 1341.1
25038.1 1452.86
25149.9 1452.86
25260.6 1452.86
25487.1 1679.38
26602.7 1564.62
26714.5 1564.62
28390.9 1788.14
28502.6 1788.14
28725.1 2010.66
30290.8 1899.9
30402.5 1899.9
31964.1 1673.38
32189.7 1787.14
33975.8 2011.66
34201.3 2011.66
34314.1 2124.42
36102.2 2126.42
36437.5 2123.42
37887.4 1785.14
38227.6 1790.14
39788.2 1900.9
39899 2011.66
40124.5 1896.9
41464.6 1676.38
41692.1 1793.14
41803.9 1904.9
41912.7 1788.14
43140 1675.38
43252.8 1560.62
43365.5 1561.62
43477.3 1564.62
43700.8 1788.14
45040.9 1900.9
45152.7 1899.9
45268.4 1902.9
45380.2 1902.9
45600.7 1899.9
45824.2 2123.42
47052.6 1672.38
47276.1 1895.9
47389.8 1789.14
47612.4 1788.14
48280.9 1228.35
48728.9 1452.86
48842.7 1452.86
49065.2 1452.86
49845.5 1564.62
49958.3 1677.38
