228.666 228.666
783.46 554.794
895.219 666.552
1789.29 1005.83
2015.81 1232.35
2128.56 1233.35
2351.08 1455.86
3916.7 2127.42
4024.46 2235.17
4363.74 2347.93
4475.5 2459.69
6487.15 2011.66
6598.91 2123.42
7828.26 1341.1
7940.02 1341.1
9281.12 1452.86
9392.88 1564.62
9503.64 1563.62
10734 1452.86
10845.7 1452.86
10957.5 1564.62
11068.3 1564.62
12187.8 1453.86
12409.4 1563.62
12522.1 1564.62
12633.9 1565.62
12744.6 1676.38
13635.7 1447.86
13859.2 1449.86
14085.7 1563.62
14198.5 1564.62
14309.3 1564.62
14421 1676.38
15428.9 1793.14
15764.1 1904.9
15985.6 1899.9
16097.4 1898.9
17217 1452.86
17328.7 1564.62
17438.5 1452.86
17550.3 1452.86
18669.9 1452.86
18781.6 1452.86
18891.4 1452.86
19003.1 1452.86
19226.6 1676.38
20234.5 1564.62
20346.2 1564.62
20458 1566.62
20567.8 1564.62
21794.1 1447.86
21905.9 1447.86
22020.6 1452.86
23363.7 1569.62
23475.5 1454.86
24812.6 1448.86
24923.3 1447.86
26265.4 1452.86
26376.2 1563.62
26491 1567.62
27941.8 1676.38
28052.6 1676.38
28167.3 1791.14
28279.1 1788.14
29730 1788.14
29840.7 1788.14
29952.5 1785.14
30069.2 1790.14
30181 1901.9
31740.6 1671.38
31852.4 1783.14
32078.9 1897.9
33864 2011.66
34087.6 2008.66
35880.7 2016.66
36216 2128.42
36324.7 2237.17
37776.6 1895.9
38004.1 1788.14
38115.9 1791.14
38337.4 2012.66
40010.8 1894.9
40236.3 1898.9
40460.8 2123.42
42024.4 1788.14
42136.2 1675.38
43589 1564.62
43813.6 1677.38
43924.3 1788.14
45491.9 1902.9
45712.5 1898.9
45937 2012.66
46047.7 2123.42
47164.3 1672.38
47500.6 1788.14
48506.4 1342.1
48617.2 1452.86
48953.5 1452.86
