1490.12 0
5215.41 0
5960.46 0
10430.8 0
12666 1
14156.1 1
14901.2 1
25332 2
27567.1 2
28312.2 2
45448.5 2
46938.7 2
57369.5 2
58114.5 2
68545.3 2
81211.3 2
82701.4 2
94622.4 2
103563 2
104308 2
111759 2
113249 2
122190 2
123680 2
125170 2
135601 2
137091 2
137836 2
146031 2
146776 2
153482 2
154972 2
163913 2
165403 2
166148 2
176579 2
178069 2
178814 2
179559 2
188500 2
189990 2
190735 2
191480 2
198931 2
200421 2
201911 2
202656 2
203401 2
211596 2
213087 2
213832 2
216067 2
216812 2
217557 2
227988 2
229478 2
230223 2
231713 2
243634 2
244379 2
245124 2
246614 2
254065 2
254810 2
255555 2
257045 2
257790 2
265986 2
267476 2
268221 2
268966 2
270456 2
271946 2
280887 2
282377 2
283122 2
283867 2
293553 2
295788 2
296533 2
297278 2
309199 2
312179 2
323355 2
326335 2
327826 2
337511 2
340492 2
347942 2
350922 2
358373 2
361353 2
362098 2
366569 2
367314 2
368059 2
369549 2
373274 2
374019 2
374764 2
376254 2
377744 2
378489 2
