228.666 0
783.46 0
895.219 0
1789.29 0
2015.81 0
2128.56 0
2351.08 0
3917.7 0
4029.46 0
4364.74 0
4475.5 0
4587.26 0
4811.77 0
5035.29 0
5256.81 0
7270.47 0
7377.22 0
7938.02 0
8049.78 0
8164.53 0
9392.88 0
9505.64 0
10622.2 0
10734 0
10844.7 0
12186.8 0
12299.6 0
13528 0
13639.7 0
14870.1 0
15091.6 0
15204.3 0
16317.9 0
16544.4 0
16658.2 0
16770 0
18221.8 0
18333.6 0
18444.3 0
19898.2 0
20006 0
21687.3 0
21908.9 0
23475.5 0
23697 0
23810.8 0
25035.1 0
25150.9 0
25261.6 0
25373.4 0
26827.2 0
26939 0
27051.8 0
28392.9 0
28503.6 0
30180 0
30292.8 0
30516.3 0
31853.4 0
31968.1 0
33197.5 0
33309.2 0
34535.6 0
34650.3 0
34761.1 0
36326.7 0
36438.5 0
38115.9 0
38227.6 0
39456 0
39567.7 0
40797.1 0
40908.8 0
42473.5 0
42585.2 0
42697 0
44149.8 0
44372.4 0
45714.5 0
45826.2 0
47055.6 0
47167.3 0
47278.1 0
48956.5 0
49068.2 0
