4473.5 2
10433 3
12667.1 4
21608.8 1
23097.9 2
25338.1 2.5
26827.2 2.5
38749.2 2.9
39489.2 3.24483
48429.9 3.55301
49924 3.83446
51414.2 4.09525
60350.9 4.33944
62591 4.56988
64080.1 4.78871
64826.2 4.99753
75257 5.19763
77491.2 5.39003
78232.2 5.57555
78981.3 5.75491
88663.1 5.92867
90153.2 6.09735
91647.3 6.26135
92392.3 6.42106
93137.4 6.5768
104314 6.72885
106549 6.87746
108039 7.02286
108785 7.16526
109529 7.30482
110274 1
119210 2
120706 2
122196 3
122941 4
123686 4.25
124430 4.48529
134112 4.70824
134857 4.92064
135606 5.12386
136351 5.31903
146778 5.50703
147523 5.68862
148268 5.86441
149017 6.03493
149762 6.20063
160935 6.36191
162428 6.51909
163174 6.67249
163918 6.82236
164663 6.96893
165408 7.11243
173601 7.25303
175094 1
175840 2
176585 3
177330 4
178075 4.25
179564 4.48529
188502 4.70824
190741 4.92064
191481 5.12386
192975 5.31903
202658 5.50703
204897 5.68862
205637 5.86441
207131 1
207874 1
216814 2
219793 3
220538 3.33333
232459 3.63333
233953 3.90856
235443 4.16441
246620 4.40454
248105 4.63158
249600 4.84749
250346 1
258541 2
260771 3
261517 3.33333
271947 3.63333
272692 3.90856
273437 4.16441
284613 4.40454
286103 4.63158
286849 1
287598 2
301005 3
303244 3.33333
312926 3.63333
314420 1
316651 1
324101 2
334537 2.5
336026 2.9
343474 3.24483
344219 3.55301
352415 3.83446
353160 4.09525
