1935.27 2
5659.56 2
8642.79 2
17584.5 2
20564.7 2.5
32481.6 2.9
33226.7 1
39187.2 2
47382.8 2.5
48871.9 2.9
57068.6 3.24483
58557.7 3.55301
69734.5 1
71228.7 2
71972.7 2.5
86874.9 2.9
87619.9 3.24483
101031 1
101773 1
102521 2
112203 2.5
113692 2.9
124124 3.24483
125613 1
138284 2
139029 2.5
149456 2.9
150201 3.24483
161377 3.55301
162122 3.83446
163611 4.09525
177027 4.33944
177772 4.56988
179257 4.78871
180006 1
194163 1
194908 2
196393 3
206081 3.33333
207569 3.63333
208318 3.90856
220237 4.16441
221727 4.40454
222470 4.63158
232903 4.84749
235141 5.05378
236627 1
237372 2
247804 3
248549 3
250038 3.33333
261215 3.63333
261961 3.90856
263449 1
274630 2
275375 2.5
285056 2.9
285802 3.24483
297722 3.55301
298468 3.83446
299956 4.09525
311882 4.33944
312624 4.56988
314113 4.78871
314862 4.99753
323800 5.19763
324545 5.39003
326034 5.57555
326779 1
333486 2
334231 3
335719 3.33333
336468 3.33333
343172 3.63333
344662 3.90856
346155 4.16441
349877 4.40454
352113 4.63158
352858 4.84749
353601 5.05378
356583 5.25165
358818 5.44207
359563 5.62582
360306 5.80357
361796 5.97588
364033 6.14322
367014 6.306
367759 6.46458
368502 6.61927
369992 6.77034
372229 6.91805
373717 7.0626
376702 7.20419
377448 7.343
378188 7.47918
379683 7.61288
381918 7.74424
383408 7.87337
384153 8.00038
385643 8.12537
