4917.5 2
13856.6 2
16090.4 2.5
30250.5 2.9
31737.6 1
36954 2
43659.5 2.5
44402.6 2.9
53345.3 3.24483
54088.3 3.55301
64521.1 3.83446
66010.3 4.09525
66754.3 4.33944
79422.3 1
80914.4 1
82404.5 2
83145.6 3
98046.8 1
99540.9 1
100286 1
111458 2
121889 2.5
123380 2.9
135300 3.24483
136791 1
145730 2
146476 2.5
157651 2.9
158396 3.24483
171808 3.55301
173298 3.83446
174043 4.09525
189691 1
191924 2
192669 3
193418 3.33333
203845 3.63333
204590 3.90856
205335 4.16441
216511 4.40454
218002 4.63158
218750 4.84749
219492 5.05378
229922 5.25165
230667 5.44207
231412 5.62582
232158 5.80357
233648 1
244080 2
245572 3
246317 3.33333
247059 3.63333
258979 3.90856
259724 4.16441
260469 4.40454
270904 4.63158
272391 4.84749
273135 1
273881 2
282821 3
284312 3.33333
294742 1
295491 2
296978 2
309643 1
311137 2
322311 2.5
323058 2.9
331997 3.24483
332744 3.55301
340940 3.83446
341685 4.09525
342427 4.33944
347640 4.56988
348385 4.78871
349132 4.99753
350622 5.19763
354346 5.39003
355091 5.57555
355836 5.75491
357328 5.92867
358071 6.09735
361051 6.26135
362543 6.42106
363291 6.5768
364779 6.72885
365522 6.87746
366267 7.02286
369247 7.16526
370739 7.30482
371487 7.44171
372974 7.57609
374464 7.70809
375212 7.83782
375954 7.96541
378938 8.09095
380428 8.21454
381173 8.33628
382663 8.45624
384898 8.57449
