487 487
1087 587
1487 487
1967 467
2686 686
3162 662
3887 887
4367 867
4967 967
5686 1186
6287 1287
6767 1267
7487 1487
8087 1587
8686 1686
9162 1662
10247 1747
10967 1967
11447 1947
12166 2166
12642 2142
13367 2367
13967 2467
14327 2327
15047 2547
15527 2527
16126 2626
16847 2847
17206 2706
17807 2807
18287 2787
18767 2767
19487 2987
19967 2967
20686 3186
21287 3287
21767 3267
22367 3367
22967 3467
23327 3327
23807 3307
24407 3407
25007 3507
25367 3367
25847 3347
26447 3447
27047 3547
27527 3527
28007 3507
28722 3722
29202 3702
29683 3683
30287 3787
31007 3507
31487 3487
32087 3587
32682 3682
33287 3787
33643 3643
34247 3747
34967 3467
35927 3427
36407 3407
37007 3507
37367 3367
37967 3467
38327 3327
39287 3287
39767 3267
40847 3347
41202 3202
41686 3186
42642 3142
43126 3126
44202 3202
44686 3186
45287 3287
45887 3387
46367 3367
46847 3347
47927 3427
48642 3642
49247 3747
49722 3722
49967 3467
