228.666 228.666
783.46 554.794
895.219 666.552
1789.29 1005.83
2015.81 1232.35
2128.56 1233.35
2351.08 1455.86
3916.7 2127.42
4028.46 2239.17
4363.74 2347.93
4475.5 2459.69
4587.26 2458.69
4811.77 2683.21
5035.29 2684.21
5147.05 2795.97
6259.64 2342.93
6375.4 2346.93
7046.95 1899.9
8051.78 1792.14
8163.53 1903.9
8386.05 2010.66
9388.88 1225.35
9615.4 1229.35
10953.5 1564.62
11069.3 1680.38
11291.8 1676.38
12858.4 1789.14
13079.9 1788.14
14422 1563.62
14534.8 1454.86
15870.9 1448.86
15986.6 1564.62
16097.4 1562.62
17547.3 1676.38
17659 1672.38
17774.8 1788.14
17885.5 1788.14
19674.7 2127.42
19899.2 2240.17
20010 2235.17
20122.7 2237.17
20234.5 2348.93
21798.1 1675.38
21910.9 1788.14
22020.6 1786.14
23470.5 1672.38
23586.2 1675.38
24928.3 1457.86
25039.1 1452.86
26604.7 1676.38
28391.9 1787.14
28616.4 2011.66
30403.5 1787.14
30515.3 1898.9
32415.2 2011.66
32526.9 2011.66
34316.1 1900.9
34426.8 2011.66
34539.6 2012.66
35875.7 1448.86
35991.5 1451.86
37552.1 1676.38
37667.8 1676.38
37780.6 1789.14
39121.7 1453.86
39232.5 1451.86
40457.8 1336.1
40573.6 1341.1
40796.1 1563.62
42245.9 1788.14
42361.7 1788.14
42584.2 1788.14
42694 1897.9
44145.8 1899.9
44257.6 1895.9
44484.1 1899.9
44593.9 1899.9
45938 1792.14
46049.7 1903.9
46160.5 1902.9
46384 1899.9
46609.5 2015.66
47722.1 1784.14
47837.9 1788.14
47948.6 1898.9
49398.5 1676.38
49510.3 1672.38
49627 1789.14
49738.8 1790.14
