242 242
843 601
1206 706
1803 960
2283 1283
2646 1440
3005 1505
3603 1800
4202 2202
4685 2402
5284 2784
5642 2996
6246 3246
6605 3600
7087 3587
7683 4080
7927 3927
8527 4325
9007 4507
9847 4847
10327 4827
11047 5405
11162 5162
12487 5987
12607 6002
12847 5847
13327 5827
13807 5807
14642 5642
15126 5626
15607 5607
16087 5587
17162 5662
17643 5143
18247 5247
18607 5107
19087 5087
19927 4927
20407 4907
20887 4887
21367 4867
22327 4827
22807 4807
23287 4787
23767 4767
24247 4747
24722 4722
25203 4703
25682 4682
26162 4662
27007 4507
27487 4487
27967 4467
28447 4447
28927 4427
29527 4527
29887 4387
30367 4367
30847 4347
31807 4307
32287 4287
32767 4267
33247 4247
34202 4202
34567 4067
35047 4047
35887 3887
36367 3867
36847 3847
37327 3827
38407 3907
38887 3887
39367 3867
39847 3847
40327 3827
40807 3807
41287 3787
42247 3747
42722 3722
43202 3702
43682 3682
44162 3662
44642 3642
45126 3626
45967 3467
46447 3447
46927 3427
47407 3407
47887 3387
48367 3367
48845 3345
49327 3327
49807 3360
