2241.32 33.2419
6709.67 11.1042
8199.79 18.1726
14906.3 9.99655
16394.4 13.6337
28317.4 5.2622
31296.6 4.76127
39489.2 3.77348
41727.4 3.57107
49180 3.02992
50667.1 4.41149
52903.3 4.22502
61845 3.61416
63333.1 3.52924
64080.1 4.65079
67059.4 4.44417
76746.1 3.88323
78981.3 3.77334
79727.4 3.73803
83450.7 3.57125
84197.7 4.42446
95372.6 3.90604
99098.9 2.2555
99841.9 2.23871
107290 2.08331
109528 2.04074
110273 2.02695
111017 2.68449
118470 2.51559
121449 2.4539
122194 2.43894
122938 2.42418
123683 3.01197
132625 2.80888
136350 2.73216
137095 2.71731
137839 2.70264
152741 1.46337
153486 1.45627
154230 1.44925
167644 1.33328
168389 1.32739
169131 1.76208
169876 1.75435
181053 1.64605
181798 1.63931
182543 1.63262
183290 2.03245
184032 2.02426
195209 1.14501
195954 1.14066
196698 1.13635
210111 1.06381
210856 0.7067
224267 0.33222
234697 0.317455
236190 0.630898
248108 0.300295
249599 0.597005
263010 0.283282
263753 0.564967
277909 0.268094
278654 0.534755
291322 0.511502
292811 0.5089
303243 0.491394
303990 0.735279
304735 0.733482
315164 0.472807
315909 0.471692
327832 0.454537
329319 0.452484
330809 0.675669
339008 0.659329
339748 0.657893
341243 0.65501
342730 0.869557
347943 0.428264
348688 0.641024
349433 0.639657
355394 0.628929
356886 0.626299
357631 0.624994
362099 0.617282
363591 0.819665
365082 0.816319
365825 0.814661
368810 0.808067
370297 0.804822
371045 1.004
372532 0.999992
373280 0.997988
374767 0.994027
375512 0.992055
376257 0.990091
377003 0.988134
377751 1.18341
378496 1.18108
379241 1.17876
379986 1.17645
