3728.44 3728.44
9687.9 5959.46
11177 7448.58
20863.8 11175.9
22353.9 12666
23843 12666
24592.1 13415
34278.8 13415
36510 15646.2
39494.2 14902.2
46195.7 11916.9
49179 12669
50665.1 11170.9
52160.2 12666
58120.7 11924.9
61096.9 11917.9
62586 11920.9
64081.1 11920.9
65571.3 13411
70038.6 11917.9
73762.9 12666
75252 12666
81214.5 11175.9
84938.8 11175.9
86427.9 11175.9
92390.3 11175.9
97604.8 12666
99094.9 12667
99843.9 13416
106546 14156.1
109526 11920.9
111015 11919.9
111761 11916.9
113250 13406
119957 13411
122937 13411
124431 13416
125176 13415
126666 13416
135604 15646.2
137094 17136.3
140073 13407
141567 14901.2
147525 11920.9
149758 12664
152739 12666
154233 12666
160191 12666
161681 14156.1
162426 12668
165409 12670
173602 11920.9
174347 11920.9
176585 11175.9
186268 12666
189995 13410
201172 14904.2
205641 15646.2
213090 11917.9
214583 13411
218304 12663
226504 11920.9
230970 12666
237677 11172.9
242891 11920.9
243636 12666
250343 12666
257050 13414
263754 13411
271952 14902.2
283124 11171.9
284618 12666
295045 11920.9
296534 11915.9
305480 10434.8
306225 11179.9
306965 10430.8
318887 13407
319632 13407
320377 14152.1
321866 14901.2
330812 11924.9
332297 12665
333043 12666
334532 12666
335280 13414
344964 14152.1
346458 14161.1
347203 14160.1
348693 14161.1
349436 14156.1
350178 14898.2
359869 11175.9
360612 11175.9
361354 11917.9
362844 12666
368810 8940.7
369553 8940.7
370300 8945.7
371790 8945.7
