2257.32 1946.32
6723.67 4466.35
9704.9 7446.58
19389.7 12666
21628.8 11923.9
33549.8 14160.1
34294.8 12666
43980.6 10430.8
44725.6 10430.8
46210.7 11914.9
56642.6 12662
57387.6 12662
58876.7 12666
59623.8 13412
70053.6 13411
70798.7 13411
72287.8 13411
73777.9 14154.1
84954.8 14901.2
85699.8 15645.2
87188.9 16390.3
87934 15646.2
89424.1 15646.2
100601 15646.2
101346 15646.2
102840 17139.3
103585 16396.3
104330 16396.3
105815 16391.3
113267 12666
115503 11172.9
116991 11175.9
118486 12670
125192 11924.9
127422 11918.9
128914 11922.9
130407 11920.9
137109 11916.9
138598 13405
142325 11917.9
149775 12666
151264 12666
155739 13414
165421 15646.2
166911 17135.3
179577 12666
180323 13411
190753 11175.9
191499 11175.9
204164 13411
204910 14156.1
206398 14899.2
216830 12666
217579 12669
219064 14153.1
226516 8936.7
228005 10424.8
229500 10435.8
237692 11175.9
239181 11175.9
248870 11177.9
250357 11175.9
260788 11918.9
262278 11920.9
263025 12667
274200 13411
275689 13411
289101 14901.2
290595 14906.2
301769 12668
303256 12661
304003 13407
313690 11920.9
315177 11920.9
315924 11920.9
316669 12665
326356 12666
327848 12671
329333 13409
330080 13411
338277 11920.9
339022 12665
340509 12661
341999 12666
343494 13414
348707 10430.8
349454 10432.8
350939 11916.9
351687 11177.9
355414 5959.46
356900 5960.46
358395 7454.58
359137 7450.58
364355 8940.7
365841 8940.7
367336 8940.7
368081 8943.7
369571 10432.8
375531 11176.9
377022 11180.9
