724 16
1726 33
2202 34
2927 25
3407 26
4126 31
4607 32
5202 29
5927 25
6527 23
7007 23
7722 20
8807 26
9407 25
10007 29
10487 24
11202 27
11807 26
12407 24
12887 25
13487 24
13967 24
14567 23
15047 23
15527 23
16126 22
16722 22
17682 26
18162 27
18642 27
19367 25
19847 25
20447 24
20927 24
21407 24
21887 24
22607 27
22967 24
23567 27
24047 27
24527 27
25007 27
25607 27
26087 27
26682 26
27162 26
27642 26
28126 26
28726 26
29327 25
29927 24
30527 27
31126 26
31607 26
32087 26
32807 25
33287 25
33887 24
34367 24
35087 23
35567 23
36047 23
36527 23
37126 23
37607 23
38202 22
38682 22
39767 22
40247 22
40722 22
41202 22
41682 22
42162 23
42642 23
43126 23
44087 23
44686 22
45162 23
45527 23
46007 23
46367 21
46722 22
47447 21
48163 22
48767 22
49126 23
49607 23
49967 20
