228.666 228.666
783.46 554.794
895.219 666.552
1789.29 1005.83
2015.81 1232.35
2128.56 1233.35
2351.08 1455.86
3912.7 2123.42
4024.46 2235.17
4364.74 2348.93
4475.5 2459.69
4587.26 2458.69
4811.77 2683.21
5033.29 2682.21
5256.81 2905.73
7493.98 3581.28
8163.53 3351.76
8276.29 3243
8388.05 3354.76
8499.81 3243
9612.4 1224.35
9724.16 1336.1
9839.92 1340.1
10730 1117.59
10953.5 1229.35
11069.3 1229.35
12294.6 1564.62
12634.9 1681.38
12745.6 1792.14
12856.4 1787.14
14198.5 1903.9
14534.8 1899.9
14645.5 1899.9
14756.3 2010.66
14979.8 2123.42
16433.7 2235.17
16765 2230.17
16881.7 2236.17
16993.5 2237.17
17105.2 2125.42
17215 2235.17
18893.4 1899.9
19000.1 1894.9
19114.9 2009.66
19338.4 2123.42
20457 1563.62
20564.8 1564.62
20681.5 1566.62
20905 1566.62
22356.9 1451.86
22579.4 1674.38
24033.3 1676.38
24143 1786.14
24369.5 1790.14
25486.1 1452.86
25822.4 1452.86
26716.5 1230.35
27049.8 1227.35
28052.6 1336.1
28279.1 1562.62
28501.6 1451.86
29621.2 1568.62
29843.7 1564.62
30067.2 1788.14
30290.8 1789.14
31522.1 1900.9
31743.6 1899.9
31854.4 1787.14
32080.9 1790.14
32189.7 1898.9
33305.2 1783.14
33642.5 1561.62
33754.3 1564.62
35098.4 1793.14
35430.7 1788.14
35654.2 1899.9
35765.9 2011.66
37557.1 1902.9
37668.8 1902.9
37780.6 2014.66
39233.5 1564.62
39342.2 1561.62
40686.3 1452.86
40795.1 1452.86
41019.6 1677.38
42022.4 1336.1
42248.9 1453.86
42472.5 1452.86
42582.2 1562.62
43475.3 1452.86
43700.8 1451.86
44039.1 1566.62
44146.8 1564.62
45487.9 1448.86
45599.7 1452.86
45825.2 1678.38
47387.8 1899.9
47499.6 1899.9
47727.1 1901.9
49065.2 1677.38
