673.701 2
1566.77 3
1905.05 4
3354.91 5
3693.19 6
4141.22 7
4252.98 1
6376.4 2
6599.91 1
6706.67 2
6818.43 2.5
8048.78 2.9
8159.53 3.24483
9278.12 3.55301
9388.88 3.83446
9504.64 4.09525
11065.3 4.33944
11177 1
11288.8 2
13188.7 3
13416.2 3.33333
15205.3 3.63333
15427.9 3.90856
15540.6 1
16654.2 2
16993.5 2.5
18111.1 2.9
18446.3 3.24483
19671.7 3.55301
19894.2 3.83446
20006 4.09525
21124.5 4.33944
21463.8 4.56988
21570.6 4.78871
21686.3 4.99753
23136.2 5.19763
23582.2 1
23694 2
25040.1 3
25151.9 3.33333
26490 3.63333
26600.7 3.90856
26827.2 1
27831.1 2
27941.8 2.5
28948.7 2.9
29174.2 1
30513.3 2
32077.9 2.5
32303.4 1
33866 2
35433.7 2.5
35541.4 2.9
36995.3 3.24483
37220.8 3.55301
39009.9 3.83446
39232.5 4.09525
39341.2 4.33944
40683.3 4.56988
40908.8 1
41133.4 2
42583.2 3
43029.3 3.33333
43812.6 1
44039.1 2
45600.7 2.5
46050.7 2.9
47500.6 3.24483
48058.4 3.55301
48729.9 3.83446
48841.7 1
49399.5 2
49850.5 2.5
