1495.27 1495.27
5216.56 3721.29
5964.61 4469.35
14160.3 8943.7
15650.4 9685.75
27573.3 13413
29061.4 13411
40979.3 13406
42472.5 13411
43216.5 14155.1
50665.1 9685.75
52155.2 9682.75
53648.3 10431.8
54392.4 11175.9
61846 11180.9
64081.1 11925.9
65571.3 11922.9
67059.4 12667
74507 8935.7
75252 9680.75
76745.1 9685.75
85682.8 11175.9
86427.9 11175.9
87923 11177.9
99842.9 13415
101332 13409
114740 14897.2
116233 14901.2
116977 15645.2
132625 17885.4
134115 17881.4
134859 17881.4
135605 18627.5
149017 16391.3
150506 16391.3
160938 11920.9
161683 12666
163172 12666
175094 14156.1
175839 14156.1
177328 14156.1
188505 12666
189994 12666
200426 11920.9
201915 11920.9
213837 13411
214582 14156.1
216071 14156.1
229484 15647.2
230229 15647.2
230974 16392.3
239170 8940.7
239915 8940.7
240658 9683.75
248856 9685.75
249597 9681.75
250344 9685.75
259282 10426.8
260027 11171.9
260772 11175.9
262265 11920.9
271948 12666
273440 13413
274184 14156.1
274931 14158.1
276423 14158.1
286108 14160.1
288344 14903.2
289085 14901.2
297280 8936.7
298025 8940.7
298770 9685.75
306966 9685.75
308456 10430.8
309201 10430.8
318142 11175.9
319632 12666
321124 12668
321869 12668
332298 14156.1
333790 14158.1
334533 14901.2
344964 12666
346454 12664
353164 8199.64
354652 8197.64
358376 5212.41
359121 4469.35
359866 5214.41
363591 5215.41
365082 5960.46
365827 5960.46
366573 6706.52
370297 6705.52
372532 7450.58
373280 7453.58
374023 7450.58
377751 7453.58
378496 8198.64
379986 7453.58
