1510.27 2
5234.56 2
5978.61 2.5
16411.4 2
17899.5 2.5
31312.6 2.9
32800.7 3.24483
40253.3 1
40998.3 2
41743.4 2.5
50684.1 2.9
51429.2 3.24483
62605 3.55301
63350.1 3.83446
64095.1 4.09525
75271 4.33944
76759.1 4.56988
77506.2 4.78871
78249.2 4.99753
90172.2 1
91662.3 2
92407.3 3
93154.4 3
103583 3.33333
104328 3.63333
105071 3.90856
114014 4.16441
114759 4.40454
115502 4.63158
125935 4.84749
126680 5.05378
127423 5.25165
128168 5.44207
139346 5.62582
140091 5.80357
140834 5.97588
141579 6.14322
142324 6.306
153502 6.46458
154247 6.61927
154990 6.77034
155735 6.91805
156480 1
157225 1
167660 2
168405 3
169150 3
169891 3
178834 4
179579 4.25
180322 4.48529
190010 4.70824
190755 4.92064
191498 5.12386
192243 5.31903
203422 5.50703
204166 1
204909 2
205658 3
206403 3
219069 3.33333
219812 1
220555 2
229498 2.5
230243 2.9
239184 3.24483
239929 3.55301
251105 3.83446
251850 4.09525
253338 4.33944
265261 1
266006 2
267498 3
268240 3.33333
278672 3.63333
279419 3.90856
280905 4.16441
289848 4.40454
290593 4.63158
291336 4.84749
292081 5.05378
299533 5.25165
300279 5.44207
301024 5.62582
301767 5.80357
302512 5.97588
309220 6.14322
310707 6.306
311452 6.46458
312197 6.61927
312943 6.77034
320395 6.91805
321883 7.0626
322630 7.20419
323373 7.343
324118 7.47918
324867 7.61288
332316 7.74424
334553 1
335296 2
