4473.5 2
11922.1 3
13411.2 4
23843 5
24588.1 6
26077.2 7
26822.2 8
38748.2 8.125
40233.3 8.24808
41728.4 8.36932
43213.5 1
43959.6 2
45453.7 3
46943.8 4
49178 5
53646.3 5.2
54390.4 5.2
55134.4 5.39231
59608.8 5.57776
61094.9 5.75704
65567.3 5.93074
66312.3 6.09935
67055.4 6.26331
70039.6 6.42297
71525.7 6.57866
75997.1 6.73066
76742.1 6.87924
77486.2 7.0246
78976.3 7.16696
81960.5 7.30649
83446.7 7.44335
89409.1 7.5777
90153.2 7.70967
90897.2 7.83937
92387.3 7.96694
93133.4 8.09245
96862.7 8.21603
97607.8 8.33774
102820 8.45768
103564 8.57591
104308 8.69252
106544 8.80756
107290 8.9211
108779 9.03319
110274 9.14389
111018 1
117721 2
118466 3
119214 4
121446 4
122191 5
123685 5.2
124430 5.39231
126664 5.57776
134112 5.75704
134861 5.93074
135606 6.09935
136346 6.26331
138581 1
145288 2
146033 3
146778 3
147527 3
149012 4
159444 4.25
160189 4.48529
161678 4.70824
162428 4.92064
172110 5.12386
172855 5.31903
173599 5.50703
174344 5.68862
183285 5.86441
184030 6.03493
184775 6.20063
185520 6.36191
187010 6.51909
195206 6.67249
195951 6.82236
196695 6.96893
197441 7.11243
198931 1
199676 2
208617 3
209362 4
210108 4.25
210852 4.48529
212342 4.70824
223519 1
224264 2
225009 3
226503 3.33333
236930 3.63333
237675 3.90856
238419 4.16441
250341 4.40454
251086 4.63158
251830 4.84749
253325 5.05378
260026 5.25165
