1495.27 2
5216.56 2
5964.61 2.5
14160.3 2
15650.4 2.5
27573.3 2.9
29061.4 3.24483
40984.3 3.55301
42472.5 3.83446
43216.5 4.09525
52159.2 4.33944
53649.3 4.56988
55138.4 1
55882.5 2
64826.2 3
67059.4 3.33333
75256 3.63333
76002.1 3.90856
76745.1 4.16441
87177.9 4.40454
87923 4.63158
88666.1 4.84749
90156.2 5.05378
99838.9 1
100584 2
101329 3
102824 3.33333
103566 3.63333
111760 3.90856
113250 4.16441
113997 1
123686 2
125916 1
127411 2
140077 2.5
141565 2.9
149758 3.24483
151248 3.55301
158699 3.83446
160192 4.09525
161682 4.33944
170619 1
173605 2
175093 3
186266 3.33333
187759 3.63333
188503 3.90856
196696 4.16441
198190 4.40454
198934 4.63158
207872 1
208617 2
210113 3
211601 3.33333
223519 3.63333
224264 3.90856
225012 4.16441
236187 4.40454
236935 4.63158
237678 4.84749
238423 5.05378
250345 5.25165
251088 5.44207
251834 5.62582
252579 5.80357
254069 1
263011 2
264499 3
265247 3.33333
277167 3.63333
277910 3.90856
278656 4.16441
289088 4.40454
289831 4.63158
290577 4.84749
291322 5.05378
302499 5.25165
303242 5.44207
303988 5.62582
304733 5.80357
305478 5.97588
316655 6.14322
317401 6.306
318144 6.46458
318889 6.61927
319634 6.77034
327082 6.91805
327831 7.0626
328575 7.20419
329320 7.343
330065 7.47918
330810 7.61288
338262 7.74424
339007 7.87337
339752 8.00038
340498 8.12537
341243 8.24844
341988 8.36968
