2624 2000
4489.5 1865.5
4490.5 1
12220.5 7729.99
12221.5 1
12687.1 465.644
14921.3 2234.17
29079.4 14158.1
29823.5 744.058
29824.5 1
39509.2 9684.75
40254.3 745.058
40999.3 745.058
41000.3 1
49941 8940.7
51429.2 1488.12
52175.2 746.058
52919.3 744.058
62606 9686.75
62607 1
64095.1 1488.12
64840.2 745.058
65585.3 745.058
76017.1 10431.8
77506.2 1489.12
77507.2 1
78996.3 1489.12
79741.4 745.058
80486.4 745.058
93151.4 12665
94642.5 1491.12
95388.6 746.058
95389.6 1
96132.6 743.058
96877.7 745.058
97622.8 745.058
108053 10429.8
112526 4473.35
113271 745.058
114014 743.058
121464 7449.58
123701 2237.17
124446 745.058
125190 744.058
125191 1
134130 8938.7
137858 3728.29
138603 745.058
150523 11919.9
152758 2235.17
153503 745.058
153504 1
164679 11174.9
167659 2980.23
176600 8940.7
176601 1
180326 3725.29
189264 8937.7
191501 2237.17
198205 6703.52
200442 2237.17
209380 8938.7
209381 1
212363 2981.23
220556 8193.64
221301 745.058
221302 1
224284 2981.23
230242 5958.46
230987 745.058
232478 1491.12
235459 2981.23
235460 1
242161 6700.52
242911 750.058
244399 1488.12
248126 3727.29
248871 744.058
248872 1
255574 6702.52
256317 743.058
257810 1493.12
259300 1490.12
260046 746.058
261536 1489.12
261537 1
268983 7446.58
269728 745.058
275694 5965.46
275695 1
282394 6699.52
283139 745.058
294315 11175.9
294316 1
295805 1489.12
306238 10432.8
320394 14156.1
320395 1
331570 11174.9
333061 1491.12
343491 10429.8
343492 1
