1495.27 49.8278
5216.56 14.2826
5964.61 24.9826
14160.3 10.5232
15650.4 9.52128
27573.3 5.4042
29061.4 5.12747
40979.3 3.63626
42473.5 3.50835
43219.5 5.17168
51414.2 4.34739
54394.4 4.1092
55137.4 4.05382
56630.6 5.26259
63335.1 4.7055
69293.5 2.15044
70783.7 3.15775
77491.2 2.88442
81959.5 2.72717
84194.7 2.65477
90157.2 2.4792
90902.2 3.2785
93880.5 3.1745
96115.6 3.10067
102074 2.91968
103567 2.87758
105059 3.54589
107292 3.47212
109527 3.40126
116979 3.18457
122938 1.21209
123683 1.80718
129645 1.72407
135604 1.64831
137094 1.6304
144546 1.54634
146037 2.04074
150508 1.98012
158703 0.938937
159448 1.40182
161681 1.38246
171370 1.3043
173602 0.858354
184034 0.809694
186268 0.799986
194465 0.766263
195210 1.14501
197444 1.13206
207131 1.07911
207876 1.07524
208620 1.42854
210111 1.41841
221287 1.34677
222032 1.34225
222778 1.33776
235443 0.632898
236189 0.946352
236934 0.943376
247364 0.903596
248854 0.898189
249601 0.8955
250344 1.19046
263011 1.13312
263756 1.12992
264501 1.12674
272696 0.546438
274186 0.54347
274932 0.812993
283127 0.789459
284616 0.785329
285361 0.783278
294299 0.759491
295049 1.01008
295794 1.00754
296537 1.00501
303985 0.980388
304730 0.977991
305475 1.21951
306223 1.21653
307713 1.21064
314416 1.18483
315909 1.17923
316656 1.17645
317399 1.17369
318144 1.40513
319634 1.39858
327832 1.36361
330062 1.3544
330807 1.35135
331555 1.3483
332300 1.34527
333790 1.56248
334534 1.55901
340498 1.5317
343473 1.51843
344218 1.51515
344963 1.51187
345713 1.50859
347203 1.50212
347945 1.71305
