4473.5 4473.5
14901.3 10427.8
16391.4 11917.9
30548.5 15647.2
31293.6 14902.2
39489.2 8940.7
40234.3 8940.7
41723.4 10429.8
50665.1 11175.9
51410.2 11175.9
52899.3 11175.9
53648.3 11924.9
62586 11920.9
63331.1 11920.9
64820.2 11920.9
66310.3 12662
77491.2 14905.2
78236.2 15650.2
79721.4 16390.3
80466.4 15646.2
81961.5 15651.2
90898.2 13407
91647.3 13411
92392.3 14156.1
100584 8936.7
101329 9681.75
102073 9680.75
103563 11170.9
111760 11175.9
112505 11175.9
113250 11176.9
114744 11180.9
125171 11920.9
125916 12666
128154 13410
139331 14160.1
140076 14160.1
143055 14901.2
143800 15646.2
154973 15642.2
155718 15642.2
158702 15646.2
159447 15646.2
160933 17132.3
168384 13411
169133 13415
172858 14156.1
173603 14156.1
174348 13415
183285 14901.2
184030 15646.2
184776 15642.2
188504 15646.2
198936 14905.2
199681 15650.2
201166 16390.3
204150 15646.2
214578 15642.2
215323 15642.2
216812 15646.2
218307 17141.3
221286 17136.3
230970 16392.3
231714 16391.3
232459 15647.2
233208 14901.2
233953 15646.2
246616 14157.1
247360 14152.1
248104 14151.1
249600 15646.2
259281 12665
261520 11919.9
263006 13406
271947 12666
274186 12666
284614 12667
286852 12666
298769 14155.1
301009 14157.1
302494 15642.2
311439 12670
312925 11915.9
313674 11179.9
314419 11924.9
321122 9682.75
322610 9685.75
324100 10426.8
324849 10430.8
333046 11923.9
334531 13409
335280 12670
336771 12671
337515 12666
344963 11916.9
346453 11921.9
347947 13416
348691 13411
350182 13411
350926 13411
