366 1
367 2
966 2
967 4
1366 4
1367 8
1846 8
1847 9
2566 9
2567 10
3046 10
3047 11
3766 11
3767 12
4245 12
4246 13
4846 13
4847 14
5566 14
5567 15
6161 15
6162 16
6641 16
6642 17
7366 17
7367 18
7966 18
7967 19
8566 19
8567 20
9046 20
9047 21
9766 21
9767 22
10125 22
10126 23
10846 23
10847 24
11326 24
11327 25
12046 25
12047 1
13125 1
13126 2
13606 2
13607 3
14326 3
14327 4
14806 4
14807 1
16006 1
16007 2
16606 2
16607 1
17205 1
17206 2
17681 2
17682 3
18526 3
18527 1
19245 1
19246 2
19721 2
19722 1
20446 1
20447 2
21046 2
21047 3
21526 3
21527 4
22006 4
22007 1
23926 1
23927 2
24406 2
24407 3
24886 3
24887 1
25966 1
25967 2
26685 2
26686 1
34966 1
34967 2
35326 2
35327 1
37725 1
37726 2
38326 2
38327 3
38566 3
38567 4
39046 4
39047 5
39406 5
39407 6
39886 6
39887 7
40366 7
40367 1
40966 1
40967 2
41566 2
41567 4
42046 4
42047 5
42641 5
42642 6
43125 6
43126 7
43606 7
43607 1
44682 1
44683 2
45406 2
45407 3
45886 3
45887 1
49966 1
49967 2
