606 1
607 2
1606 2
1607 4
2086 4
2087 8
2806 8
2807 9
3286 9
3287 10
4006 10
4007 11
4486 11
4487 12
5086 12
5087 13
5806 13
5807 1
6886 1
6887 2
7606 2
7607 3
8201 3
8202 4
8806 4
8807 5
9286 5
9287 6
9886 6
9887 7
10366 7
10367 8
11086 8
11087 9
11566 9
11567 10
12286 10
12287 1
12766 1
12767 2
13366 2
13367 4
13846 4
13847 1
15046 1
15047 2
15766 2
15767 3
16245 3
16246 1
16846 1
16847 2
17926 2
17927 3
18286 3
18287 4
18766 4
18767 5
19486 5
19487 6
19966 6
19967 7
20681 7
20682 1
21766 1
21767 2
22246 2
22247 3
22966 3
22967 1
23446 1
23447 2
24046 2
24047 1
41201 1
41202 2
42286 2
42287 1
44446 1
44447 2
44926 2
44927 3
45641 3
45642 1
