2257.32 1946.32
2258.32 1
6149.97 3891.65
6150.97 1
6723.67 572.702
9704.9 2981.23
16132.3 6427.38
19389.7 3257.37
21628.8 2239.17
34294.8 12666
34295.8 1
42486.5 8190.64
43976.6 1490.12
52172.2 8195.64
52173.2 1
54406.4 2233.17
62603 8196.64
64092.1 1489.12
64093.1 1
64838.2 745.058
75269 10430.8
76763.1 1494.12
77508.2 745.058
90915.2 13407
91660.3 745.058
91661.3 1
103581 11919.9
105070 1489.12
117737 12667
118482 745.058
127423 8940.7
127424 1
128168 744.058
138599 10430.8
139344 745.058
139345 1
140833 1488.12
152010 11176.9
152011 1
152759 748.058
160951 8191.64
161696 745.058
162440 744.058
162441 1
172872 10430.8
173621 749.058
174366 745.058
175851 1485.12
175852 1
187032 11179.9
187773 741.058
188517 744.058
190007 1490.12
190754 747.058
201929 11174.9
201930 1
206403 4473.35
206404 1
216085 9680.75
216830 745.058
219066 2236.17
228751 9684.75
228752 1
231732 2980.23
240676 8943.7
242161 1485.12
243656 1495.12
243657 1
250360 6702.52
251847 1487.12
253342 1495.12
254827 1485.12
254828 1
262283 7454.58
263024 741.058
265260 2236.17
266748 1488.12
275690 8941.7
277926 2236.17
279416 1490.12
286866 7449.58
289102 2236.17
291337 2235.17
291338 1
300277 8938.7
303258 2981.23
305493 2235.17
306981 1488.12
306982 1
316668 9685.75
319652 2984.23
321887 2235.17
323372 1485.12
324867 1495.12
336788 11920.9
338274 1485.12
339769 1495.12
347215 7446.58
348709 1494.12
349453 744.058
349454 1
356156 6701.52
