4489.5 2
12687.1 2
14921.3 2.5
29079.4 2.9
29823.5 3.24483
39509.2 3.55301
40254.3 3.83446
40999.3 4.09525
51430.2 1
52921.3 2
53665.3 3
54411.4 3.33333
64096.1 3.63333
64841.2 3.90856
65585.3 4.16441
76762.1 4.40454
77507.2 4.63158
78251.2 4.84749
78996.3 5.05378
91663.3 5.25165
92408.3 1
93152.4 2
93899.5 3
94644.5 3.33333
106564 3.63333
107311 3.90856
108054 1
116993 2
117740 2.5
127424 2.9
128171 3.24483
140838 1
141583 2
142328 2.5
155736 1
156481 2
165422 2.5
166167 2.9
174366 3.24483
175111 3.55301
184048 3.83446
184794 4.09525
186285 4.33944
195972 4.56988
197461 4.78871
198205 4.99753
199696 5.19763
206402 5.39003
207891 5.57555
209381 5.75491
211615 5.92867
212360 6.09735
217579 6.26135
219067 6.42106
220557 6.5768
222791 6.72885
223536 6.87746
224283 1
229497 2
230242 3
230990 4
233223 4
233966 4.25
239930 4.48529
240673 4.70824
242164 4.92064
243654 5.12386
250359 5.31903
251107 5.50703
252595 5.68862
254085 5.86441
254828 6.03493
263027 6.20063
263770 1
265263 2
266753 2
267494 2
268243 3
277183 4
280160 4.25
280905 4.48529
290594 4.70824
291339 4.92064
294316 5.12386
295806 5.31903
301766 5.50703
302515 5.68862
306241 5.86441
307729 1
308476 2
312946 3
313692 3.33333
315924 3.63333
321141 3.90856
321882 4.16441
324119 4.40454
330082 4.63158
331573 4.84749
332318 5.05378
334550 5.25165
