2257.32 1946.32
2258.32 1
6149.97 3891.65
6150.97 1
6723.67 572.702
9704.9 2981.23
16132.3 6427.38
19389.7 3257.37
21628.8 2239.17
33549.8 11920.9
34294.8 745.058
34295.8 1
43231.5 8935.7
43976.6 745.058
52172.2 8195.64
52917.3 745.058
52918.3 1
62603 9684.75
63348.1 745.058
64092.1 744.058
64093.1 1
75269 11175.9
76014.1 745.058
76758.1 744.058
90915.2 14157.1
90916.2 1
91664.3 748.058
102091 10426.8
102836 745.058
103580 744.058
103581 1
115504 11922.9
116251 747.058
116996 745.058
118481 1485.12
118482 1
129660 11177.9
130405 745.058
131147 742.058
132637 1490.12
133388 750.058
143814 10426.8
143815 1
144561 746.058
145306 745.058
157229 11922.9
157230 1
157972 742.058
158715 742.058
169891 11176.9
170638 747.058
171384 745.058
172126 742.058
182557 10431.8
182558 1
184049 1491.12
196713 12664
198203 1489.12
199698 1495.12
210127 10428.8
210870 743.058
210871 1
211614 743.058
221302 9688.75
222045 743.058
222790 744.058
222791 1
223535 744.058
235460 11925.9
235461 1
236946 1484.12
246632 9686.75
248124 1492.12
257810 9685.75
259297 1487.12
269729 10431.8
283144 13415
283145 1
296551 13406
298040 1489.12
307731 9690.75
307732 1
308476 744.058
315923 7446.58
316668 745.058
316669 1
318157 1488.12
326354 8196.64
327099 745.058
328588 1489.12
330083 1495.12
330084 1
342749 12665
344982 2233.17
345729 747.058
354666 8936.7
356160 1494.12
356905 745.058
356906 1
362861 5955.46
363606 745.058
364351 744.058
