2388 2000
2998.38 610.381
2999.38 1
8219.14 5219.76
8220.14 1
10450 2229.82
11942.1 1492.12
23113.9 11171.9
25354.1 2240.17
25355.1 1
36525 11169.9
37275.1 750.058
44720.6 7445.58
45465.7 745.058
45466.7 1
54406.4 8939.7
55898.5 1492.12
64837.2 8938.7
66327.3 1490.12
66328.3 1
77503.2 11174.9
79743.4 2240.17
80487.4 744.058
80488.4 1
92409.3 11920.9
96134.6 3725.29
96135.6 1
104325 8189.64
107310 2984.23
108798 1488.12
117736 8938.7
122212 4475.35
122213 1
135622 13409
135623 1
137110 1487.12
149033 11922.9
150523 1490.12
151268 745.058
151269 1
160950 9680.75
165425 4475.35
165426 1
172871 7444.58
176600 3729.29
178088 1488.12
186287 8198.64
186288 1
190012 3724.29
191499 1487.12
200443 8943.7
201930 1487.12
201931 1
204167 2236.17
213849 9681.75
213850 1
216088 2238.17
224280 8191.64
225025 745.058
227264 2239.17
227265 1
236206 8940.7
237691 1485.12
240675 2984.23
249617 8941.7
249618 1
253341 3723.29
260045 6704.52
261535 1489.12
264517 2982.23
264518 1
272713 8195.64
274201 1487.12
277183 2982.23
278671 1488.12
278672 1
285374 6702.52
286868 1493.12
289849 2981.23
291337 1488.12
304751 13414
304752 1
312946 8193.64
312947 1
313691 744.058
322631 8940.7
323376 745.058
324119 743.058
324120 1
335298 11177.9
336042 744.058
336785 743.058
337530 745.058
337531 1
348708 11176.9
349453 745.058
352435 2981.23
359135 6700.52
359884 749.058
361372 1488.12
367336 5963.46
367337 1
