228.666 48.8741
783.46 20.1442
895.219 33.5334
1789.29 22.2222
2015.81 27.2063
2128.56 27.1843
2351.08 30.7058
3912.7 21.0526
4024.46 25
4364.74 19.0314
4476.5 22.7088
4588.26 18.1744
4811.77 20.8256
5035.29 20.8178
5256.81 23.0769
7717.5 14.6866
7941.02 11.414
8388.05 3.33333
8611.57 0
8720.33 0
9612.4 12.528
10732 9.98214
10956.5 16.6295
12182.8 15.4058
12296.6 21.4286
12521.1 21.4286
13971 18.75
14197.5 17.6378
14420 17.6564
14531.8 22.2333
15761.1 24.9721
15985.6 25
16322.9 17.6192
16434.7 17.6192
16546.4 22.1891
17664 23.4923
17885.5 17.6471
17996.3 15.4164
19335.4 13.3732
19561.9 20
19672.7 20
20792.3 15.3424
21011.8 15.4164
21125.5 21.4423
21237.3 14.2857
22911.7 6.257
23025.4 11.7647
23138.2 17.6378
24701.8 12.486
24813.6 12.5
24928.3 12.486
26825.2 5.55556
26937 5.56385
28278.1 8.33333
28392.9 15.3529
29398.7 19.9465
29507.4 20.0538
30846.6 15.4377
30958.3 21.4973
31184.8 19.9881
32636.7 18.7291
32861.2 17.6192
32975 22.1671
33084.7 23.5294
34534.6 23.5542
34646.3 25.042
34761.1 25.028
34872.9 18.75
34984.6 23.5294
36104.2 28.4804
36216 28.4804
36325.7 28.5714
37216.8 30.1348
37328.6 30.1348
37443.3 30
38557.9 25
38669.7 25
38781.4 30.7692
38896.2 30.7692
40234.3 26.6667
40457.8 25
40569.6 18.75
40684.3 17.6192
40798.1 17.6285
42471.5 14.9866
42807.7 14.2675
43922.3 15.4058
44039.1 21.3876
44260.6 23.0769
45265.4 24.9628
45375.2 25.0936
45601.7 25
45822.2 28.6263
46606.5 33.3333
46716.3 33.3333
46942.8 33.3333
47280.1 30.6637
47386.8 35.7143
48173.2 35.6687
48280.9 35.7143
