2000 2000
3728.44 1728.44
3728.44 0
11185.3 7456.88
11185.3 0
12667.1 1481.82
14160.3 1493.12
26824.2 12664
29062.4 2238.17
29062.4 0
37255.1 8192.64
38000.1 745.058
38744.2 744.058
38744.2 0
46940.8 8196.64
47685.9 745.058
48429.9 744.058
49175 745.058
58861.7 9686.75
58861.7 0
61095.9 2234.17
73017.8 11921.9
73765.9 748.058
82703.6 8937.7
83448.7 745.058
83448.7 0
92389.3 8940.7
93134.4 745.058
93878.5 744.058
93878.5 0
105803 11924.9
106548 745.058
107290 741.058
108035 745.058
120702 12667
121450 748.058
121450 0
131877 10427.8
132622 745.058
133367 744.058
143799 10432.8
143799 0
144546 747.058
145287 741.058
157212 11924.9
157957 745.058
157957 0
158699 741.058
159444 745.058
172112 12668
174349 2237.17
175835 1486.12
183287 7452.58
184032 745.058
185521 1488.12
185521 0
195953 10432.8
196698 745.058
198187 1488.12
213090 14903.2
213090 0
214578 1488.12
222030 7452.58
222776 745.058
224264 1488.12
224264 0
233206 8942.7
233951 745.058
235439 1488.12
236189 749.058
236189 0
246617 10428.8
247362 745.058
248105 743.058
260773 12668
261519 745.058
262262 743.058
274187 11924.9
274932 745.058
274932 0
275673 741.058
288341 12668
288341 0
289829 1488.12
299516 9687.75
300262 745.058
312182 11920.9
312928 745.058
327084 14156.1
327831 747.058
327831 0
339750 11918.9
340495 745.058
341238 743.058
341238 0
350925 9687.75
351673 747.058
352414 741.058
353159 745.058
359865 6706.52
359865 0
360610 745.058
