2240.32 2240.32
9690.9 7450.58
11179 8938.7
22355.9 12665
23847 12668
34276.8 10429.8
35022.9 11175.9
43962.6 9685.75
44705.6 9682.75
56628.6 12666
57374.6 13412
58117.7 13412
70784.7 14156.1
71530.7 13413
84195.7 13411
84940.8 13410
96861.7 11920.9
97606.8 12666
108779 11916.9
109528 11920.9
122194 13415
122939 14160.1
123683 14155.1
137095 14901.2
137841 14902.2
138584 15645.2
139329 15646.2
153487 16392.3
154231 16390.3
154975 16391.3
155720 16391.3
157210 17881.4
165403 11915.9
166152 11920.9
166896 11920.9
167641 11920.9
168386 11175.9
169131 11920.9
178069 12666
178818 12666
179562 12666
180307 12666
181052 12666
181797 12666
182542 13411
191484 13415
192229 13411
192975 13413
193720 13413
194465 13413
195208 13411
204896 11175.9
205640 11919.9
206384 11918.9
207874 12666
216067 11170.9
216816 11175.9
217562 11177.9
219050 12666
219794 11919.9
227243 9680.75
228736 9685.75
229480 9685.75
237674 10430.8
239169 10432.8
239911 11174.9
240659 11178.9
251834 11922.9
252579 12668
253323 12664
267481 15647.2
268223 15644.2
268968 15645.2
269716 16393.3
283124 14156.1
283869 14153.1
295790 12666
297281 14157.1
298025 14156.1
310691 14901.2
312930 14904.2
324100 13409
325594 12664
335276 11175.9
336023 11922.9
337514 11920.9
344964 8940.7
346454 8939.7
355395 10430.8
357630 11175.9
359120 12666
368064 12669
370299 12669
373278 14158.1
374023 14903.2
379985 11920.9
380730 10430.8
383710 3725.29
384455 4470.35
385200 4470.35
