228.666 0
783.46 0
895.219 0
1789.29 0
2015.81 0
2128.56 0
2351.08 0
3916.7 0
4024.46 0
4363.74 0
4475.5 0
4588.26 0
4809.77 0
7492.98 0
7715.5 0
7829.26 0
9169.36 0
10171.2 0
10283 0
11740.8 0
13525 0
13750.5 0
15200.3 0
15428.9 0
17100.2 0
17326.7 0
18557.1 0
18779.6 0
20118.7 0
20233.5 0
20456 0
22022.6 0
22134.4 0
22355.9 0
22468.6 0
23587.2 0
23694 0
24034.3 0
24923.3 0
25261.6 0
26152.7 0
26376.2 0
26602.7 0
27717.3 0
28168.3 0
28391.9 0
28503.6 0
29734 0
30176 0
30516.3 0
30628 0
30739.8 0
31856.4 0
31968.1 0
32190.7 0
33309.2 0
33421 0
33643.5 0
35097.4 0
35209.1 0
35319.9 0
35543.4 0
36662 0
36773.8 0
36884.5 0
36996.3 0
37219.8 0
38446.1 0
38561.9 0
38672.7 0
38784.4 0
38896.2 0
39233.5 0
40457.8 0
40573.6 0
40684.3 0
41914.7 0
42026.4 0
42137.2 0
42250.9 0
43591 0
43702.8 0
43813.6 0
45044.9 0
45156.7 0
45268.4 0
46608.5 0
46721.3 0
48174.2 0
48280.9 0
48395.7 0
49290.7 0
49398.5 0
49513.3 0
49736.8 0
