4489.5 3865.5
12687.1 8197.64
14921.3 10430.8
29079.4 16392.3
29823.5 14902.2
39507.2 9683.75
40254.3 10429.8
49195 9687.75
49940 9685.75
60370.9 11175.9
61116.9 11920.9
61860 11919.9
72291.8 11920.9
73036.8 11919.9
73780.9 12663
75273 13413
84212.7 11920.9
85701.8 10428.8
87191.9 11917.9
98368.8 14156.1
99857.9 14156.1
101348 14156.1
114015 15646.2
114761 16391.3
116251 16393.3
117739 16391.3
131896 15645.2
132641 14902.2
142323 10426.8
143072 11174.9
143816 11174.9
154993 12670
155739 12667
156484 12668
157229 13412
166170 9685.75
166914 9684.75
167658 10427.8
177346 11175.9
178090 11175.9
178834 11175.9
190009 12663
190756 13409
191502 13412
203420 12664
204167 13410
204911 13409
215341 11920.9
216088 11920.9
216834 11922.9
217579 12667
229497 12663
230242 13407
231733 14154.1
245143 15646.2
245888 15646.2
247381 15648.2
248122 16388.3
260044 12663
260788 13406
262281 14158.1
272710 12666
274202 13413
287615 14904.2
289850 15648.2
301025 13410
303257 13407
304749 14898.2
315927 14902.2
318162 14905.2
320393 15644.2
321885 17135.3
327847 11919.9
328592 10429.8
330824 10430.8
331569 9683.75
338278 10430.8
339023 11174.9
339768 11175.9
342000 11175.9
343492 11922.9
348708 10430.8
350197 11174.9
350943 11919.9
351689 11920.9
353921 11920.9
356156 12664
359884 11175.9
363606 9685.75
365842 9685.75
370315 10430.8
371806 11920.9
374786 11179.9
380002 8195.64
380747 8939.7
381490 6703.52
382980 2978.23
383725 2978.23
384472 2982.23
385217 3726.29
