111.759 0
562.943 1500
674.701 0
1233.49 1500
1345.25 3000
1457.01 1500
1568.77 0
2685.36 1500
2797.12 3000
2908.88 1500
3020.63 3000
3132.39 4500
3244.15 3000
3355.91 1500
3467.67 0
5592.08 1500
5703.84 1500
5815.6 1500
5927.36 0
7827.26 3000
7939.02 3000
8050.78 3000
8162.53 1500
8274.29 0
9280.12 0
9501.64 0
9614.4 1500
9726.16 0
11070.3 0
11182 1500
11293.8 0
12409.4 0
12630.9 0
14196.5 0
14311.3 0
15872.9 0
17439.5 1500
17551.3 0
19002.1 0
19224.6 0
21127.5 1500
21239.3 0
22916.7 0
23136.2 0
24701.8 0
24925.3 1500
25037.1 0
26268.4 0
26489 0
28281.1 0
30066.2 1500
30178 0
31854.4 0
33195.5 1500
33307.2 0
34536.6 0
34759.1 0
36324.7 1500
36436.5 1500
36548.2 0
37889.4 0
38001.1 1500
38112.9 0
39565.7 1500
39677.5 1500
39789.2 0
41018.6 0
41241.1 0
41356.9 0
42583.2 1500
42695 3000
42806.7 1500
42918.5 0
44483.1 0
44933.2 1500
45044.9 0
46606.5 0
46829 0
46944.8 0
48171.2 1500
48282.9 3000
48394.7 1500
48506.4 0
49512.3 0
49624 3000
49735.8 3000
49847.5 1500
49959.3 0
