3726.29 0
9686.75 0
11176.9 0
20862.6 0
22352.7 0
23842.9 0
24587.9 0
34273.7 0
35763.8 0
37253.9 4
38744 4
44704.5 4
46939.7 4
55135.3 4
57370.5 4
58860.6 4
67056.2 4
70036.5 4
71526.6 4
73016.7 4
79722.2 4
83447.5 4
84192.6 4
85682.7 4
93133.3 4
94623.4 4
98348.7 4
99093.7 4
100584 4
108779 4
110270 4
111015 4
114740 4
116230 4
117720 4
126661 4
127406 4
128151 4
128896 4
131876 4
133366 4
134857 4
143052 4
146032 4
147522 4
149013 4
155718 4
157953 4
159443 4
160188 4
161679 4
168384 4
170619 4
172109 4
173600 4
175090 4
176580 4
181795 4
183285 4
184775 4
187011 4
188501 4
189991 4
191481 4
194461 4
200422 4
201912 4
202657 4
204892 4
210107 4
213088 4
213833 4
216813 4
218303 4
222773 4
226499 4
227244 4
236184 4
237675 4
239165 4
249595 4
251086 4
252576 4
254066 4
265987 4
267477 4
269712 4
271202 4
271947 4
278653 4
279398 4
280888 4
289829 4
291319 4
292064 4
301750 4
303240 4
304730 4
306220 4
315906 4
317396 4
