240 6000
360 4500
480 4500
600 4500
720 7500
840 9000
960 9000
1080 9000
1200 13500
1320 15000
1440 15000
1560 15000
1680 18000
1800 19500
1920 19500
2040 19500
2160 25500
2280 27000
2400 27000
2520 27000
2640 33000
2760 33000
2880 33000
3000 33000
3120 33000
3240 39000
3360 40500
3480 40500
3600 40500
3720 46500
3840 48000
3960 48000
4080 48000
4200 54000
4320 55500
4440 55500
4560 54000
4680 60000
4800 61500
4920 61500
5040 61500
5160 67500
5280 69000
5400 67500
5520 67500
5640 72000
5760 70500
5880 70500
6000 69000
6120 69000
6240 75000
6360 76500
6480 75000
6600 73500
6720 78000
6840 76500
6960 76500
7080 75000
7200 79500
7320 78000
7440 76500
7560 75000
7680 79500
7800 78000
7920 76500
8040 75000
8160 79500
8280 78000
8400 76500
8520 75000
8640 79500
8760 78000
8880 76500
9000 75000
9120 75000
9240 78000
9360 76500
9480 75000
9600 73500
9720 79500
9840 78000
9960 76500
10080 75000
10200 79500
10320 78000
10440 76500
10560 75000
10680 79500
10800 78000
10920 76500
11040 75000
11160 79500
11280 78000
11400 76500
11520 75000
11640 79500
11760 78000
11880 76500
12000 75000
12120 73500
12240 76500
12360 75000
12480 73500
12600 72000
12720 78000
12840 76500
12960 75000
13080 73500
13200 78000
13320 76500
13440 75000
13560 73500
13680 76500
13800 75000
13920 73500
14040 72000
14160 76500
14280 75000
14400 73500
14520 72000
14640 76500
14760 75000
14880 73500
15000 72000
15120 70500
15240 73500
15360 72000
15480 70500
15600 69000
15720 73500
15840 72000
15960 70500
16080 69000
16200 73500
16320 72000
16440 70500
16560 69000
16680 72000
16800 70500
16920 69000
17040 67500
17160 70500
17280 69000
17400 67500
17520 66000
17640 69000
17760 67500
17880 66000
18000 64500
18120 63000
18240 66000
18360 64500
18480 63000
18600 61500
18720 64500
18840 63000
18960 61500
19080 60000
19200 64500
19320 63000
19440 61500
19560 60000
19680 64500
19800 63000
19920 61500
20040 60000
20160 64500
20280 63000
20400 61500
20520 60000
20640 63000
20760 61500
20880 60000
21000 58500
21120 57000
21240 61500
21360 60000
21480 58500
21600 57000
21720 61500
21840 60000
21960 58500
22080 57000
22200 61500
22320 60000
22440 58500
22560 57000
22680 61500
22800 60000
22920 58500
23040 57000
23160 61500
23280 60000
23400 58500
23520 57000
23640 60000
23760 58500
23880 57000
24000 55500
24120 54000
24240 57000
24360 55500
24480 54000
24600 52500
24720 58500
24840 57000
24960 55500
25080 54000
25200 58500
25320 57000
25440 55500
25560 54000
25680 57000
25800 55500
25920 54000
26040 52500
26160 55500
26280 54000
26400 52500
26520 51000
26640 55500
26760 54000
26880 52500
27000 51000
27120 49500
27240 54000
27360 52500
27480 51000
27600 49500
27720 54000
27840 52500
27960 51000
28080 49500
28200 54000
28320 52500
28440 51000
28560 49500
28680 54000
28800 52500
28920 51000
29040 49500
29160 52500
29280 51000
29400 49500
29520 48000
29640 52500
29760 51000
29880 49500
30000 48000
30120 46500
30240 51000
30360 49500
30480 48000
30600 46500
30720 49500
30840 48000
30960 46500
31080 45000
31200 49500
31320 48000
31440 46500
31560 45000
31680 49500
31800 48000
31920 46500
32040 45000
32160 49500
32280 48000
32400 46500
32520 45000
32640 48000
32760 46500
32880 45000
33000 43500
33120 42000
33240 46500
33360 45000
33480 43500
33600 42000
33720 45000
33840 43500
33960 42000
34080 40500
34200 45000
34320 43500
34440 42000
34560 40500
34680 45000
34800 43500
34920 42000
35040 40500
35160 45000
35280 43500
35400 42000
35520 40500
35640 43500
35760 42000
35880 40500
36000 39000
36120 37500
36240 42000
36360 40500
36480 39000
36600 37500
36720 42000
36840 40500
36960 39000
37080 37500
37200 42000
37320 40500
37440 39000
37560 37500
37680 40500
37800 40500
37920 39000
38040 37500
38160 42000
38280 40500
38400 39000
38520 37500
38640 42000
38760 40500
38880 39000
39000 37500
39120 37500
39240 40500
39360 39000
39480 37500
39600 37500
39720 42000
39840 42000
39960 40500
40080 39000
40200 43500
40320 42000
40440 40500
40560 39000
40680 43500
40800 42000
40920 40500
41040 39000
41160 42000
41280 40500
41400 39000
41520 37500
41640 42000
41760 42000
41880 40500
42000 40500
42120 40500
42240 45000
42360 45000
42480 43500
42600 42000
42720 45000
42840 45000
42960 43500
43080 43500
43200 48000
43320 46500
43440 45000
43560 43500
43680 48000
43800 48000
43920 46500
44040 45000
44160 48000
44280 48000
44400 46500
44520 46500
44640 51000
44760 49500
44880 49500
45000 48000
45120 48000
45240 52500
45360 51000
45480 49500
45600 48000
45720 52500
45840 51000
45960 49500
46080 48000
46200 51000
46320 49500
46440 48000
46560 46500
46680 49500
46800 48000
46920 46500
47040 45000
47160 48000
47280 46500
47400 45000
47520 43500
47640 46500
47760 45000
47880 43500
48000 42000
48120 40500
48240 45000
48360 43500
48480 42000
48600 40500
48720 42000
48840 40500
48960 39000
49080 37500
49200 40500
49320 39000
49440 37500
49560 36000
49680 40500
49800 39000
49920 37500
