367 367
967 467
1367 367
1847 347
2567 567
3047 547
3767 767
4246 746
4847 847
5567 1067
6162 1162
6642 1142
7367 1367
7967 1467
8567 1567
9047 1547
9767 1767
10367 1867
10847 1847
11447 1947
11927 1927
12642 2142
13126 2126
13722 2222
14206 2206
15287 2287
16007 2507
16487 2487
17087 2587
17567 2567
18287 2787
18767 2767
19487 2987
20567 3067
21162 3162
21767 3267
22007 3007
22726 3226
23203 3203
23927 3427
24287 3287
24887 3387
25367 3367
25847 3347
26567 3567
26927 3427
27527 3527
27767 3267
28247 3247
28967 3467
29327 3327
30287 3287
31126 3126
31487 2987
32087 3087
32567 3067
33407 2907
33767 2767
34367 2867
35327 2827
35682 2682
36162 2662
36767 2767
37246 2746
37847 2847
38447 2947
38927 2927
39407 2907
40007 3007
40487 2987
41206 3206
41683 3183
42287 3287
42642 3142
43726 3226
44807 3307
45287 3287
45887 3387
46367 3367
47447 3447
48287 3287
48887 3387
49367 3367
49847 3347
