3725.29 0
7450.58 0
12666 0
14156.1 0
24586.9 1
26077 1
26822.1 1
29057.3 1
37998 1
38743 1
39488.1 1
50663.9 1
51409 1
52154.1 1
52899.1 1
64820.1 1
65565.1 1
66310.2 1
75250.9 1
75995.9 1
76741 1
85681.7 1
87171.8 1
87916.9 1
88661.9 1
99092.7 1
100583 1
101328 1
102073 1
102818 1
111759 1
113249 1
113994 1
114739 1
115484 1
116229 1
126660 1
128150 1
128895 1
129640 1
130385 1
131130 1
131875 1
141561 1
142306 1
143051 1
143796 1
156462 1
157207 1
157952 1
158697 1
159442 1
172853 1
173599 1
174344 1
187010 1
187755 1
188500 1
189990 1
199676 1
200421 1
201166 1
202656 1
204146 1
211596 1
212342 1
213087 1
222027 1
223517 1
224262 1
234693 1
236928 1
237674 1
238419 1
248849 1
251085 1
251830 1
262260 1
263751 1
264496 1
276417 1
277907 1
278652 1
279397 1
289083 1
290573 1
292063 1
300258 1
301749 1
303239 1
306964 1
309199 1
310689 1
311434 1
315905 1
318885 1
320375 1
321120 1
321865 1
327826 1
330806 1
333041 1
333786 1
