2981.23 0
7451.58 0
8941.7 0
17137.3 0
18627.5 0
19372.5 0
20117.6 0
30548.4 2
32038.5 5
32783.6 5
33528.6 5
35018.7 5
44704.5 5
45449.5 5
54390.2 5
55135.3 5
64821.1 5
65566.1 5
78232.1 5
78977.2 5
79722.2 5
90153 5
90898.1 5
91643.1 5
92388.2 5
104309 5
105054 5
105799 5
106544 5
107289 5
119210 5
119955 5
120700 5
121445 5
122191 5
123681 5
133366 5
134111 5
134857 5
135602 5
144542 5
145287 5
146032 5
146777 5
148268 5
157953 5
158698 5
159443 5
160188 5
161679 5
163169 5
172854 5
173600 5
174345 5
175090 5
176580 5
178815 5
179560 5
187756 5
188501 5
189246 5
198932 5
199677 5
200422 5
201912 5
212343 5
213088 5
214578 5
225754 5
226499 5
227989 5
228734 5
239165 5
239910 5
241400 5
242145 5
242890 5
251831 5
252576 5
253321 5
254066 5
254811 5
263006 5
263752 5
264497 5
265242 5
265987 5
266732 5
276418 5
277908 5
278653 5
280143 5
289829 5
292064 5
292809 5
294299 5
295044 5
307710 5
308455 5
321866 5
322611 5
324101 5
