605 19
1565 25
2046 34
3365 33
3967 36
4447 34
5045 42
6366 39
6847 37
7326 34
7807 34
8407 29
8642 31
9246 27
10087 25
10327 22
10927 22
11407 22
12487 20
13087 19
13567 19
14047 19
14407 18
14767 18
15367 18
16327 18
16807 18
17047 19
18007 19
18967 19
19327 20
19807 20
20047 21
20646 20
21607 21
21967 19
22203 20
23164 20
23887 19
24126 20
24722 20
24967 18
25567 18
26527 18
26887 16
27722 17
28327 16
28807 16
29287 16
30007 17
30847 18
31682 19
32162 19
32646 19
33246 19
34085 20
34567 20
35527 20
36007 20
36487 17
36967 17
38287 19
38642 19
39607 19
40567 17
40807 15
41287 13
42367 15
42847 15
43565 16
44285 18
44887 21
45606 27
46086 31
46927 36
47406 34
47645 38
47883 40
48367 35
49327 32
49807 31
