2998.38 28.5421
10450 9.99866
11942.1 16.6611
23113.9 11.7666
25354.1 11.1103
35034.9 12.5
36530 13.3333
37274.1 18.7516
43231.5 27.2694
44720.6 27.2894
45469.7 27.2727
46957.8 30.7756
54407.4 26.6667
56643.6 24.9958
57391.6 24.9979
58881.7 24.9937
66328.3 25
67817.4 27.7798
68562.5 23.0888
76014.1 23.0769
78250.2 21.4245
78998.3 21.4183
87189.9 20
88681.1 23.5276
90916.2 23.5294
91664.3 23.5294
102091 20
103580 20.0027
104325 23.8126
105072 26.3158
105817 26.3214
114756 29.4141
116996 27.7674
117741 27.7674
125187 21.4286
126679 23.0841
127423 23.0865
134129 24.9972
135620 25
136364 30.7724
137855 28.5687
144558 28.5742
146051 28.5714
146795 28.5714
148286 31.2474
149033 33.3274
158715 26.3158
160205 26.3195
160955 26.3084
162445 26.3102
163189 26.3158
164677 28.5751
174362 28.5696
176596 16.6716
177341 17.6498
178090 22.2189
184047 30.7692
187777 15.383
188521 21.4286
195223 20
199697 18.7516
200442 18.75
206399 20
207144 25
211618 25
212363 25
219065 23.5294
219810 23.5294
220555 27.7778
225774 26.3158
226519 26.3158
233966 25
235456 23.8095
236202 23.8095
242911 21.7379
243656 24.9986
245143 24.0026
251107 26.0809
253338 25
254083 25
259302 27.2727
260047 27.2727
260789 30.4401
268988 23.0769
269732 23.0793
270475 28.5796
271965 26.6667
280159 26.6786
280908 26.6667
281653 26.6619
283887 24.9979
292830 23.5201
294320 26.3065
295064 26.3158
295809 26.3158
298043 26.3158
309221 15.7884
309965 15.7895
312199 15.7895
320396 14.2857
