4473.5 2
10433 3
12667.1 4
21608.8 5
23097.9 2
25338.1 3
26828.2 3.33333
35763.9 3.63333
37258.1 3.90856
40239.3 1
46194.7 2
47688.9 2.5
55880.5 2.9
56626.6 3.24483
67056.4 3.55301
67801.4 3.83446
68550.5 4.09525
81962.5 4.33944
82702.6 4.56988
83447.7 4.78871
84196.7 1
93133.4 2
94628.5 3
95373.6 3.33333
104309 3.63333
105054 3.90856
106548 4.16441
114745 4.40454
116230 4.63158
118470 4.84749
119212 5.05378
126662 1
128901 2
131878 3
132623 3.33333
133371 3.63333
144544 3.90856
145289 4.16441
146037 1
157213 2
158704 3
168384 3.33333
169131 3.63333
169878 3.90856
178070 4.16441
178815 4.40454
179564 4.63158
189993 4.84749
190741 5.05378
191485 5.25165
192230 5.44207
205642 5.62582
206387 5.80357
207131 5.97588
207876 6.14322
209366 1
219048 2
219793 3
220538 4
221288 4.25
222032 4.48529
232459 4.70824
233209 4.92064
233953 5.12386
234698 5.31903
246620 5.50703
247360 5.68862
248109 5.86441
248855 6.03493
250345 1
260772 2
261517 3
262262 4
263012 4.25
264501 4.48529
275673 1
276418 2
277168 3
278657 3.33333
288339 3.63333
289833 3.90856
298025 4.16441
299518 4.40454
301752 4.63158
309946 4.84749
310690 5.05378
311439 5.25165
313673 5.44207
321867 1
322611 2
323356 3
324106 3.33333
326342 3.63333
337512 3.90856
338258 4.16441
339003 4.40454
348689 4.63158
350183 4.84749
