725 0
1685 0
2166 0
3484 0
4084 0
4567 0
5165 0
6367 0
6967 0
7567 0
8162 0
8887 0
9487 0
9847 0
10684 0
12246 0
12367 0
12847 0
13807 0
14287 0
14642 0
15247 0
15722 0
16447 0
17527 0
18007 0
18967 0
19447 0
19927 0
20407 0
20887 0
21367 0
22683 0
23287 0
23767 0
24247 0
24722 0
25202 0
25682 0
26162 0
27367 0
27847 0
28202 0
28807 0
29287 0
29767 0
30247 0
30722 0
31567 0
32047 0
32527 0
33007 0
33487 0
33967 0
34447 0
34927 0
35765 0
36246 0
36722 0
37205 0
37686 0
38165 0
38646 0
39607 0
40202 0
40567 0
41162 0
41887 0
42487 0
43087 0
44287 0
44527 0
45126 0
45607 0
46087 0
46567 0
47287 0
48367 0
48847 0
49327 0
49805 0
