2997.23 0
7467.58 0
10447.8 0
11937.9 0
20133.6 1
20878.6 1
23113.8 1
25349 1
35779.8 1
36524.8 1
43975.4 1
44720.5 1
54406.2 1
55151.3 1
55896.4 1
67072.2 1
67817.3 1
81973.4 1
83463.5 1
96874.5 1
98364.7 1
111776 1
113266 1
125932 1
126677 1
127422 1
136363 1
137108 1
137853 1
139343 1
150519 1
151264 1
152009 1
153499 1
154989 1
167655 1
169145 1
169890 1
171380 1
181066 1
181811 1
192242 1
192987 1
203418 1
204163 1
205653 1
213849 1
215339 1
222789 1
224279 1
225770 1
233220 1
236200 1
237691 1
239181 1
244396 1
247376 1
248121 1
249611 1
254827 1
257062 1
259297 1
260042 1
261532 1
267493 1
270473 1
271218 1
273453 1
274943 1
285374 1
286119 1
288354 1
289100 1
295060 1
295805 1
303256 1
304001 1
305491 1
313686 1
315177 1
316667 1
318157 1
326352 1
328588 1
330078 1
331568 1
333058 1
339763 1
340509 1
341999 1
343489 1
344979 1
351684 1
353175 1
353920 1
354665 1
355410 1
363605 1
364350 1
365095 1
366586 1
374781 1
375526 1
