228.666 0
783.46 0
895.219 0
1789.29 0
2015.81 0
2128.56 0
2351.08 0
3912.7 0
4024.46 0
4363.74 0
4475.5 0
4587.26 0
4811.77 0
5033.29 0
5256.81 0
7270.47 0
8164.53 0
8388.05 0
8499.81 0
8723.33 0
9617.4 0
10732 0
10956.5 0
12184.8 0
12296.6 0
12630.9 0
13861.2 0
14199.5 0
15202.3 0
15536.6 0
16543.4 0
16989.5 0
17101.2 0
18445.3 0
19005.1 0
20455 0
20905 0
22803.9 0
23028.4 0
23250 0
25371.4 0
25594.9 0
27047.8 0
27383 0
27494.8 0
28951.7 0
29282.9 0
30738.8 0
31071.1 0
32638.7 0
32971 0
33082.7 0
34873.9 0
35206.1 0
36659 0
38111.9 0
39567.7 0
41020.6 0
41132.4 0
42697 0
44262.6 0
45491.9 0
46604.5 0
46831 0
47945.6 0
48283.9 0
49291.7 0
49513.3 0
