1490.12 0
5215.41 0
5960.46 0
10430.8 0
12666 1
14156.1 1
14901.2 1
25332 2
27567.1 2
28312.2 2
44703.5 2
46193.6 2
47683.7 2
59604.6 2
61094.8 2
62584.9 2
63329.9 2
73760.7 2
75250.9 2
76741 2
90152 2
91642.1 2
92387.2 2
105798 2
106543 2
107288 2
120699 2
121444 2
122190 2
123680 2
133365 2
134856 2
135601 2
137091 2
137836 2
148267 2
149757 2
160187 2
161678 2
162423 2
173599 2
175834 2
176579 2
178069 2
187010 2
189245 2
189990 2
191480 2
192225 2
200421 2
201166 2
201911 2
210851 2
212342 2
213087 2
213832 2
224262 2
225753 2
226498 2
227243 2
228733 2
239164 2
240654 2
242144 2
242889 2
244379 2
251085 2
252575 2
254810 2
255555 2
262260 2
264496 2
266731 2
267476 2
271946 2
272691 2
274926 2
277907 2
283867 2
286102 2
289828 2
295043 2
297278 2
298768 2
301749 2
306964 2
309199 2
310689 2
311434 2
314415 2
321120 2
324100 2
325590 2
326335 2
336021 2
336766 2
337511 2
344962 2
345707 2
346452 2
351667 2
352412 2
353158 2
