606 1
607 2
1606 2
1607 4
2086 4
2087 8
2806 8
2807 9
3286 9
3287 10
4006 10
4007 11
4486 11
4487 12
5086 12
5087 13
5806 13
5807 14
6406 14
6407 15
6886 15
6887 16
7606 16
7607 17
8201 17
8202 18
8806 18
8807 19
9286 19
9287 20
10006 20
10007 21
10486 21
10487 22
11086 22
11087 23
11566 23
11567 24
12286 24
12287 25
12886 25
12887 26
13486 26
13487 27
13966 27
13967 28
14681 28
14682 29
15286 29
15287 30
15886 30
15887 31
16366 31
16367 1
17086 1
17087 2
17681 2
17682 1
18766 1
18767 2
19246 2
19247 1
28721 1
28722 2
29806 2
29807 1
30286 1
30287 2
30766 2
30767 1
32201 1
32202 2
32806 2
32807 3
33286 3
33287 1
34846 1
34847 2
35926 2
35927 3
36406 3
36407 1
38446 1
38447 2
38926 2
38927 1
41446 1
41447 2
42165 2
42166 1
