4917.5 18.1921
13856.6 8.3348
16090.4 13.3369
30250.5 9.08948
31737.6 9.5232
37700.1 20.0027
39187.2 20.0027
39932.2 27.2761
47385.8 23.0769
49618 21.4286
50363 21.4286
51108.1 26.6667
60051.8 23.5294
62284 23.5294
63775.1 22.2206
64519.1 22.2222
73462.8 22.2222
74204.9 26.3214
76440.1 26.3158
86873.9 16.6667
87615.9 16.6667
89851.1 16.6667
101030 15.7895
101775 15.7861
112951 12.5
113696 12.5
124872 12.5
125617 12.5
137538 11.7647
138283 16.6667
139026 16.6692
151694 15.7895
152439 11.1095
163614 12.501
164360 12.5
174045 14.2857
174791 19.9982
175534 20.0036
187457 16.6654
188202 16.6667
188945 21.0556
189690 21.0526
200868 22.2222
201613 22.2222
202356 22.2222
203101 22.2222
203846 26.3158
214279 27.7778
215024 27.7778
215767 27.7778
216512 27.7778
217260 27.7716
218005 31.5723
228435 31.5789
229180 31.5789
239611 13.3333
240356 18.75
241099 18.7531
243333 21.0571
253767 21.0526
254512 21.0526
255255 21.0526
257493 21.0467
265687 25.0021
266433 29.4118
268665 20.0072
277608 18.75
278354 18.75
280586 18.75
292511 14.998
293255 19.0464
293998 19.0501
296232 19.0476
305920 22.2255
306665 22.2239
307409 26.3195
319332 16.6654
320076 16.6667
320820 16.6667
328273 25
329017 18.1796
337959 15.383
338703 15.3846
348388 14.2885
349133 20.0036
350622 18.7516
359566 19.9964
360311 19.9964
361053 25.0021
362543 25
368507 33.3333
369252 33.3333
369994 33.3333
371484 33.3333
372974 35.7143
376697 45.4823
377443 45.4823
378188 45.4656
379683 45.4379
381173 45.4379
