561.943 561.943
1455.01 893.07
1677.53 1115.59
3131.39 1676.38
3353.91 1898.9
3577.43 1899.9
3693.19 2015.66
5147.05 2015.66
5365.57 2234.17
6819.43 1672.38
7041.95 1894.9
7158.71 1793.14
8386.05 1566.62
8495.81 1453.86
8606.57 1447.86
8718.33 1559.62
9836.92 1450.86
9948.67 1452.86
10059.4 1452.86
10171.2 1452.86
10394.7 1676.38
11401.5 1564.62
11513.3 1564.62
11629.1 1569.62
11740.8 1569.62
12966.2 1452.86
13077.9 1448.86
13188.7 1447.86
14531.8 1565.62
14642.5 1564.62
14753.3 1675.38
14976.8 1788.14
16095.4 1563.62
16207.2 1564.62
16317.9 1564.62
16434.7 1681.38
16546.4 1569.62
17775.8 1680.38
17887.5 1341.1
18106.1 1559.62
19448.2 1672.38
19559.9 1672.38
19782.4 1676.38
21124.5 1676.38
21236.3 1788.14
21458.8 1898.9
21570.6 1788.14
22804.9 1680.38
22916.7 1680.38
23023.4 1787.14
23135.2 1676.38
23247 1676.38
24366.5 1561.62
24477.3 1560.62
24588.1 1564.62
24699.8 1564.62
24811.6 1676.38
25040.1 1793.14
25818.4 1451.86
25930.2 1452.86
26045.9 1457.86
26157.7 1457.86
27159.5 1229.35
27271.3 1341.1
27382 1336.1
27493.8 1336.1
28612.4 1452.86
28724.1 1452.86
30177 1564.62
30288.8 1676.38
30511.3 1787.14
32192.7 2015.66
32300.4 2011.66
32522.9 2011.66
33976.8 1784.14
34088.6 1895.9
34311.1 2010.66
34422.8 1899.9
35653.2 1676.38
35764.9 1676.38
35987.5 1898.9
36216 1904.9
36326.7 1903.9
37445.3 1792.14
37557.1 1792.14
37775.6 1788.14
38115.9 1899.9
38227.6 2011.66
38451.1 2124.42
39341.2 1895.9
39453 1895.9
40682.3 1341.1
40794.1 1452.86
41021.6 1568.62
41240.1 1787.14
42473.5 1451.86
42585.2 1345.1
43926.3 1452.86
44038.1 1564.62
45490.9 1564.62
