3745.44 22.9571
11197 9.99866
13431.2 15.3846
24609.1 11.1103
28334.4 9.99866
35779.9 13.3393
38020.1 15.3846
38762.2 21.4347
46212.7 21.4245
49193 20.0054
49938 20
51430.2 23.5257
62604 11.7647
63349.1 16.6667
64842.2 16.6654
76760.1 15.7895
78252.2 11.1119
89429.1 11.7619
90916.2 11.7666
99859.9 14.2857
102092 17.6512
112526 11.7647
114758 11.7647
126677 10.53
139343 5.88235
140088 11.1111
152011 11.7628
152754 11.7647
162442 14.2857
163190 19.9946
163934 19.9928
174363 18.75
175111 18.75
175855 23.5313
177346 22.2206
190012 19.044
198950 8.33613
200443 14.2857
210869 7.14628
211617 13.3357
223535 11.7647
225030 11.1095
238439 5.55638
239930 10.0007
251105 11.7647
253340 11.1119
263026 12.5
263771 17.6471
266006 17.6471
276437 16.6667
277182 16.6667
277928 21.0511
280162 21.0526
291338 20
292085 19.9973
292830 19.9987
295065 19.9973
295810 23.8065
304748 15.3894
305493 15.3894
306240 21.4306
316670 18.7484
317414 18.75
318162 18.7484
328591 13.3321
329338 13.3333
336788 18.1774
337531 18.1863
339023 23.0793
343490 33.3532
344235 33.3433
345728 33.3333
346474 39.9946
349450 50
350195 50
350940 57.1757
351689 57.1538
354666 57.1429
356159 55.5307
356905 55.5224
357649 55.5307
358394 55.5556
361371 55.5556
362861 55.5804
363606 60.0242
364355 60.0081
365100 60
365845 60
368822 60
371057 54.5455
371802 54.5455
372550 58.3138
373295 58.3333
374040 58.3333
374785 58.3333
377763 58.3333
380747 53.8239
381492 53.8239
382237 53.8406
382982 53.8406
