3726.29 0
9686.75 0
11176.9 0
20862.6 0
22352.7 0
23842.9 0
24587.9 0
34273.7 0
35763.8 0
37253.9 4
38744 4
44704.5 4
46194.6 4
47684.7 4
49174.8 4
56625.4 4
58115.5 4
59605.6 4
61095.8 4
61840.8 4
69291.4 4
71526.6 4
73016.7 4
74506.8 4
75251.9 4
84192.6 4
85682.7 4
88662.9 4
90153 4
91643.1 4
92388.2 4
99093.7 4
100584 4
101329 4
105054 4
106544 4
108034 4
108779 4
115485 4
116230 4
116975 4
117720 4
119955 4
120700 4
122191 4
128896 4
131131 4
131876 4
133366 4
134111 4
142307 4
144542 4
145287 4
146777 4
147522 4
148268 4
157208 4
159443 4
160188 4
161679 4
171364 4
172109 4
173600 4
174345 4
186266 4
187011 4
188501 4
199677 4
200422 4
213088 4
213833 4
223518 4
224263 4
225754 4
237675 4
238420 4
239910 4
240655 4
252576 4
254811 4
255556 4
264497 4
266732 4
275672 4
278653 4
288338 4
303240 4
304730 4
315161 4
322611 4
323356 4
332297 4
333042 4
343473 4
344218 4
345708 4
357629 4
358374 4
359864 4
360609 4
369550 4
