3725.29 0
9685.75 0
11175.9 0
20861.6 0
21606.7 0
22351.7 0
23096.8 0
34272.7 0
35762.8 0
36507.8 0
37252.9 0
37998 0
39488.1 0
40978.2 0
42468.3 0
51409 0
52899.1 0
55879.4 0
56624.4 0
62584.9 0
63329.9 0
64820.1 0
67800.3 0
73015.7 0
74505.8 0
78231.1 0
85681.7 0
87171.8 0
88661.9 0
91642.1 0
102073 0
105053 0
105798 0
116974 0
119954 0
120699 0
132620 0
133365 0
144541 0
157952 0
158697 0
170618 0
171363 0
181049 0
181794 0
182539 0
192225 0
192970 0
193715 0
194460 0
204891 0
205636 0
206381 0
207126 0
207871 0
219047 0
219792 0
220537 0
221282 0
222027 0
222772 0
233948 0
234693 0
235438 0
236183 0
246614 0
247359 0
248104 0
248849 0
249594 0
257790 0
258535 0
259280 0
265986 0
266731 0
267476 0
268221 0
275671 0
276417 0
277162 0
277907 0
279397 0
288337 0
289083 0
289828 0
290573 0
292063 0
299513 0
300258 0
301003 0
309199 0
309944 0
310689 0
311434 0
319630 0
320375 0
321120 0
321865 0
323355 0
333041 0
