2236.17 0
6706.52 0
8196.64 0
14902.2 0
16392.3 0
17882.4 0
28313.2 0
29803.3 0
31293.4 0
41724.3 0
43959.4 0
49919.9 0
51410 0
53645.2 0
61095.8 0
62585.9 0
64076 0
65566.1 0
75996.9 0
77487 0
78977.2 0
80467.3 0
81212.3 0
92388.2 0
93878.3 0
96113.5 0
106544 0
108779 0
111015 0
117720 0
118465 0
119210 0
121445 0
128896 0
129641 0
130386 0
131876 0
140817 0
141562 0
143052 0
150503 0
151248 0
152738 0
153483 0
162424 0
163169 0
165404 0
166149 0
166894 0
175835 0
178815 0
179560 0
187756 0
189991 0
190736 0
191481 0
196696 0
198932 0
205637 0
207127 0
208617 0
216813 0
218303 0
220538 0
221283 0
230224 0
232459 0
233949 0
234694 0
236184 0
242890 0
245870 0
246615 0
253321 0
256301 0
257791 0
258536 0
267477 0
271202 0
272692 0
273437 0
274182 0
283123 0
286848 0
287593 0
288338 0
289084 0
296534 0
297279 0
301004 0
301750 0
302495 0
303240 0
309200 0
309945 0
310690 0
315161 0
321121 0
321866 0
322611 0
327081 0
335277 0
