2240.32 2
6705.67 3
8198.79 2
15650.4 2.5
16395.4 2
29057.4 1
31297.6 2
48432.9 2.5
49179 1
62589 2
75256 1
75996.1 2
87921 2.5
88667.1 2.9
99092.9 3.24483
99841.9 3.55301
111018 3.83446
111763 4.09525
112508 4.33944
125175 4.56988
126663 4.78871
127409 4.99753
128153 5.19763
139326 5.39003
140819 5.57555
141565 5.75491
142309 5.92867
143054 6.09735
154976 1
156462 2
157211 2
157956 3
158703 4
159446 4.25
172854 4.48529
173603 4.70824
174347 4.92064
175837 5.12386
185524 5.31903
186269 5.50703
187013 5.68862
187758 5.86441
188503 6.03493
199681 6.20063
200425 6.36191
201169 6.51909
201914 6.67249
202659 6.82236
203404 6.96893
214577 7.11243
215326 7.25303
216070 7.3909
216815 1
217560 2
218305 3
228733 4
229482 4.25
230226 4.48529
230971 4.70824
239909 4.92064
240654 5.12386
241402 5.31903
242147 5.50703
254070 5.68862
254815 5.86441
255558 6.03493
256303 6.20063
257048 1
266736 2
267476 3
268226 4
268971 4.25
269714 4.48529
281637 4.70824
282377 4.92064
283125 5.12386
284615 5.31903
292808 5.50703
293553 1
294298 2
295048 3
295793 3.33333
303244 3.63333
304732 3.90856
305479 4.16441
312925 4.40454
314418 4.63158
315165 4.84749
316653 1
325596 2
327086 2
327831 3
335280 3.33333
336025 3.63333
337514 3.90856
340494 4.16441
341985 4.40454
343477 4.63158
348691 4.84749
349436 5.05378
