2000 2000
4473.5 2473.5
4473.5 0
13420.5 8946.99
13420.5 0
14901.3 1480.82
16391.4 1490.12
30548.5 14157.1
37999.1 7450.58
37999.1 0
46939.8 8940.7
48428.9 1489.12
58115.7 9686.75
58115.7 0
59604.8 1489.12
70781.7 11176.9
72270.8 1489.12
72270.8 0
73765.9 1495.12
86427.9 12662
90901.2 4473.35
90901.2 0
99093.9 8192.64
101333 2239.17
102818 1485.12
108035 5216.41
108035 0
111018 2983.23
112504 1486.12
119210 6706.52
124430 5219.41
124430 0
132621 8191.64
135602 2980.23
137091 1489.12
145287 8196.64
145287 0
149016 3728.29
150502 1486.12
157957 7455.58
165408 7450.58
165408 0
171369 5960.46
177325 5956.46
178818 1493.12
183285 4467.35
183285 0
187756 4470.35
189994 2238.17
195207 5213.41
196700 1493.12
196700 0
200426 3725.29
203405 2979.23
208618 5213.41
209363 745.058
219794 10430.8
219794 0
220539 745.058
227990 7450.58
229478 1488.12
230973 1495.12
242149 11175.9
243634 1485.12
254812 11177.9
268968 14156.1
268968 0
283869 14901.2
285359 1490.12
294300 8940.7
294300 0
297279 2979.23
305476 8196.64
306964 1488.12
306964 0
309204 2240.17
319632 10427.8
321120 1488.12
322615 1495.12
323360 745.058
323360 0
333788 10427.8
335278 1490.12
336023 745.058
344967 8943.7
347199 2232.17
347944 745.058
350927 2983.23
353160 2232.17
353160 0
353905 745.058
356138 2233.17
359120 2982.23
359865 745.058
359865 0
361353 1488.12
362843 1490.12
365826 2982.23
367314 1488.12
368809 1495.12
369551 742.058
369551 0
