673.701 16.5888
1566.77 25.028
1905.05 27.2284
3354.91 25
3693.19 26.2787
4141.22 29.9866
4252.98 33.3191
6488.15 21.4012
6711.67 16.6468
6935.19 13.7888
7041.95 10.0119
7270.47 7.14286
7382.22 6.89655
8946.85 13.3333
9058.6 13.3333
10060.4 10.0359
11401.5 16.6667
11847.6 12.507
13189.7 12.5
13640.7 6.23257
15313.1 13.3652
15539.6 11.7709
16988.5 13.3413
17216 20
18330.6 24.9814
18441.3 23.0769
18669.9 15.374
20006 13.3413
20344.2 13.3493
21905.9 11.7647
22244.1 5.88235
23805.8 14.3132
23920.5 6.66667
25035.1 20.0538
25149.9 18.1818
26264.4 18.1818
26492 24.9814
27945.8 19.9405
28052.6 18.75
28280.1 25
29957.5 22.2222
30064.2 22.2222
30291.8 19.9643
30404.5 15.782
31518.1 14.3223
31744.6 19.9524
32971 23.0769
33081.7 21.4423
33193.5 23.1406
34539.6 28.4986
34763.1 19.9405
34874.9 13.2937
34986.6 12.4651
36435.5 14.3223
36546.2 21.4973
38223.6 12.5
38334.4 11.7709
40127.5 11.74
40350 11.0891
41468.6 25
41687.1 25.0748
41798.9 23.1406
42917.5 30.8542
43256.8 28.4804
43368.5 28.4804
43479.3 26.6032
44258.6 33.3333
44704.6 38.5944
44816.4 38.5944
44928.2 30.8542
45823.2 21.4286
46049.7 18.7186
46381 20
47280.1 23.0136
47502.6 23.0769
47837.9 30.6848
48619.2 33.3831
48839.7 33.4331
48951.5 30.8542
49067.2 45.4545
49845.5 45.5657
