2984.38 2
7454.73 3
8942.85 4
17139.5 2
18628.6 2.5
19377.7 2.9
20122.7 3.24483
32785.7 3.55301
33533.8 3.83446
35019.9 4.09525
44707.6 4.33944
45452.7 4.56988
46940.8 4.78871
48434.9 4.99753
56628.6 5.19763
57373.6 5.39003
58116.7 5.57555
59606.8 5.75491
67803.4 1
68549.5 2
69294.5 3
70782.7 3.33333
71530.7 3.63333
81962.5 3.90856
83448.7 4.16441
84197.7 4.40454
93136.4 4.63158
93881.5 4.84749
94624.5 5.05378
95369.6 5.25165
104312 5.44207
105057 5.62582
105800 5.80357
106545 5.97588
108036 6.14322
117723 6.306
118468 6.46458
119211 6.61927
119956 6.77034
121447 6.91805
122195 7.0626
133370 1
134862 2
137097 3
137841 4
138583 4.25
147527 4.48529
148272 4.70824
149014 4.92064
150504 5.12386
159447 5.31903
160194 5.50703
160935 5.68862
162425 5.86441
163918 6.03493
173603 6.20063
174348 6.36191
175091 6.51909
176581 6.67249
178819 6.82236
179564 6.96893
186269 7.11243
187014 7.25303
187757 7.3909
189247 7.5262
191486 7.65907
192972 7.78963
199680 7.91801
200425 8.0443
201170 8.16862
201913 8.29104
202658 1
204148 2
205641 3
213093 4
214583 5
216069 5.2
216814 5.39231
227992 5.57776
228737 5.75704
229480 5.93074
230225 6.09935
231715 6.26331
242148 6.42297
242895 6.57866
243636 6.73066
244381 1
246619 2
255559 3
256304 4
267479 4.25
268227 4.48529
269717 4.70824
271207 4.92064
282381 1
