2241.32 2
6709.67 3
8199.79 2
14906.3 2.5
16394.4 2
28317.4 2.5
31296.6 2.9
41724.4 1
43962.6 2
55883.5 2.5
57372.6 2.9
69294.5 3.24483
70783.7 3.55301
82705.6 3.83446
83450.7 4.09525
84194.7 1
93136.4 1
93881.5 2
94626.5 3
105057 3.33333
105802 3.63333
106546 3.90856
119958 4.16441
120704 4.40454
121448 4.63158
135607 4.84749
136352 5.05378
137094 5.25165
137839 5.44207
148271 5.62582
149016 5.80357
149760 1
150505 2
151998 2
163174 3
163919 3
176583 3.33333
177328 3.63333
178072 3.90856
189249 1
189994 2
190739 2.5
203405 2.9
204150 1
217563 2
227247 2.5
227992 2.9
237678 1
239170 2
249599 2.5
251088 2.9
263010 3.24483
264499 3.55301
278656 3.83446
279401 4.09525
280890 4.33944
292812 4.56988
293557 4.78871
294302 4.99753
295046 1
304735 2
306225 3
306968 3
315909 3.33333
316654 3.63333
318143 3.90856
327085 4.16441
327830 4.40454
329319 4.63158
339008 4.84749
340495 5.05378
341243 5.25165
341985 5.44207
348693 5.62582
349438 5.80357
350180 5.97588
350925 6.14322
351671 6.306
355394 6.46458
356139 6.61927
356884 6.77034
357631 6.91805
358376 7.0626
359121 7.20419
362099 7.343
363591 7.47918
364340 7.61288
365082 7.74424
365827 7.87337
366572 8.00038
367317 8.12537
370295 8.24844
371785 8.36968
372535 8.48916
373280 8.60696
374025 8.72314
374770 8.83778
375515 8.95093
377006 9.06265
379241 9.17299
