3817.7 0
7654.3 0
9561.64 0
11489.9 0
13397.2 0
15304.6 0
17211.9 0
19119.3 0
21026.6 0
22934 0
24841.3 0
26748.7 0
28656 0
30563.4 0
32470.7 0
34378.1 0
36285.4 0
38192.8 0
40100.1 0
42007.5 0
43914.8 0
45822.2 0
47729.5 0
49636.9 0
51544.2 0
53451.6 0
55358.9 0
57266.3 0
59173.6 0
61081 0
62988.3 0
64895.7 0
66803 0
68710.4 0
70617.7 0
72525.1 0
74432.4 0
76339.7 0
78247.1 0
80154.4 0
82061.8 0
83969.1 0
85876.5 0
87783.8 0
89691.2 0
91598.5 0
93505.9 0
95413.2 0
97320.6 0
99227.9 0
101135 0
103043 0
104950 0
106857 0
108765 0
110672 0
112579 0
114487 0
116394 0
118301 0
120209 0
122116 0
124023 0
125931 0
127838 0
129746 0
131653 0
133560 0
135468 0
137375 0
139282 0
141190 0
143097 0
145004 0
146912 0
148819 0
150726 0
152634 0
154541 0
156448 0
158356 0
160263 0
162170 0
164078 0
165985 0
167892 0
169800 0
171707 0
173615 0
175522 0
177429 0
179337 0
181244 0
183151 0
185059 0
186966 0
188873 0
190781 0
192688 0
194595 0
196503 0
198410 0
200317 0
202225 0
204132 0
206039 0
207947 0
209854 0
211762 0
213669 0
215576 0
217484 0
219391 0
221298 0
223206 0
225113 0
227020 0
228928 0
230835 0
232742 0
234650 0
236557 0
238464 0
240372 0
242279 0
244186 0
246094 0
248001 0
249908 0
251816 0
253723 0
255631 0
257538 0
259445 0
261353 0
263260 0
265167 0
267075 0
268982 0
270889 0
272797 0
274704 0
276611 0
278519 0
280426 0
282333 0
284241 0
286148 0
288055 0
289963 0
291870 0
293777 0
295685 0
297592 0
299500 0
301407 0
303314 0
305222 0
307129 0
309036 0
310944 0
312851 0
314758 0
316666 0
318573 0
320480 0
322388 0
324295 0
326202 0
328110 0
330017 0
331924 0
333832 0
335739 0
337647 0
339554 0
341461 0
343369 0
345276 0
347183 0
349091 0
350998 0
352905 0
354813 0
356720 0
358627 0
360535 0
362442 0
364349 0
366257 0
368164 0
370071 0
371979 0
373886 0
375793 0
377701 0
379608 0
381516 0
383423 0
385330 0
387238 0
389145 0
391052 0
392960 0
394867 0
396774 0
398682 0
400589 0
402496 0
404404 0
406311 0
408218 0
410126 0
412033 0
413940 0
415848 0
417755 0
419663 0
421570 0
423477 0
425385 0
427292 0
429199 0
431107 0
433014 0
434921 0
436829 0
438736 0
440643 0
442551 0
444458 0
446365 0
448273 0
450180 0
452087 0
453995 0
455902 0
457809 0
459717 0
461624 0
463532 0
465439 0
467346 0
469254 0
471161 0
473068 0
474976 0
476883 0
478790 0
480698 0
482605 0
484512 0
486420 0
488327 0
490234 0
492142 0
494049 0
495956 0
497864 0
499771 0
501678 0
503586 0
505493 0
507401 0
509308 0
511215 0
513123 0
515030 0
516937 0
518845 0
520752 0
522659 0
524567 0
526474 0
528381 0
530289 0
532196 0
534103 0
536011 0
537918 0
539825 0
541733 0
543640 0
545548 0
547455 0
549362 0
551270 0
553177 0
555084 0
556992 0
558899 0
560806 0
562714 0
564621 0
566528 0
568436 0
570343 0
572250 0
574158 0
576065 0
577972 0
579880 0
581787 0
583694 0
585602 0
587509 0
589417 0
591324 0
593231 0
595139 0
597046 0
598953 0
600861 0
602768 0
604675 0
606583 0
608490 0
610397 0
612305 0
614212 0
616119 0
618027 0
619934 0
621841 0
623749 0
625656 0
627564 0
629471 0
631378 0
633286 0
635193 0
637100 0
639008 0
640915 0
642822 0
644730 0
646637 0
648544 0
650452 0
652359 0
654266 0
656174 0
658081 0
659988 0
661896 0
663803 0
665710 0
667618 0
669525 0
671433 0
673340 0
675247 0
677155 0
679062 0
680969 0
682877 0
684784 0
686691 0
688599 0
690506 0
692413 0
694321 0
696228 0
698135 0
700043 0
701950 0
703857 0
705765 0
707672 0
709579 0
711487 0
713394 0
715302 0
717209 0
719116 0
721024 0
722931 0
724838 0
726746 0
728653 0
730560 0
732468 0
734375 0
736282 0
738190 0
740097 0
742004 0
743912 0
745819 0
747726 0
749634 0
751541 0
753449 0
755356 0
757263 0
759171 0
761078 0
762985 0
764893 0
766800 0
768707 0
770615 0
772522 0
774429 0
776337 0
778244 0
780151 0
782059 0
783966 0
785873 0
787781 0
789688 0
791595 0
793503 0
795410 0
797318 0
799225 0
801132 0
803040 0
804947 0
806854 0
808762 0
810669 0
812576 0
814484 0
816391 0
818298 0
820206 0
822113 0
824020 0
825928 0
827835 0
829742 0
831650 0
833557 0
835465 0
837372 0
839279 0
841187 0
843094 0
845001 0
846909 0
848816 0
850723 0
852631 0
854538 0
856445 0
858353 0
860260 0
862167 0
864075 0
865982 0
867889 0
869797 0
871704 0
873611 0
875519 0
877426 0
879334 0
881241 0
883148 0
885056 0
886963 0
888870 0
890778 0
892685 0
894592 0
896500 0
898407 0
900314 0
902222 0
904129 0
906036 0
907944 0
909851 0
911758 0
913666 0
915573 0
917480 0
919388 0
921295 0
923203 0
925110 0
927017 0
928925 0
930832 0
932739 0
934647 0
936554 0
938461 0
940369 0
942276 0
944183 0
946091 0
947998 0
949905 0
951813 0
953720 0
955627 0
957535 0
