3745.44 3245.44
11197 7451.58
13431.2 9684.75
24609.1 13412
28334.4 14903.2
35779.9 11170.9
38020.1 9685.75
38762.2 10426.8
45467.7 9687.75
48447.9 9685.75
57388.6 11920.9
60368.9 11920.9
70054.6 12666
71546.7 14157.1
73779.9 13411
83465.7 13411
84958.8 13412
85703.8 14156.1
87936 14156.1
97619.8 11915.9
98369.8 12665
100605 12669
111778 14158.1
112521 11915.9
120719 8940.7
122211 9689.75
131149 10430.8
132641 11921.9
133388 11176.9
143815 12666
145307 11919.9
157224 13409
169895 12671
171383 14157.1
178831 8935.7
181068 9685.75
189262 10430.8
190007 11174.9
192244 11175.9
202678 13416
203423 13416
204168 14160.1
206402 14158.1
217574 13406
218319 14150.1
219813 13411
230240 11920.9
231734 11920.9
243651 13411
245145 13411
256317 12666
257811 14159.1
258557 13412
269733 13416
270478 12667
271222 13410
271967 13410
283139 13406
283884 13406
284629 13407
294315 10430.8
295060 11174.9
295805 11175.9
306241 11925.9
307730 12670
308476 12671
309220 13414
319648 13407
321141 13411
321887 13411
322631 13411
323376 14155.1
331573 11924.9
333803 12662
334548 12661
343489 11915.9
345729 11925.9
347218 12670
356900 11170.9
358390 11171.9
370311 13411
372546 14156.1
374040 15649.2
385962 15651.2
388937 16391.3
390433 16392.3
391178 17136.3
401603 11170.9
402349 11914.9
403843 12665
412034 10430.8
413528 11179.9
415018 11175.9
415762 11917.9
423955 11920.9
425445 11916.9
426939 11920.9
427685 11923.9
428430 12667
437366 13411
439605 14160.1
441097 14157.1
441839 14153.1
442584 14154.1
452267 14901.2
453762 16394.3
455995 13411
465678 13411
467173 14904.2
467919 14157.1
470153 14158.1
480581 14902.2
482815 15642.2
483560 15641.2
485055 17135.3
486545 16392.3
496972 16391.3
499206 16391.3
508893 11920.9
511877 12671
513366 14159.1
523794 14901.2
526033 14156.1
527522 14156.1
535715 9681.75
537205 9682.75
543165 7450.58
545405 8199.64
546894 9687.75
553596 10430.8
555831 10426.8
558066 11171.9
558811 11915.9
567007 13411
569243 13411
571482 13416
572222 13411
578185 11177.9
579676 12668
581908 12666
590106 11920.9
591597 11920.9
593829 11920.9
602774 12668
604263 12666
615438 12664
616181 11917.9
628849 13411
640770 11920.9
642261 13411
652689 11918.9
665359 12670
666848 14158.1
680256 14897.2
681749 14901.2
694416 14160.1
695157 14900.2
695906 14157.1
704842 9684.75
705588 9681.75
716763 11920.9
717513 11924.9
718257 12668
730176 13413
730919 13406
742097 11920.9
742840 11920.9
754018 11920.9
755510 12670
756256 13415
765194 11175.9
777115 11920.9
778607 13412
791274 14159.1
792763 14156.1
801702 10427.8
803194 11918.9
803940 11176.9
812880 11178.9
815111 11916.9
815856 12661
816601 12661
827034 14153.1
829272 14161.1
830762 14906.2
831507 14906.2
832252 15650.2
840443 8935.7
841188 8935.7
842682 10428.8
850873 10430.8
852368 11179.9
853858 11175.9
863544 12671
865035 14160.1
866520 14152.1
868014 14156.1
878441 11920.9
880679 12665
881424 13409
891112 12671
894092 13413
894837 13413
901539 10427.8
902282 11169.9
905266 11173.9
906011 11173.9
911970 10430.8
913462 11179.9
914952 12669
917187 11920.9
917932 11920.9
925381 13411
926873 13411
928363 13411
931343 14156.1
932833 15645.2
933578 15646.2
941030 15649.2
942521 15647.2
944011 15647.2
947734 16391.3
949971 17138.3
950716 17882.4
951460 17882.4
960400 12666
961145 11173.9
961890 11173.9
962636 11175.9
971573 11172.9
973067 11921.9
973811 11920.9
974557 12666
975302 12666
984242 12669
985734 12667
986479 12668
987224 12667
987969 13411
988713 13411
999885 12661
1.00063e+06 12664
1.00138e+06 13409
1.00287e+06 14157.1
1.01405e+06 14161.1
1.01554e+06 12665
1.01703e+06 14154.1
1.02671e+06 12664
1.02746e+06 11919.9
1.02895e+06 11920.9
1.04087e+06 13411
1.04236e+06 13411
1.05353e+06 12666
1.06471e+06 11175.9
1.0662e+06 12666
1.07887e+06 14158.1
1.07961e+06 13412
1.09376e+06 14896.2
1.09451e+06 15640.2
1.10867e+06 14906.2
1.10941e+06 14906.2
1.12207e+06 13406
1.12282e+06 13409
1.12431e+06 14900.2
1.13847e+06 16396.3
1.14071e+06 16391.3
1.15039e+06 11918.9
1.15933e+06 8942.7
1.16008e+06 9684.75
1.16901e+06 9680.75
1.16976e+06 9685.75
1.18168e+06 12669
1.18243e+06 13413
1.18317e+06 13412
1.19733e+06 15646.2
1.19807e+06 15646.2
1.19882e+06 16390.3
1.19957e+06 16392.3
1.21074e+06 13413
1.21223e+06 12665
1.21297e+06 13408
1.22042e+06 9680.75
1.22192e+06 9685.75
1.23085e+06 10430.8
1.23309e+06 11174.9
1.24352e+06 12671
1.24576e+06 12668
1.24725e+06 14156.1
1.25917e+06 15646.2
1.25991e+06 14151.1
1.26141e+06 14157.1
1.26289e+06 15645.2
1.27183e+06 10425.8
1.27258e+06 11169.9
1.27407e+06 11175.9
1.28227e+06 10435.8
1.28301e+06 10435.8
1.2845e+06 10430.8
1.29344e+06 11170.9
1.29418e+06 11914.9
1.29568e+06 12665
1.29642e+06 11920.9
1.30685e+06 13416
1.30834e+06 14156.1
1.30908e+06 14900.2
1.30983e+06 14157.1
1.31058e+06 14156.1
1.31877e+06 9685.75
1.31951e+06 9680.75
1.32026e+06 9681.75
1.3292e+06 10430.8
1.33069e+06 11179.9
1.33144e+06 11180.9
1.33218e+06 11923.9
1.34336e+06 14161.1
1.34411e+06 13412
1.34485e+06 13411
1.3456e+06 13412
1.34709e+06 14900.2
1.35751e+06 12661
1.35826e+06 12661
1.35975e+06 12666
1.36869e+06 11178.9
1.36943e+06 11175.9
1.37018e+06 11919.9
1.38136e+06 11923.9
1.3821e+06 12665
1.38284e+06 12666
1.39552e+06 14158.1
1.39701e+06 14905.2
1.39775e+06 14906.2
1.3985e+06 15649.2
1.40967e+06 14151.1
1.41116e+06 14156.1
1.41191e+06 14156.1
1.41265e+06 14156.1
1.4134e+06 14901.2
1.42234e+06 12671
1.42383e+06 12666
1.42457e+06 11170.9
1.43127e+06 8935.7
1.43277e+06 8940.7
1.43426e+06 9689.75
1.44171e+06 10435.8
1.44245e+06 11177.9
1.44394e+06 11175.9
1.44543e+06 11175.9
1.45586e+06 14154.1
1.45661e+06 14156.1
1.4581e+06 15646.2
1.45884e+06 14897.2
1.45959e+06 14156.1
1.47002e+06 14156.1
1.47151e+06 14902.2
1.47374e+06 15642.2
1.48194e+06 11920.9
1.48269e+06 11174.9
1.49237e+06 10430.8
1.49312e+06 10430.8
1.50355e+06 11177.9
1.50504e+06 11921.9
1.50578e+06 12665
1.51696e+06 13409
1.51845e+06 13411
1.5192e+06 13413
1.51994e+06 14156.1
1.53186e+06 14901.2
1.5326e+06 14155.1
1.53335e+06 14155.1
1.5341e+06 14156.1
1.54229e+06 10430.8
1.54304e+06 11174.9
1.54378e+06 9684.75
1.55272e+06 10428.8
1.55421e+06 11176.9
1.55496e+06 11175.9
1.56539e+06 12666
1.57656e+06 11177.9
1.57731e+06 11919.9
1.58848e+06 11920.9
1.58998e+06 12669
1.59966e+06 11175.9
1.60115e+06 12666
1.60264e+06 12666
1.61307e+06 13409
1.61456e+06 13411
1.61531e+06 14156.1
1.61605e+06 13411
1.62573e+06 12666
1.62723e+06 12666
1.62797e+06 12666
1.62872e+06 12667
1.63021e+06 14155.1
1.63691e+06 11175.9
1.6384e+06 9684.75
1.63989e+06 9685.75
1.64809e+06 11175.9
1.64958e+06 11175.9
1.65107e+06 11175.9
1.65256e+06 12666
1.66075e+06 12666
1.66224e+06 12663
1.67268e+06 11922.9
1.67417e+06 13413
1.67566e+06 13415
1.68609e+06 13413
1.68683e+06 11173.9
1.69503e+06 8940.7
1.69577e+06 8940.7
1.70322e+06 8193.64
1.70397e+06 8937.7
1.70546e+06 9686.75
1.71291e+06 9685.75
1.7144e+06 10430.8
1.71514e+06 11174.9
1.71663e+06 11175.9
1.72483e+06 11918.9
1.72706e+06 12666
1.72781e+06 12666
1.73526e+06 8195.64
1.73675e+06 9685.75
1.7375e+06 9685.75
1.74495e+06 9685.75
1.74718e+06 10429.8
1.74793e+06 10432.8
1.75612e+06 11175.9
1.75687e+06 11919.9
1.75836e+06 11177.9
1.7591e+06 11173.9
1.76655e+06 10428.8
1.76879e+06 9685.75
1.76953e+06 10429.8
1.77773e+06 11179.9
1.77996e+06 11176.9
1.78145e+06 11921.9
1.78518e+06 7448.58
1.78667e+06 8938.7
1.78816e+06 8195.64
1.79039e+06 8939.7
1.79263e+06 7450.58
1.79412e+06 7449.58
1.79487e+06 8193.64
1.79636e+06 8195.64
1.79859e+06 8195.64
1.80083e+06 8195.64
1.80306e+06 8940.7
1.80381e+06 8940.7
1.8053e+06 8940.7
1.80604e+06 9683.75
1.80828e+06 9685.75
1.81051e+06 9685.75
1.81349e+06 10430.8
1.81424e+06 10430.8
1.81573e+06 10430.8
1.81647e+06 10432.8
1.81722e+06 11175.9
1.81945e+06 11176.9
1.82169e+06 11177.9
1.82467e+06 11175.9
1.82541e+06 11175.9
1.82616e+06 10430.8
1.8269e+06 10429.8
1.82765e+06 10430.8
1.82839e+06 11174.9
1.82914e+06 9685.75
1.83137e+06 9683.75
1.83435e+06 9685.75
1.8351e+06 9685.75
1.83584e+06 9684.75
1.83659e+06 9685.75
1.83733e+06 9685.75
1.83808e+06 9685.75
1.83882e+06 9685.75
1.83957e+06 10429.8
1.8418e+06 10431.8
1.84478e+06 10430.8
1.84627e+06 11175.9
1.84702e+06 11175.9
1.84777e+06 11175.9
1.84851e+06 11175.9
1.84926e+06 11176.9
1.85e+06 11176.9
1.85075e+06 11176.9
1.85149e+06 11920.9
1.85224e+06 10431.8
1.85447e+06 9686.75
1.8567e+06 10430.8
1.85745e+06 10430.8
1.85819e+06 6703.52
1.85894e+06 7448.58
1.86043e+06 8194.64
1.86192e+06 7450.58
1.86416e+06 7450.58
1.86565e+06 8195.64
1.86639e+06 8195.64
1.86714e+06 8196.64
1.86863e+06 8196.64
1.86937e+06 8938.7
1.87086e+06 8941.7
1.8731e+06 8942.7
