4489.5 2
12687.1 2
14921.3 2.5
29079.4 2.9
29824.5 3.24483
38017.1 3.55301
38762.2 3.83446
39507.2 4.09525
46212.7 4.33944
47703.9 4.56988
48447.9 4.78871
49194 4.99753
57390.6 5.19763
58879.7 5.39003
59623.8 5.57555
60369.9 5.75491
69311.5 1
70056.6 2
71547.7 3
72289.8 3.33333
73035.8 3.63333
81977.5 3.90856
82720.6 4.16441
83466.7 4.40454
94643.5 4.63158
95389.6 4.84749
96132.6 5.05378
96877.7 5.25165
107310 5.44207
108055 5.62582
108799 5.80357
109544 5.97588
111034 6.14322
119976 6.306
120722 1
121465 2
122212 3
123702 3
124447 4
132639 4
133387 4.25
134131 4.48529
134876 4.70824
143070 4.92064
143818 5.12386
144561 5.31903
145306 5.50703
154248 5.68862
154991 5.86441
155737 6.03493
156482 6.20063
157972 6.36191
168404 6.51909
169147 1
169893 2
170640 3
171386 4
172874 4.25
182558 4.25
183303 4.48529
184048 1
185542 1
195224 2
196715 3
207147 3.33333
207890 1
208636 2
219814 2
220556 2.5
232480 2.9
233222 1
244398 2
254086 2.5
255575 2.9
265262 3.24483
266751 3.55301
276438 1
277181 1
278674 2
290592 2.5
292083 2.9
305493 3.24483
306241 3.55301
314436 3.83446
315181 4.09525
315925 4.33944
323376 4.56988
324121 4.78871
324865 4.99753
325611 5.19763
335297 5.39003
336042 5.57555
336786 5.75491
337531 5.92867
338277 6.09735
345728 6.26135
346473 6.42106
347219 6.5768
347964 6.72885
348709 6.87746
