10690.4 10690.4
27478.1 16787.7
29003.9 18312.5
36645.6 9167.51
38171.4 9167.51
48864.8 12219.3
50390.7 13744.1
51916.6 13745.1
65649.5 16784.7
67175.4 16784.7
68701.3 16784.7
82434.2 16784.7
83960 16784.7
85485.9 16784.7
99218.8 16784.7
100745 18309.5
102271 16784.7
103796 16611.5
117529 15258.8
119055 15258.8
129736 12207
131262 12207
132788 13731.9
140418 14615.1
148047 16784.7
149573 16784.7
154150 13732.9
161780 13732.9
163306 13732.9
164832 15257.8
169409 15258.8
177039 15258.8
178565 15258.8
180090 15258.8
181616 16783.7
186194 16784.7
193823 16784.7
195349 16784.7
196875 16784.7
198401 16784.7
202979 16784.7
204504 18309.5
212134 16784.7
213660 16784.7
215186 16784.7
216712 13732.9
218237 13732.9
219763 15257.8
224341 12207
225867 12207
230444 15258.8
231970 15258.8
233496 15258.8
235022 15258.8
236548 12207
238074 13731.9
239600 13732.9
244177 13732.9
245703 15185.3
250281 13732.9
251807 13732.9
253333 13732.9
257910 13732.9
259436 13732.9
264014 13732.9
265540 13732.9
267066 15257.8
268591 15258.8
273169 15258.8
274695 15258.8
282324 16784.7
283850 16784.7
285376 18309.5
286902 18310.5
291480 16784.7
299109 16784.7
300635 16784.7
302161 16784.7
303687 16784.7
308264 16784.7
309790 18309.5
317420 13732.9
318945 13049.1
323523 15258.8
325049 15258.8
335730 18310.5
337256 18310.5
338782 15258.8
340308 15258.8
341834 16783.7
349463 15031.2
350989 12207
352515 12207
354041 12207
364722 15258.8
366248 15258.8
367774 15258.8
369299 16783.7
370825 16784.7
378455 13732.9
379981 13732.9
381506 13732.9
383032 13732.9
384558 15257.8
386084 15258.8
393713 15258.8
395239 15258.8
396765 15258.8
398291 15258.8
399817 15258.8
401343 15258.8
402869 16783.7
410498 16784.7
412024 16784.7
413550 16784.7
415076 16784.7
416602 16784.7
418128 16784.7
419653 16784.7
421179 18309.5
425757 15258.8
427283 15258.8
428809 15258.8
430335 15258.8
431860 15258.8
433386 15258.8
434912 15258.8
436438 15258.8
441016 15258.8
442542 16783.7
444067 16784.7
445593 16784.7
447119 16784.7
448645 16784.7
450171 16784.7
451697 16784.7
453223 16784.7
457800 16784.7
459326 16784.7
460852 18309.5
462378 18310.5
463904 18310.5
465430 18310.5
466956 16784.7
468482 16784.7
470007 16784.7
474585 16784.7
476111 16784.7
477637 16784.7
479163 18309.5
480689 18310.5
482214 18310.5
483740 16784.7
485266 16784.7
486792 16784.7
491370 16784.7
492896 16784.7
494421 16784.7
495947 16784.7
497473 16784.7
498999 16784.7
500525 16784.7
502051 17484.8
506629 10681.2
508154 10681.2
509680 10681.2
511206 10681.2
512732 10681.2
514258 9680.61
518836 7629.39
520361 7629.39
524951 10693.4
529529 10693.4
531055 10693.4
532581 12218.3
534107 13150.2
541736 10681.2
543262 10681.2
544788 10681.2
555469 13732.9
556995 15257.8
558521 15258.8
560046 15258.8
573779 16784.7
575305 18309.5
576831 16784.7
590564 16784.7
592090 16784.7
593616 16784.7
604297 17819.6
605823 12207
607349 12922.7
621082 16784.7
622608 16784.7
624133 16784.7
625659 18309.5
633289 12207
634815 12207
636340 12207
637866 12207
639392 13731.9
650073 16784.7
651599 16784.7
653125 16784.7
654651 16784.7
656177 16784.7
666858 16784.7
668384 18309.5
669910 16784.7
671436 16784.7
672962 16784.7
680591 13732.9
682117 13732.9
683643 15257.8
685169 15258.8
686694 15258.8
688220 15258.8
695850 15258.8
697376 15258.8
698901 15258.8
700427 15258.8
701953 16783.7
703479 16784.7
705005 16784.7
709583 18226.4
711109 10681.2
712634 10681.2
714160 10681.2
715686 10681.2
720264 10681.2
721790 10681.2
723316 10681.2
724841 12206
726367 12207
727893 12207
732471 12207
733997 12207
735523 12207
737048 12207
738574 13731.9
740100 13732.9
741626 13732.9
749255 16784.7
750781 16784.7
752307 16784.7
753833 16784.7
755359 16784.7
756885 16784.7
758411 16784.7
766040 16784.7
767566 16784.7
769092 16784.7
770618 16784.7
772144 16784.7
773670 16784.7
775195 16784.7
776721 18309.5
784351 18310.5
785877 18310.5
787402 18310.5
788928 18310.5
799609 15258.8
801135 15258.8
802661 15258.8
804187 15258.8
814868 15258.8
816394 15258.8
817920 16783.7
819446 16784.7
820972 16784.7
822498 13746.1
830127 12207
831653 12207
833179 12207
834705 12207
842334 12207
843860 12207
845386 13731.9
846912 13732.9
848438 13732.9
859119 16784.7
860645 16784.7
862171 16784.7
863696 18309.5
865222 16784.7
872852 13732.9
874378 13732.9
875903 13732.9
877429 13732.9
878955 13732.9
880481 15257.8
888110 15258.8
889636 15258.8
891162 15258.8
892688 15258.8
900317 9155.27
901843 9155.27
912537 12219.3
914063 12219.3
927796 15258.8
929321 16783.7
930847 16784.7
932373 17690.8
946106 15258.8
947632 15258.8
964417 16784.7
965943 18309.5
982727 16784.7
999512 16784.7
1.00409e+06 17203.6
1.01782e+06 13732.9
1.03004e+06 12219.3
1.03921e+06 9167.51
1.04074e+06 10692.4
1.04226e+06 10149.9
1.04989e+06 9155.27
1.05142e+06 9155.27
1.06211e+06 12219.3
1.06364e+06 13744.1
1.06516e+06 13745.1
1.07889e+06 16784.7
1.08042e+06 16784.7
1.08195e+06 16784.7
1.09568e+06 16784.7
1.0972e+06 16784.7
1.09873e+06 16784.7
1.11246e+06 16784.7
1.11399e+06 18309.5
1.11552e+06 16784.7
1.11704e+06 18027.4
1.12772e+06 12207
1.12925e+06 12207
1.13603e+06 8306.21
1.13755e+06 8306.21
1.13908e+06 9831.09
1.14062e+06 4589.87
1.14214e+06 4589.87
1.14367e+06 4696.83
1.14521e+06 4589.87
1.14673e+06 4589.87
1.14826e+06 4589.87
1.1498e+06 4589.87
1.15743e+06 10693.4
1.15895e+06 12218.3
1.16048e+06 12219.3
1.16201e+06 12207
1.16353e+06 6103.52
1.16506e+06 6103.52
1.16658e+06 7628.39
1.16811e+06 7629.39
1.16963e+06 7629.39
1.17116e+06 7629.39
1.17269e+06 7629.39
1.17421e+06 7629.39
1.17574e+06 7629.39
1.17726e+06 9154.27
1.17879e+06 9155.27
1.18032e+06 9155.27
1.18184e+06 9155.27
1.18337e+06 9155.27
1.18489e+06 9155.27
1.18642e+06 9155.27
1.18795e+06 10680.2
1.18947e+06 10681.2
1.191e+06 10681.2
1.19252e+06 10681.2
1.19405e+06 10681.2
1.19557e+06 10681.2
1.1971e+06 10681.2
1.19863e+06 10681.2
1.20015e+06 12206
1.20168e+06 12207
1.2032e+06 12207
1.20473e+06 12207
1.20626e+06 12207
1.20778e+06 12207
1.20931e+06 12207
1.21083e+06 12207
1.21236e+06 12207
1.21389e+06 12207
1.21541e+06 13731.9
1.21694e+06 13732.9
1.21846e+06 13732.9
1.21999e+06 13732.9
1.22151e+06 13732.9
1.22304e+06 13732.9
1.22457e+06 13732.9
1.22609e+06 13732.9
1.22762e+06 13732.9
1.22914e+06 13732.9
1.23067e+06 15257.8
1.2322e+06 15258.8
1.23372e+06 15258.8
1.23525e+06 15258.8
1.23677e+06 15258.8
1.2383e+06 15258.8
1.23983e+06 15258.8
1.24135e+06 15258.8
1.24288e+06 15258.8
1.2444e+06 15258.8
