3424.38 25.2102
10877 9.99732
12365.1 16.6667
23544.9 11.7628
26524.2 10.5241
34715.8 13.3393
42915.5 9.08647
44404.6 15.3799
54836.4 12.5
56327.5 12.4979
68247.4 6.25052
69736.5 11.1128
83149.6 9.99933
84637.7 10
98049.8 10.0007
98795.8 14.2857
99540.9 14.998
112952 10.5263
113697 10.5263
124123 13.3393
124868 13.3393
126361 17.6498
135299 14.2857
136792 14.2857
146475 13.3333
147965 13.3369
148714 18.7484
159146 17.6401
161376 16.6667
170321 13.3333
173302 12.4948
180747 14.2926
182240 16.6704
183730 21.4327
192673 18.7421
194161 18.75
195651 18.75
196398 23.5257
206084 22.2222
207572 22.2222
208317 23.5294
209062 23.5331
219495 22.2222
220983 25.0034
221729 26.3139
222473 26.3158
223219 26.3158
234391 25.0084
235881 25.005
236630 28.5714
247058 17.6457
248547 21.0526
249298 22.2139
261213 11.7647
261959 16.6667
262704 16.6729
273879 17.6471
275373 16.6629
276120 16.6605
277608 19.996
289526 19.0476
291766 18.1796
292506 18.1874
294001 18.1796
294746 21.7366
303687 26.3065
305922 18.75
306667 18.75
313369 23.0865
315603 23.0888
316348 23.0888
317841 26.6714
324544 26.6667
327529 24.9895
328274 24.9895
330509 23.5257
331254 27.7736
339450 24.9933
343175 23.8095
343915 23.8171
344663 26.3195
345408 26.3195
350622 33.3423
351365 37.5157
352859 46.1634
353604 46.1396
354349 46.1538
355094 46.1538
360308 46.1538
361799 42.8448
363289 43.739
364031 46.6792
364777 46.6792
365527 46.6583
366272 46.6583
372229 43.75
373720 43.75
375952 28.5851
376697 28.5851
382663 28.5632
