4489.5 3865.5
12687.1 8197.64
14921.3 10430.8
29079.4 16392.3
29823.5 14902.2
38764.2 8940.7
39509.2 9684.75
48449.9 9685.75
49195 9685.75
59625.8 11175.9
60370.9 11919.9
61114.9 11919.9
73779.9 14154.1
74527 14156.1
75271 14899.2
76016.1 14901.2
87193.9 13414
87938 13411
88684.1 13413
89429.1 13413
90172.2 14155.1
99111.9 10427.8
99858.9 10429.8
100603 10430.8
111781 12669
112525 12666
113271 13411
114016 13413
126679 13408
127424 14152.1
128917 14901.2
137855 8937.7
138600 9681.75
149031 11175.9
149776 11175.9
161697 12666
163188 14156.1
163932 14156.1
173618 11920.9
175853 11920.9
187774 14156.1
190009 14156.1
200440 12666
201185 13410
202676 12667
212363 11922.9
213854 12669
214596 13410
216089 13413
229497 13408
243653 14156.1
244398 14900.2
255574 11175.9
256319 11919.9
266750 11175.9
268241 11921.9
280161 13411
280906 14155.1
293575 13414
294320 13414
303260 9684.75
312942 9681.75
313691 10429.8
325608 12666
326357 12666
336038 10430.8
336783 11174.9
337531 11174.9
346474 10435.8
347219 10435.8
347962 11177.9
348707 11175.9
354665 8190.64
355410 8190.64
356158 8195.64
356903 8195.64
358393 9684.75
362115 7450.58
362860 7450.58
363605 7447.58
364354 7450.58
365099 6705.52
365844 7449.58
368821 6705.52
370311 7450.58
371056 7450.58
371804 7450.58
372549 7450.58
373294 7450.58
374039 8194.64
377022 8200.64
379255 8943.7
380002 8945.7
380745 8940.7
381492 8942.7
382237 8942.7
382982 8942.7
383727 6705.52
384472 7449.58
385217 5962.46
