1495.27 49.8278
5216.56 20.0215
5964.61 33.3408
14160.3 16.6611
15650.4 15.3846
27573.3 11.1095
29061.4 11.1111
40979.3 11.1153
42474.5 11.1095
43219.5 15.7872
49924 20.0027
50665.1 20.0134
58119.7 18.1818
58864.7 18.1729
59608.8 24.9916
69291.5 20.0072
70040.6 20
70785.7 19.9982
71531.7 24.9958
83451.7 11.7647
84196.7 16.6667
84942.8 16.6667
94627.5 14.2857
95372.6 14.2871
105058 14.2857
105803 14.2857
118469 11.1111
119214 15.7895
119959 15.7895
131880 11.7647
132625 11.7647
144546 6.25
145291 11.7647
154977 14.2857
155722 14.2857
167643 11.7647
168388 16.6667
169133 16.6667
183289 14.2857
184781 13.6355
185526 17.3903
186271 17.3903
195955 14.2871
196700 20.0018
197445 20.0036
207131 20
207876 20
208621 19.9982
219052 18.75
220541 22.2239
221287 22.2222
222031 22.2239
231719 23.5276
233953 22.2206
234698 26.3139
235442 26.3176
236188 26.3158
244385 29.4118
246620 29.4094
247364 29.4118
248108 29.4118
248854 33.3333
249599 33.3333
256301 37.5157
257794 40.0072
258540 40
259284 40
260029 40
260774 43.75
261520 43.75
268222 43.75
269716 43.7463
270461 43.75
271205 43.75
271950 43.75
272695 43.75
273440 47.0588
274186 47.0588
283127 39.9893
285362 38.0952
286107 38.0952
286853 38.0928
287599 38.0904
288344 38.0904
289089 38.0904
289832 38.0952
290577 40.9091
301754 22.2239
302499 26.3176
303244 26.3176
303988 26.3158
304733 26.3158
313671 31.2605
315164 29.4141
315910 29.4118
316654 29.4118
317401 33.3284
318146 33.3284
328576 29.9919
330067 29.996
