4917.5 18.1921
13856.6 8.3348
16090.4 13.3369
30250.5 9.08948
31737.6 9.5232
39189.2 16.6704
39932.2 18.184
40677.3 25.0028
50365 20
51854.2 18.7484
52598.2 18.75
53344.3 23.5276
63776.1 22.2222
65264.2 22.2239
66010.3 22.2206
66755.3 22.2222
78679.2 19.9973
80169.4 22.7245
80914.4 23.8034
81659.5 23.805
82401.5 23.8095
95070.5 15.7895
95811.6 15.7939
96557.6 15.7895
108480 16.6692
109223 16.6667
117420 16.6667
118909 15.383
127849 14.2885
129340 14.2857
130084 20.0018
141260 16.6667
142751 16.6667
143499 16.6617
144241 21.0511
158400 17.3872
159144 18.1807
159889 18.184
160636 18.1785
170319 14.2857
171064 14.2885
172554 18.7547
180750 21.4286
181495 21.4286
182984 21.4286
191924 14.2885
193415 14.2857
204592 11.7628
206081 11.7647
207571 15.7895
218003 16.6667
219492 16.6667
220235 17.6498
220980 22.2255
229179 26.6667
230668 26.6667
232158 24.9958
232906 24.9895
241845 23.5294
242590 27.7778
244079 27.7778
245569 27.7778
246317 27.7778
258236 22.7273
258981 22.7273
259726 26.087
261218 26.0824
262706 26.087
263454 26.087
273137 18.7531
274627 18.75
275370 23.5331
276117 23.535
284310 26.6738
285802 26.6667
286545 26.6667
287291 26.6714
288786 29.4048
298469 26.3102
301447 11.7694
302942 15.7895
312625 15.7895
315603 15.7895
317098 15.7895
327524 12.5
329016 12.5031
335719 18.1818
337214 18.1752
337958 24.9944
343916 27.2694
345410 27.2727
346154 27.2727
347642 30.7756
352857 33.3333
354347 33.3483
355093 33.3408
356586 33.3222
362542 30.7692
364778 31.25
365527 33.3214
