1495.27 2
5216.56 2
5964.61 2.5
14160.3 2
15650.4 2.5
27573.3 2.9
29061.4 3.24483
40984.3 3.55301
42472.5 3.83446
43219.5 4.09525
50669.1 4.33944
51414.2 4.56988
52159.2 4.78871
53648.3 4.99753
59605.8 5.19763
61098.9 5.39003
61845 5.57555
63334.1 5.75491
70786.7 5.92867
71530.7 6.09735
73764.9 1
74511 2
76002.1 3
85682.8 3
86427.9 4
87921 4.25
98352.8 4.48529
99098.9 4.70824
100587 4.92064
101333 5.12386
113250 5.31903
113999 5.50703
115488 5.68862
116234 5.86441
117723 6.03493
128896 6.20063
129641 6.36191
131134 6.51909
131881 6.67249
133370 6.82236
134117 1
143801 2
144542 3
145287 4
146038 4.25
146783 4.48529
157208 4.70824
157953 4.92064
158702 5.12386
159447 5.31903
170619 5.50703
171365 5.68862
172110 5.86441
172858 6.03493
173603 6.20063
182540 6.36191
184030 6.51909
184776 6.67249
185524 6.82236
186269 6.96893
187014 7.11243
195951 7.25303
198192 1
198932 2
199677 3
200427 4
201172 4.25
201915 4.25
210854 4.48529
213093 4.70824
213838 1
214581 2
222775 3
225009 3.33333
233205 3.63333
234697 3.90856
236930 4.16441
246616 4.40454
248856 4.63158
251086 4.84749
251831 5.05378
261518 5.25165
263757 5.44207
265987 5.62582
266732 5.80357
267480 5.97588
277164 6.14322
279398 6.306
281638 6.46458
282383 6.61927
283126 6.77034
292810 6.91805
294302 7.0626
296537 7.20419
299519 7.343
300260 7.47918
301010 7.61288
307711 7.74424
309201 1
310695 1
