3728.44 2
9687.9 3
11177 4
20863.8 5
22353.9 2
23843 3
24592.1 3.33333
34278.8 3.63333
36510 3.90856
39494.2 1
46195.7 2
48434.9 2.5
56626.6 2.9
57371.6 3.24483
67057.4 3.55301
67802.4 3.83446
69291.5 4.09525
81217.5 1
81962.5 2
83452.7 3
84196.7 3.33333
95369.6 3.63333
96117.6 3.90856
97603.8 1
110275 1
111765 1
127410 2
142311 1
143056 2
155722 2.5
156467 2.9
169134 3.24483
169879 3.55301
181051 3.83446
181796 4.09525
183285 4.33944
194462 4.56988
195207 1
196701 2
197447 3
210109 3.33333
211598 3.63333
212346 3.90856
222032 4.16441
223519 4.40454
224264 4.63158
232463 4.84749
233949 5.05378
235444 5.25165
236188 5.44207
245871 5.62582
247360 5.80357
248108 5.97588
249601 6.14322
250344 1
260772 2
262263 3
263010 4
264502 4
265245 4.25
277909 4.48529
278654 4.70824
280143 4.92064
280891 5.12386
295045 5.31903
295792 5.50703
297279 1
298029 2
298774 3
309946 3.33333
311440 3.63333
312185 3.63333
320377 1
321126 2
321871 2.5
328573 2.9
329318 3.24483
336768 3.55301
337513 3.83446
339003 4.09525
347203 4.33944
347948 4.56988
349433 4.78871
350182 1
356886 2
357631 2
359119 3
366572 3.33333
368065 3.63333
368810 3.90856
373280 4.16441
374025 4.40454
374765 4.63158
375510 4.84749
376255 5.05378
377001 5.25165
377746 5.44207
378491 5.62582
379236 5.80357
379986 5.97588
