605 0
1565 0
2046 0
3365 0
3967 0
4446 0
5045 0
5765 0
6724 0
7327 0
7807 0
8407 0
9247 0
10202 0
10927 0
11642 0
13087 0
13567 0
14047 0
14642 0
15367 0
16327 0
16807 0
17527 0
18722 0
19202 0
19682 0
20287 0
20643 0
21607 0
22087 0
22807 0
23767 0
24247 0
24722 0
25202 0
25567 0
26407 0
26887 0
27367 0
28327 0
28807 0
29162 0
29527 0
30007 0
30487 0
30967 0
31447 0
32407 0
32887 0
33367 0
33967 0
34327 0
34807 0
35287 0
36247 0
36722 0
37202 0
37807 0
38163 0
38642 0
39126 0
40087 0
40686 0
41287 0
41887 0
42247 0
42847 0
43327 0
44287 0
45007 0
45487 0
46087 0
46447 0
46927 0
47407 0
48126 0
48966 0
49807 0
