2981.23 0
7451.58 0
8941.7 0
17137.3 0
18627.5 0
19372.5 0
20117.6 0
30548.4 0
32038.5 0
32783.6 0
33528.6 0
35018.7 0
43959.4 0
44704.5 0
45449.5 0
46194.6 0
54390.2 0
55135.3 0
56625.4 0
65566.1 0
66311.2 0
67801.3 0
78977.2 0
79722.2 0
81212.3 0
81957.4 0
94623.4 0
95368.4 0
96858.5 0
97603.6 0
109525 0
111015 0
111760 0
119210 0
120700 0
122191 0
122936 0
132621 0
133366 0
134857 0
146032 0
146777 0
148268 0
149013 0
160188 0
160934 0
162424 0
163169 0
163914 0
173600 0
174345 0
175835 0
177325 0
178070 0
185520 0
186266 0
187011 0
187756 0
189246 0
190736 0
200422 0
201167 0
201912 0
202657 0
203402 0
204892 0
206382 0
217558 0
219048 0
219793 0
221283 0
230224 0
230969 0
240655 0
241400 0
242145 0
252576 0
253321 0
254066 0
254811 0
267477 0
268222 0
268967 0
269712 0
270457 0
284613 0
285358 0
286103 0
286848 0
287593 0
296534 0
298024 0
298769 0
299514 0
300259 0
301004 0
308455 0
310690 0
311435 0
312180 0
312925 0
313670 0
