3424.38 2
10877 2
12365.1 2.5
23544.9 2.9
26524.2 3.24483
34715.8 1
36955 2
37700.1 2.5
45895.7 2.9
47384.8 3.24483
57071.6 3.55301
58560.7 1
59306.7 2
69733.5 2.5
71228.7 1
81658.5 2
94325.5 2.5
95070.5 1
104753 2
116674 2.5
118165 2.9
131573 3.24483
133063 3.55301
143494 3.83446
145734 4.09525
147223 4.33944
156160 1
158395 2
159891 3
160631 3.33333
173301 3.63333
174047 1
174790 2
185963 2.5
186708 2.9
200124 3.24483
200869 3.55301
212785 3.83446
213530 4.09525
215023 4.33944
226941 4.56988
228436 4.78871
229924 1
230670 2
239607 3
240352 3.33333
250043 3.63333
251531 3.90856
253018 4.16441
262709 4.40454
264197 4.63158
266434 4.84749
267178 5.05378
275371 5.25165
276863 5.44207
278353 5.62582
279099 5.80357
280588 5.97588
288037 6.14322
289529 6.306
291019 6.46458
292509 6.61927
293999 6.77034
300703 6.91805
301447 7.0626
302192 7.20419
303685 1
305921 2
307411 3
314863 4
316351 4.25
317098 4.48529
318586 4.70824
328270 4.92064
329762 5.12386
330504 5.31903
331249 5.50703
338705 5.68862
340193 5.86441
341683 6.03493
342430 6.20063
343918 6.36191
346897 6.51909
348387 6.67249
349875 6.82236
350620 6.96893
352114 7.11243
353604 7.25303
356583 7.3909
358818 7.5262
361056 7.65907
361801 7.78963
363289 1
364035 2
365527 3
367759 4
370739 4.25
373722 4.48529
374467 4.70824
378190 4.92064
