2241.32 2
6709.67 3
8199.79 2
14906.3 2.5
16394.4 2
28317.4 2.5
31296.6 2.9
41728.4 3.24483
43961.6 3.55301
52904.3 3.83446
54392.4 4.09525
56627.6 4.33944
64825.2 4.56988
66313.3 4.78871
67803.4 4.99753
68549.5 5.19763
75252 5.39003
76747.1 5.57555
78980.3 5.75491
79725.4 5.92867
80469.4 6.09735
88668.1 6.26135
90155.2 6.42106
92391.3 6.5768
93136.4 6.72885
93880.5 6.87746
94625.5 7.02286
102078 7.16526
104312 7.30482
106547 7.44171
107293 7.57609
108037 7.70809
108782 7.83782
109527 1
117724 2
120706 3
122939 4
123684 4.25
124429 4.25
125173 4.48529
134860 4.70824
136349 4.92064
137095 5.12386
137839 5.31903
147527 5.50703
149015 5.68862
149761 1
150505 2
151253 2
162429 3
163916 3.33333
175838 3.63333
177327 3.90856
178073 4.16441
191484 4.40454
193719 1
194464 2
195209 3
207876 3.33333
210856 3.63333
211601 3.90856
222777 4.16441
225757 4.40454
226502 1
238423 2
239913 3
242147 3.33333
254814 3.63333
255559 3.90856
256303 4.16441
268227 4.40454
268972 4.63158
269714 4.84749
270459 5.05378
279403 5.25165
280146 5.44207
280890 5.62582
281635 5.80357
283125 5.97588
292812 6.14322
293557 6.306
294302 6.46458
295046 6.61927
295791 6.77034
303990 6.91805
305477 7.0626
306223 7.20419
306967 7.343
307712 1
308457 2
317397 3
318891 3
319634 4
320379 4.25
321123 4.48529
330065 4.70824
330810 4.92064
331554 5.12386
332302 5.31903
342731 5.50703
