3424.38 2955.38
10877 7452.58
12365.1 8939.7
23544.9 12668
26524.2 14159.1
34715.8 11170.9
36955 10430.8
37700.1 11174.9
44405.6 9689.75
47385.8 10430.8
48130.9 10430.8
48874.9 11173.9
57816.6 13411
60796.9 13411
61541.9 13411
62286 13411
71972.7 14156.1
73461.8 15644.2
75698 14901.2
76443.1 14901.2
77189.1 14903.2
89110.1 17137.3
90598.2 17136.3
91345.2 17882.4
104755 15645.2
105500 14902.2
106246 14901.2
106991 15645.2
115187 8940.7
115931 8939.7
124872 9684.75
125617 10428.8
127106 11174.9
136789 11916.9
137538 11920.9
138282 12664
140515 13409
152439 15650.2
153184 15646.2
153928 15646.2
156165 15650.2
157655 17139.3
165851 13412
168827 11171.9
169576 11919.9
177022 11170.9
179258 10430.8
180003 10426.8
187458 10435.8
188202 11178.9
190436 11177.9
191179 11175.9
198633 11174.9
199378 11175.9
200867 12664
202357 11920.9
203847 12668
212789 14156.1
213534 14156.1
215025 14158.1
216513 14156.1
217258 14900.2
225455 10429.8
226944 11917.9
227687 11173.9
228434 11175.9
237376 11920.9
238865 11920.9
239608 11920.9
240355 12667
241100 12666
253022 15646.2
254513 15648.2
255254 15646.2
256003 15648.2
256748 16392.3
257491 16391.3
269414 13411
270155 14151.1
270900 14152.1
271647 14156.1
279099 9684.75
280588 10432.8
281331 10430.8
282078 10430.8
283568 11919.9
292507 13408
293999 13411
294742 13411
295489 13411
296979 13411
297726 14157.1
306663 14156.1
308902 14903.2
309643 14901.2
310388 14899.2
311137 14158.1
311880 14154.1
323803 13415
324544 13407
