1510.27 1496.27
1511.27 1
4502.8 2991.53
4503.8 1
5234.56 730.76
5978.61 744.058
13103.9 7125.29
16411.4 3307.52
16627.4 215.927
17899.5 1272.19
32804.7 14905.2
32805.7 1
40998.3 8192.64
41743.4 745.058
50684.1 8940.7
50685.1 1
51429.2 744.058
62605 11175.9
63350.1 745.058
63351.1 1
64093.1 742.058
76016.1 11922.9
76761.1 745.058
77504.2 743.058
78249.2 745.058
78250.2 1
94642.5 16392.3
95389.6 747.058
96130.6 741.058
111034 14903.2
111779 745.058
123700 11920.9
124445 745.058
124446 1
135621 11174.9
136366 745.058
137111 745.058
137112 1
148287 11174.9
149775 1488.12
150522 747.058
151265 743.058
161700 10434.8
161701 1
163186 1485.12
172875 9688.75
174362 1487.12
175852 1490.12
183305 7453.58
184793 1487.12
184794 1
186283 1489.12
195971 9688.75
197459 1487.12
198208 749.058
198209 1
199694 1485.12
208636 8942.7
210874 2237.17
211619 745.058
221302 9683.75
222048 746.058
222791 742.058
222792 1
236205 13413
236206 1
236951 745.058
249616 12665
251103 1487.12
261538 10434.8
262282 744.058
272712 10430.8
273457 745.058
273458 1
283887 10428.8
284634 747.058
285375 741.058
285376 1
295809 10432.8
296554 745.058
308474 11919.9
308475 1
309220 745.058
321887 12667
323373 1486.12
337532 14159.1
338278 745.058
347963 9685.75
347964 1
348709 745.058
356904 8194.64
357649 745.058
357650 1
358391 741.058
366590 8198.64
367335 745.058
368080 745.058
368822 742.058
368823 1
375530 6707.52
377018 1487.12
377767 749.058
378512 745.058
