242 49
843 39
1206 50
1803 50
2283 46
2646 50
3005 55
3603 53
4202 49
4682 50
5284 47
5644 44
6123 42
6607 36
7206 35
7807 31
8287 30
9007 27
9367 24
10087 22
10567 21
11527 19
12247 19
12607 19
13567 18
13682 17
14164 17
14642 17
15487 18
16567 17
16682 16
17527 17
18246 16
18367 15
19327 15
19682 16
20527 15
20642 14
21847 14
22807 14
22927 13
23767 14
24247 14
25087 14
25927 15
26887 15
27607 16
28087 16
29162 16
30007 14
30844 15
31325 18
31807 18
32764 22
33844 21
34567 23
35165 22
35284 20
35765 19
36847 18
37927 17
38047 17
39487 16
40087 15
40327 13
41163 14
41887 15
42247 16
43087 16
44047 16
44644 19
45005 19
45487 20
46325 21
47282 25
47765 30
48124 30
48847 28
49447 30
49567 31
