4473.5 2
10433 3
12667.1 4
21608.8 5
23097.9 2
25338.1 3
26828.2 3.33333
35763.9 3.63333
37258.1 3.90856
40239.3 4.16441
46940.8 4.40454
48433.9 4.63158
49180 4.84749
49924 5.05378
58116.7 5.25165
59609.8 5.44207
60355.9 5.62582
61099.9 5.80357
62590 1
70782.7 2
71526.7 3
72271.8 3.33333
73020.8 3.63333
81957.5 3.90856
82702.6 4.16441
83451.7 4.40454
94623.5 4.63158
95368.6 4.84749
96113.6 5.05378
96862.7 5.25165
108035 5.44207
109525 5.62582
110270 5.80357
111019 1
111764 2
124427 3
126661 1
127406 2
137093 2.5
140072 2.9
147524 3.24483
151248 3.55301
158704 3.83446
160193 4.09525
163914 4.33944
171367 4.56988
172859 4.78871
174349 1
177325 2
186268 3
188505 3.33333
202659 3.63333
203403 3.90856
204148 4.16441
215325 4.40454
216817 4.63158
217563 4.84749
218307 5.05378
230974 5.25165
232463 5.44207
233209 1
233953 1
235444 1
242147 2
242892 3
251833 3.33333
252578 3.63333
253325 3.90856
263009 4.16441
263757 4.40454
264501 4.63158
275676 4.84749
276420 5.05378
277165 5.25165
277912 5.44207
291322 5.62582
292813 5.80357
293556 5.97588
294303 6.14322
295048 6.306
307713 6.46458
309202 1
309947 2
310695 3
311440 3
312185 4
321124 4.25
323358 4.48529
324103 4.70824
325596 1
333792 2
336024 3
337516 3.33333
347945 3.63333
348690 3.90856
350925 4.16441
360614 4.40454
361359 4.63158
362849 4.84749
363594 5.05378
