2984.38 2
7454.73 3
8942.85 4
17139.5 2
18628.6 2.5
19377.7 2.9
20122.7 3.24483
32785.7 3.55301
33533.8 3.83446
35019.9 1
44707.6 2
45451.7 2
55883.5 2.5
56627.6 2.9
68548.5 3.24483
69293.5 3.55301
78234.2 3.83446
78979.3 4.09525
79723.4 4.33944
90155.2 4.56988
90900.2 4.78871
91645.3 4.99753
92389.3 5.19763
102076 5.39003
103565 5.57555
104311 5.75491
105055 5.92867
105800 6.09735
117725 6.26135
119211 6.42106
119957 6.5768
120702 6.72885
121447 6.87746
122192 7.02286
131133 7.16526
132622 1
133369 1
134114 2
134862 3
135607 4
136352 4.25
143799 4.48529
146035 4.70824
146780 4.92064
148269 5.12386
154230 1
157210 2
157955 3
159449 3.33333
160935 3.63333
170621 3.90856
172111 4.16441
173605 4.40454
185523 4.63158
187012 1
187760 1
189251 2
201917 3
204896 3.33333
214580 3.63333
216069 3.90856
219052 4.16441
230229 1
231719 2
234699 2
236186 3
243639 3.33333
244384 3.63333
245126 3.90856
254070 4.16441
254815 4.40454
255557 4.63158
265246 4.84749
265991 5.05378
266733 5.25165
267478 5.44207
278657 5.62582
279402 5.80357
280144 5.97588
280889 6.14322
281634 6.306
295793 1
296538 2
297283 3
298029 4
298774 4
299515 4.25
312930 4.48529
313675 1
314420 2
315166 3
324848 3.33333
326338 3.63333
327087 3.63333
338260 3.90856
339007 4.16441
339749 4.40454
351674 4.63158
352418 1
353163 2
