3728.44 2
9687.9 3
11177 4
20863.8 5
21608.8 6
22353.9 7
23097.9 8
34277.8 1
35767.9 2
36510 3
37258.1 4
38003.1 4.25
39489.2 4.48529
40979.3 4.70824
42469.5 4.92064
52156.2 5.12386
53649.3 5.31903
55135.4 5.50703
56629.6 5.68862
64078.1 5.86441
64822.2 6.03493
65566.3 6.20063
66311.3 6.36191
67801.4 6.51909
76743.1 6.67249
77488.2 6.82236
78232.2 6.96893
78977.3 7.11243
79722.4 7.25303
81212.5 1
91644.3 2
92389.3 3
93134.4 4
93882.5 4.25
94627.5 4.48529
95368.6 4.70824
108036 1
108781 1
109526 2
110274 3
122195 3.33333
122940 3.63333
123681 3.90856
132622 4.16441
133368 4.40454
134112 4.63158
146034 4.84749
146779 5.05378
147523 5.25165
148268 5.44207
158700 1
159445 2
160190 3
160938 3
161683 3.33333
172859 3.63333
173601 1
174345 2
184777 2.5
185522 2.9
197443 3.24483
198188 1
211602 2
212344 2.5
223521 2.9
224265 3.24483
234696 3.55301
235440 1
236185 2
248107 1
248852 2
261519 2.5
262266 2.9
277164 3.24483
277912 3.55301
291320 3.83446
292065 1
292810 2
303987 2.5
305475 2.9
315908 3.24483
316653 3.55301
324847 3.83446
325594 4.09525
327082 4.33944
334533 4.56988
335279 4.78871
336767 4.99753
337516 5.19763
347199 5.39003
347944 1
348688 2
349437 3
350182 3.33333
360613 3.63333
361355 3.90856
362099 1
371786 2
372531 2.5
377005 2.9
