2984.38 24.9652
7454.73 16.6667
8942.85 25.0084
17139.5 15.3862
18628.6 20.0036
19377.7 21.4204
20122.7 26.6571
32785.7 11.1136
33533.8 11.1111
35019.9 15.004
44707.6 18.7484
45452.7 18.7531
46940.8 18.75
48434.9 22.2156
56628.6 25
57373.6 25
58116.7 26.6667
59606.8 26.6762
67803.4 26.6691
68549.5 31.25
69294.5 31.25
70782.7 29.4118
71530.7 31.2421
81962.5 17.6443
83448.7 17.6471
84197.7 17.6457
93136.4 20.0036
93881.5 21.4245
94624.5 26.6667
95369.6 26.6762
104312 26.6667
105057 26.6667
105800 26.6667
106545 31.25
108036 29.4118
117723 27.7778
118468 27.7778
119211 27.7778
119956 27.7778
121447 27.7778
122195 31.5723
133370 28.5714
134115 28.5714
134862 28.5641
135607 28.5641
137097 28.5641
137841 28.5714
138583 31.824
147527 21.4306
148272 21.4286
149014 26.6738
150504 25
159447 25.0021
160194 24.9979
160935 25
162425 25
163918 27.7716
173603 26.3158
174348 26.3195
175091 26.3158
176581 26.3158
178819 25
179564 28.5714
186269 35.2941
187014 35.2941
187757 35.2941
189247 35.2941
191486 35.2913
192972 33.3408
199680 33.3333
200425 36.8421
201170 36.8421
201913 36.8421
202658 38.8889
204148 41.1895
205641 41.1667
213093 38.8831
214583 36.8369
215326 40
216069 40.0054
216814 40
227992 22.2255
228737 26.3195
229480 26.3195
230225 26.3158
231715 25
242148 26.3158
242895 26.3121
243636 26.3158
244381 26.3158
245875 28.5641
246619 29.994
254813 35.2969
255559 35.2997
256304 35.2885
267479 12.501
268227 17.6443
269717 16.6642
271207 19.9973
282381 19.9987
