2984.38 24.9652
7454.73 16.6667
8942.85 25.0084
17139.5 15.3862
18628.6 20.0036
19377.7 21.4204
20122.7 26.6571
32788.7 11.1111
33533.8 11.1111
35019.9 15.004
43961.6 20.0054
44707.6 20.0036
46195.7 20
47684.9 23.5313
52157.2 36.3636
52903.3 36.3636
54391.4 36.3636
56625.6 33.3333
61844 30.7661
62589 35.7109
63332.1 35.7211
64822.2 35.7143
67056.4 35.7143
74510 29.4118
75255 29.4118
75998.1 33.3383
76743.1 33.3333
78233.2 33.3333
81212.5 31.5789
90155.2 28.5733
90903.2 28.5678
91648.3 28.5641
92393.3 31.8104
93138.4 31.8104
94624.5 31.8182
98352.8 30.4277
106549 21.0526
107292 21.0571
108781 21.0526
113999 19.0476
117723 26.6714
118467 26.6667
119211 31.2526
119956 33.3333
124430 35.7143
128898 33.3363
129643 33.3333
134861 21.4286
141567 17.6429
142312 17.6429
152741 13.3357
153485 13.3369
163172 14.2857
164660 13.3345
165406 18.75
174348 20
175836 20
176582 20
178071 23.5313
188503 21.0541
189993 21.0511
190738 21.0526
192231 21.0467
203407 11.7619
204152 12.5
204893 17.6526
213835 21.4347
214580 21.4347
215324 21.4286
226501 17.6471
227246 22.2222
227991 22.2222
229480 21.0526
239167 23.5294
240656 22.2239
241402 26.3158
242891 25.0017
243639 26.3102
255561 22.7231
257793 21.7379
258538 21.7391
260031 21.7341
260776 24.9944
269714 20
270459 25
271203 26.6762
271948 26.6762
280890 26.6667
281635 26.6667
282379 26.6667
283124 31.25
283869 31.25
294301 27.7778
295046 27.7778
295790 27.7778
296535 27.7778
297284 31.57
298029 31.57
311437 26.087
312182 26.087
