3728.44 19.9831
9687.9 12.5021
11177 20.0054
20863.8 13.3333
22353.9 17.6471
23843 17.6471
24592.1 22.2156
34274.8 22.2222
36510 23.8095
39494.2 14.999
45450.7 20
53646.3 9.09091
55135.4 15.3862
64077.1 14.2857
65566.3 14.2857
77488.2 11.1111
78977.3 15.001
79723.4 15.7884
93879.5 13.6364
95368.6 13.6364
96114.6 17.3903
97603.8 16.6676
108036 21.0526
109526 21.0511
110271 21.0526
111765 21.0452
113250 23.8095
120706 21.4204
122191 21.4388
123686 21.4183
130387 23.0865
131876 23.0769
134116 21.4306
135606 25.0021
143053 23.5294
144542 23.5294
146782 23.5294
148268 23.5368
149018 27.7757
154230 33.3304
155719 33.3304
157957 33.3333
158703 35.7006
159444 35.7314
168388 21.4286
169133 21.4286
169874 21.4286
181054 17.6471
181800 17.6457
182545 22.2206
184030 21.0526
194462 12.5042
195955 16.6679
197442 16.6667
206383 18.75
207877 18.7484
208621 19.9928
209362 25
216814 28.5714
218303 28.5851
219052 28.5714
219798 28.5577
221283 31.25
230970 26.3158
232463 26.3084
233208 26.3158
233949 26.3251
235439 26.3158
245130 26.3084
246615 28.5733
248110 28.5696
248855 28.5714
249600 28.5641
251086 28.5714
261518 27.2794
263757 15.7884
265242 15.7895
265992 19.9933
272693 26.6667
274183 28.5851
274932 30.7565
275678 30.7692
284614 25
286103 25
286853 29.4025
287598 29.4118
288339 29.4234
298774 26.3084
300260 26.3158
301755 24.9983
302499 28.5714
303240 28.5787
304730 27.2727
312928 31.5856
314421 31.5678
315910 31.5812
316655 31.5789
317401 31.5678
318146 34.9883
318891 36.8291
