2257.32 1946.32
2258.32 1
6149.97 3891.65
6150.97 1
6723.67 572.702
9704.9 2981.23
16132.3 6427.38
21628.8 5496.55
21629.8 1
33549.8 11919.9
34294.8 745.058
43233.5 8938.7
43234.5 1
55156.4 11921.9
55897.5 741.058
67073.4 11175.9
79739.4 12666
93150.4 13411
108052 14901.2
119227 11175.9
119228 1
132638 13410
134128 1489.12
147544 13416
147545 1
157225 9680.75
158715 1489.12
166911 8196.64
168400 1489.12
168401 1
178832 10430.8
180321 1489.12
181816 1495.12
181817 1
195968 14151.1
195969 1
197463 1493.12
208634 11171.9
209379 745.058
210869 1489.12
210870 1
222047 11177.9
222791 743.058
224280 1489.12
237692 13412
237693 1
239181 1488.12
249613 10431.8
250362 749.058
261534 11171.9
262279 745.058
272709 10430.8
274199 1489.12
274200 1
283885 9685.75
286124 2239.17
296552 10427.8
297296 744.058
307727 10430.8
308472 745.058
308473 1
321887 13414
322632 745.058
334549 11916.9
335294 745.058
335295 1
344235 8939.7
344980 745.058
346469 1489.12
346470 1
352435 5964.46
353920 1485.12
355415 1495.12
356159 744.058
359139 2980.23
359140 1
359884 744.058
361370 1486.12
362115 745.058
365101 2985.23
365846 745.058
365847 1
366586 739.058
367331 745.058
368076 745.058
368821 745.058
369566 745.058
370311 745.058
370312 1
371056 744.058
371801 745.058
372546 745.058
373291 745.058
374036 745.058
374781 745.058
375526 745.058
376271 745.058
376272 1
377017 744.058
377762 745.058
378507 745.058
379252 745.058
