367 367
967 467
1367 367
1847 347
2567 567
3047 547
3767 767
4246 746
4847 847
5567 1067
6162 1162
6642 1142
7367 1367
7967 1467
8567 1567
9047 1547
9767 1767
10367 1867
10847 1847
11327 1827
11807 1807
12527 2027
13007 2007
13487 1987
13967 1967
14447 1947
15166 2166
15642 2142
16126 2126
16607 2107
17087 2087
17807 2307
18287 2287
18767 2267
19247 2247
19722 2222
20327 2327
20807 2307
21287 2287
21767 2267
22247 2247
22722 2222
23447 2447
23927 2427
24407 2407
24887 2387
25367 2367
25847 2347
26567 2567
27047 2547
27646 2646
28126 2626
28607 2607
29087 2587
29807 2807
30287 2787
31007 3007
31487 2987
32206 3206
32683 3183
33287 3287
33767 3267
34607 3107
35087 3087
35807 3307
36164 3164
36646 3146
37247 3247
38087 3087
38567 3067
39162 3162
39407 2907
39887 2887
40367 2867
41087 3087
41682 3182
42163 3163
42767 3267
43126 3126
43607 3107
44087 3087
44567 3067
45162 3162
45643 3143
46126 3126
46847 3347
47202 3202
47683 3183
48162 3162
48767 3267
49246 3246
49607 3107
