2241.32 2241.32
6709.67 4468.35
8199.79 5958.46
14906.3 8196.64
16394.4 9684.75
28317.4 13411
31296.6 14902.2
41728.4 13411
51414.2 9685.75
52902.3 11173.9
63331.1 11916.9
64823.2 11920.9
77490.2 14159.1
78979.3 15648.2
79725.4 14902.2
89411.1 11920.9
90900.2 11174.9
102077 12666
103566 12666
113998 11920.9
114743 11176.9
115487 11920.9
125919 11920.9
126666 11922.9
137095 11175.9
137840 11173.9
148271 11175.9
149018 11177.9
149760 11919.9
159444 11172.9
160189 11170.9
160937 11176.9
162426 12666
174345 13408
175093 14156.1
176582 14156.1
189246 14901.2
189994 14901.2
191483 14901.2
192227 15645.2
201912 12666
202657 12663
204149 12666
204893 12666
205638 13411
217561 15649.2
218303 15646.2
220539 14901.2
228737 11175.9
230226 11922.9
232460 11920.9
239913 11175.9
241402 11175.9
242150 11923.9
244382 11921.9
254814 14901.2
255556 14154.1
256303 14153.1
257793 15643.2
259283 14901.2
271950 17136.3
272695 17139.3
273439 17136.3
274930 17136.3
276420 17136.3
277164 17880.4
289087 17136.3
289832 17136.3
290577 17137.3
292066 17136.3
303245 12668
304732 12666
305476 13410
312184 8939.7
312929 9683.75
314418 9685.75
315166 9689.75
322614 10429.8
323359 10430.8
324103 9685.75
324848 10430.8
325594 10427.8
332300 9685.75
333045 9685.75
333790 9686.75
334534 9685.75
335279 10430.8
336024 10430.8
343478 11177.9
344968 11922.9
345711 11920.9
346458 11923.9
347203 11923.9
347945 11920.9
348690 12666
353907 7448.58
354652 7448.58
355397 7451.58
356144 7453.58
361357 7450.58
