3728.44 3728.44
9687.9 5959.46
11177 7448.58
20863.8 11175.9
22353.9 12666
23843 12666
24592.1 13415
34274.8 13411
36510 15646.2
39494.2 14902.2
45450.7 11175.9
49179 9684.75
56626.6 11175.9
61099.9 11920.9
73765.9 12666
75252 14152.1
86431.9 12666
96862.7 10430.8
98348.8 11916.9
109529 12666
111019 12670
119214 9685.75
120701 11171.9
122195 11175.9
131132 11917.9
132625 11924.9
134117 13416
134861 12666
142308 11175.9
145291 10430.8
146037 11175.9
154229 11920.9
157212 11920.9
157957 11920.9
166895 12666
170624 13412
171369 14156.1
172855 14897.2
181796 14901.2
184780 14155.1
185525 14156.1
187016 15647.2
187759 14904.2
195207 13411
199680 12664
200425 12666
208622 13415
214583 14903.2
215326 14901.2
216818 16393.3
222030 13408
227992 11173.9
229479 12661
233950 11919.9
239168 11175.9
240655 11175.9
246616 12666
247361 13411
254069 14901.2
262263 14901.2
263008 15646.2
271205 17136.3
280889 18626.5
281634 18626.5
297284 15650.2
298025 16391.3
308456 11171.9
309205 11179.9
317398 8192.64
318891 9685.75
326339 8940.7
327827 8935.7
336769 10430.8
338258 11918.9
339753 11925.9
349435 12666
350180 11922.9
350928 12671
356889 6708.52
357634 7453.58
358374 7445.58
362849 5960.46
363592 5958.46
364335 5960.46
365825 7450.58
369555 6705.52
370300 6707.52
371040 6705.52
371785 5960.46
372530 6705.52
373275 3720.29
374020 3720.29
374765 3725.29
375510 3725.29
376255 3725.29
377001 3725.29
377746 4470.35
378496 4475.35
379241 4475.35
379986 4475.35
