2984.38 2
7454.73 3
8942.85 4
17139.5 2
18628.6 2.5
19377.7 2.9
20122.7 3.24483
32788.7 3.55301
33533.8 3.83446
35019.9 4.09525
43216.5 4.33944
43964.6 4.56988
45450.7 4.78871
46940.8 4.99753
52903.3 5.19763
53648.3 5.39003
55136.4 5.57555
56626.6 5.75491
64078.1 5.92867
64824.2 6.09735
65567.3 6.26135
67057.4 6.42106
68546.5 6.5768
77489.2 1
78237.2 2
78982.3 3
79727.4 4
81213.5 4.25
83447.7 4.48529
90155.2 4.70824
90900.2 4.92064
92389.3 5.12386
95368.6 5.31903
103566 5.50703
104311 5.68862
105800 5.86441
106544 1
109525 2
119957 3
120703 3.33333
122192 3.63333
135604 3.90856
136349 1
137842 2
148270 2.5
150505 2.9
159447 3.24483
161680 3.55301
170622 3.83446
172111 4.09525
173601 4.33944
184778 1
186268 2
187013 3
201914 3.33333
202659 3.63333
203404 3.90856
212345 4.16441
213834 1
214579 2
222776 3
224265 3.33333
235441 3.63333
236931 3.90856
237677 4.16441
251088 4.40454
252577 4.63158
253326 1
254816 2
265244 3
265989 3.33333
275675 3.63333
276420 3.90856
277164 4.16441
289831 4.40454
290576 4.63158
291320 4.84749
292065 5.05378
306225 5.25165
306970 5.44207
307711 5.62582
308456 5.80357
309201 5.97588
320381 6.14322
321123 6.306
321867 6.46458
322612 6.61927
323357 6.77034
329320 6.91805
330064 7.0626
330808 7.20419
331553 7.343
332298 7.47918
333788 7.61288
341988 7.74424
342730 7.87337
343478 8.00038
344223 8.12537
344968 8.24844
