3424.38 2
10877 2
12365.1 2.5
23544.9 2.9
26524.2 3.24483
33972.8 3.55301
36209.9 3.83446
36956 4.09525
41423.3 4.33944
43661.5 4.56988
44405.6 4.78871
45894.7 4.99753
51109.1 5.19763
54091.3 5.39003
54836.4 5.57555
56325.5 5.75491
61539.9 1
63033 2
66012.3 3
66757.3 3.33333
68246.4 3.63333
77933.2 3.90856
79423.3 4.16441
80912.4 4.40454
87614.9 4.63158
89854.1 4.84749
90599.2 5.05378
92088.3 5.25165
101026 5.44207
104011 5.62582
104756 1
105499 2
106991 3
115186 3
115931 3.33333
117420 3.63333
127107 1
127852 2
129341 2
140518 2.5
142008 2.9
153184 3.24483
155418 3.55301
166595 3.83446
168084 4.09525
168830 4.33944
180751 4.56988
182240 4.78871
182986 4.99753
183730 5.19763
196397 1
197889 2
198633 3
199378 3
200122 3
212044 1
212790 2
213535 2.5
225455 2.9
226200 3.24483
235885 3.55301
237375 3.83446
238121 4.09525
250043 4.33944
251531 4.56988
252277 4.78871
253022 4.99753
260472 5.19763
261962 5.39003
263452 5.57555
264198 5.75491
270899 5.92867
272392 1
273138 2
274630 3
275375 3.33333
284314 3.63333
285803 3.90856
286549 4.16441
296235 4.40454
297724 4.63158
298470 4.84749
299214 1
308897 2
311136 2
311881 3
321563 3.33333
323056 1
323802 2
332739 2.5
334978 2.9
343920 3.24483
346900 3.55301
358071 3.83446
358816 4.09525
359564 4.33944
366267 4.56988
367012 4.78871
367757 4.99753
368507 5.19763
