4168.29 0
7893.58 0
13109 0
14599.1 0
24284.9 1
25775 1
28010.1 1
30990.4 1
37695.9 1
39186 1
40676.1 1
48871.8 1
50361.9 1
51852 1
53342.1 1
63027.9 1
64518 1
66008.1 1
67498.2 1
77184 1
78674.1 1
80164.2 1
80909.3 1
81654.3 1
89104.9 1
90595 1
92085.1 1
92830.2 1
93575.3 1
94320.3 1
105496 1
106241 1
106986 1
107731 1
117417 1
118162 1
118907 1
130828 1
131573 1
132318 1
133063 1
147219 1
147964 1
161376 1
162121 1
178512 1
179257 1
191923 1
192668 1
193413 1
205334 1
206079 1
206824 1
207569 1
220235 1
220980 1
222470 1
230666 1
231411 1
232901 1
242587 1
243332 1
244077 1
245567 1
258233 1
258978 1
259723 1
260468 1
261958 1
273879 1
274624 1
275369 1
286545 1
287290 1
288035 1
288780 1
302937 1
303682 1
304427 1
305172 1
305917 1
317093 1
317838 1
318583 1
319328 1
331249 1
331994 1
332739 1
343170 1
343915 1
344660 1
346150 1
354346 1
355091 1
355836 1
357326 1
358816 1
366267 1
367012 1
368502 1
375952 1
376697 1
378187 1
