4473.5 4473.5
10433 5959.46
12667.1 8193.64
21608.8 11175.9
23097.9 12665
25338.1 12671
26827.2 14160.1
38749.2 13411
39489.2 12662
49180 10430.8
50669.1 11179.9
52155.2 12666
61096.9 11916.9
62590 11920.9
64821.2 12666
65569.3 13414
76002.1 14905.2
76747.1 14157.1
78981.3 14160.1
80471.4 14902.2
88663.1 12661
89408.1 13406
90902.2 14155.1
91643.3 12662
92392.3 11920.9
102075 13412
102819 13411
103568 14160.1
105058 14156.1
105799 14156.1
106548 14156.1
118465 16390.3
119210 16391.3
119960 16392.3
120706 17137.3
122195 17136.3
122936 17136.3
123681 17132.3
134862 14156.1
136351 14156.1
137841 14905.2
138586 14905.2
145290 10428.8
146782 10430.8
148272 11920.9
149013 11171.9
149758 11171.9
157211 11920.9
158704 11921.9
160193 11920.9
161683 13411
170622 11918.9
172115 11921.9
173604 13411
182541 10426.8
184034 10430.8
195209 12668
195954 13413
197446 13411
210108 14898.2
210858 14903.2
211602 15647.2
212347 14901.2
225759 15651.2
226504 15646.2
227248 15646.2
227993 15646.2
229483 17136.3
237676 11916.9
238420 11915.9
239169 11920.9
239914 11920.9
241404 11920.9
242145 12662
249597 11920.9
250341 11920.9
251090 11920.9
251835 11920.9
253325 11920.9
254815 12670
256305 14160.1
263012 13415
263757 13416
264501 13411
265246 13411
266736 13411
268967 14152.1
270457 14152.1
275674 12662
276419 13407
277168 13411
277912 13411
286850 10430.8
287595 11175.9
288340 11171.9
289088 11919.9
290579 12667
299515 12666
301010 13415
301751 13411
