2240.32 33.2567
6705.67 16.6853
8198.79 25.0084
15650.4 16.6592
16395.4 23.0674
29057.4 11.1144
31297.6 9.99933
48428.9 7.69231
49924 8
64825.2 9.08814
65565.3 13.0435
74506 15.3926
75251 15.3846
84936.8 14.2857
86429.9 13.3298
87176.9 18.7421
98347.8 16.6667
100588 15.7872
101333 15.7895
102823 19.0476
114743 18.1774
115484 20.0067
128899 10.5263
129640 10.5263
130388 14.997
143800 15
144546 14.995
145289 15
155721 18.75
156466 23.5294
157210 23.5331
157955 23.5294
167638 25.0084
168387 25
169131 29.4141
169876 29.4118
170621 29.4118
181798 26.3084
182543 26.3158
183288 26.3139
184034 26.3121
184780 29.996
185523 30
196700 17.6471
197445 17.6485
198190 22.2239
199679 21.0526
207875 15.3846
208620 21.4286
210110 21.4286
219796 18.75
220541 18.75
222030 18.75
222775 23.5313
230972 26.6667
231717 26.6667
233208 26.6619
233950 26.6667
234698 31.2421
245128 26.3158
246617 17.6457
247361 17.6512
260774 14.2857
262264 14.2857
263011 14.283
263756 18.1785
274931 21.0526
275676 12.501
283122 18.1907
284615 16.6685
285361 23.0769
294302 19.9928
295791 20
296536 20.0018
304729 21.4368
306222 25.0021
316654 12.4958
318143 16.6629
318889 17.6457
330066 16.6654
331555 16.6654
332300 16.6667
333046 21.0511
347201 10
347946 14.2857
348691 14.2866
360613 11.7638
361358 11.7638
369554 16.6667
370299 16.6667
371042 23.0817
372532 75.0504
373277 75.0504
374022 75
374767 80
375512 100
376257 100
377003 100
377750 99.9329
378495 99.9329
