4473.5 2
10433 3
12667.1 4
21608.8 5
23097.9 2
25338.1 3
26828.2 3.33333
35023.9 3.63333
36513 3.90856
39494.2 4.16441
45450.7 4.40454
46943.8 4.63158
48433.9 4.84749
50670.1 5.05378
57371.6 5.25165
58864.7 5.44207
60354.9 5.62582
63331.1 5.80357
64824.2 5.97588
70781.7 6.14322
72272.8 6.306
73765.9 6.46458
76742.1 6.61927
78980.3 6.77034
86428.9 6.91805
87922 7.0626
89412.1 7.20419
90902.2 7.343
93133.4 7.47918
95371.6 7.61288
102074 1
103564 1
104310 1
105804 2
107295 3
109530 4
111764 4.25
121446 4.48529
122936 4.70824
123681 4.92064
125175 5.12386
132621 5.31903
134862 5.50703
135602 5.68862
137096 5.86441
137840 6.03493
146033 6.20063
149018 6.36191
149763 1
151253 2
151996 3
152743 4
160934 4
162424 4.25
163918 4.48529
164662 4.70824
172860 4.92064
175090 5.12386
177328 5.31903
178073 5.50703
185523 5.68862
187756 5.86441
189250 6.03493
191485 6.20063
192975 6.36191
198189 6.51909
201167 6.67249
201912 6.82236
202661 6.96893
204151 1
206385 2
211603 2
214578 3
215323 4
216068 4
225009 4.25
226503 4.48529
227249 4.70824
227993 4.92064
239165 5.12386
241404 1
242145 2
242890 3
253326 3.33333
254071 3.63333
256301 3.90856
265243 4.16441
265987 4.40454
267481 4.63158
276419 4.84749
277163 5.05378
277912 5.25165
279402 5.44207
289085 5.62582
289829 5.80357
290574 5.97588
291323 6.14322
292069 1
303986 2
305480 3
