2236.17 0
6706.52 0
8196.64 0
14902.2 0
16392.3 0
17882.4 2
28313.2 2
29803.3 3
31293.4 3
39489.1 3
41724.3 3
49174.8 3
50664.9 3
52900.1 3
61840.8 3
63330.9 3
64076 3
67056.2 3
76742 3
78977.2 3
79722.2 3
83447.5 3
84192.6 3
95368.4 3
99093.7 3
99838.8 3
107289 3
109525 3
110270 3
111015 3
118465 3
121445 3
122191 3
122936 3
123681 3
132621 3
136347 3
137092 3
137837 3
152738 3
153483 3
154228 3
167639 3
168384 3
169129 3
169874 3
181050 3
181795 3
182540 3
183285 3
184030 3
195206 3
195951 3
196696 3
210107 3
210852 3
224263 3
234694 3
236184 3
248105 3
249595 3
263006 3
263752 3
277908 3
278653 3
291319 3
292809 3
303240 3
303985 3
304730 3
315161 3
315906 3
327827 3
329317 3
330807 3
339002 3
339747 3
341238 3
342728 3
347943 3
348688 3
349433 3
355394 3
356884 3
357629 3
362099 3
363589 3
365079 3
365825 3
368805 3
370295 3
371040 3
372530 3
373275 3
374765 3
375510 3
376255 3
377000 3
377745 3
378490 3
379236 3
379981 3
