1510.27 1496.27
5234.56 3724.29
5978.61 4467.35
16411.4 11176.9
17899.5 11920.9
31312.6 14901.2
32804.7 14905.2
40999.3 8194.64
41743.4 8937.7
50684.1 9684.75
51429.2 9685.75
61114.9 10430.8
61860 11174.9
62603 11173.9
73035.8 11920.9
73780.9 11920.9
74526 12665
75273 12670
84956.8 11920.9
86444.9 11171.9
87191.9 11917.9
99112.9 14156.1
101350 14905.2
114014 14901.2
114759 13409
124445 10430.8
125190 10430.8
125933 11172.9
134876 10430.8
135621 10430.8
136364 10430.8
137854 11919.9
146797 11920.9
147542 11920.9
148285 11920.9
149775 11920.9
158718 11920.9
159463 12665
160208 12666
161696 13411
171384 11175.9
172129 11919.9
173617 11920.9
182559 11175.9
183304 11175.9
185539 11921.9
187028 13410
194480 11920.9
195225 11920.9
198208 12669
199694 12666
200440 13411
207891 13411
208636 13411
211619 13411
213105 13411
213851 13411
222793 14901.2
223538 15645.2
225030 16393.3
225772 14153.1
227265 14160.1
228751 14900.2
236949 11176.9
237693 11919.9
239182 11916.9
240672 11920.9
248124 11175.9
249617 11923.9
251104 11921.9
251849 11176.9
252597 11923.9
263025 11175.9
263770 11919.9
264515 11917.9
272710 9685.75
274200 10429.8
274946 10430.8
275690 11173.9
285376 12666
287612 13412
298042 12666
300278 12666
301023 13410
312198 14156.1
314434 14156.1
329338 14904.2
330083 15648.2
339022 8938.7
339769 9684.75
347963 8941.7
348707 8938.7
359140 11176.9
359883 11175.9
360626 11917.9
368826 9685.75
369571 9687.75
370312 9685.75
371061 10433.8
376274 7448.58
