1510.27 1496.27
1511.27 1
4502.8 2991.53
4503.8 1
5234.56 730.76
5978.61 744.058
13103.9 7125.29
16411.4 3307.52
16627.4 215.927
17899.5 1272.19
31312.6 13413
32800.7 1488.12
40998.3 8197.64
40999.3 1
41743.4 744.058
51429.2 9685.75
52174.2 745.058
52175.2 1
52917.3 742.058
64095.1 11177.9
64840.2 745.058
75272 10431.8
75273 1
76759.1 1486.12
85701.8 8942.7
87189.9 1488.12
87937 747.058
87938 1
97623.8 9685.75
99110.9 1487.12
99857.9 747.058
100601 743.058
100602 1
111780 11177.9
114761 2981.23
115506 745.058
127426 11919.9
128913 1487.12
129660 747.058
129661 1
138602 8940.7
140836 2234.17
141581 745.058
142326 745.058
142327 1
151268 8940.7
153502 2234.17
154990 1488.12
155737 747.058
169895 14158.1
170640 745.058
170641 1
180324 9682.75
181069 745.058
182557 1488.12
190010 7452.58
190011 1
190755 744.058
192243 1488.12
200441 8197.64
201186 745.058
201187 1
201929 742.058
203419 1490.12
214597 11177.9
215342 745.058
216087 745.058
216830 743.058
216831 1
218320 1489.12
231735 13415
231736 1
232480 744.058
232481 1
242164 9682.75
242909 745.058
244397 1488.12
254830 10432.8
256318 1488.12
256319 1
263026 6706.52
264514 1488.12
266004 1490.12
272711 6707.52
272712 1
274200 1487.12
275690 1490.12
283887 8197.64
284632 745.058
284633 1
285375 742.058
286120 745.058
296553 10432.8
297298 745.058
298043 745.058
298786 743.058
298787 1
299531 744.058
309966 10434.8
311452 1486.12
312199 747.058
312943 743.058
313688 745.058
