2388 2000
2998.38 610.381
2999.38 1
8219.14 5219.76
8220.14 1
10450 2229.82
11942.1 1492.12
23113.9 11171.9
25354.1 2240.17
25355.1 1
35035.9 9680.75
36525 1489.12
37274.1 749.058
37275.1 1
43976.6 6701.52
46215.7 2239.17
46959.8 744.058
47702.9 743.058
55897.5 8194.64
55898.5 1
58131.7 2233.17
58880.7 749.058
59625.8 745.058
68567.5 8941.7
73782.9 5215.41
74528 745.058
83464.7 8936.7
86448.9 2984.23
87188.9 740.058
87189.9 1
96130.6 8940.7
99114.9 2984.23
100602 1487.12
114761 14159.1
122207 7445.58
122208 1
130402 8194.64
130403 1
131892 1489.12
141578 9685.75
143818 2240.17
154989 11170.9
158719 3729.29
169895 11176.9
185538 15642.2
185539 1
197459 11919.9
198950 1491.12
210874 11923.9
210875 1
212361 1486.12
222049 9688.75
223537 1487.12
223538 1
224281 743.058
232478 8197.64
233967 1489.12
235457 1490.12
236202 744.058
236203 1
245144 8941.7
246633 1489.12
248123 1490.12
257067 8943.7
258554 1487.12
260044 1490.12
268986 8941.7
270475 1489.12
271965 1490.12
271966 1
282397 10430.8
283886 1489.12
285376 1490.12
299533 14157.1
301023 1489.12
301024 1
312947 11922.9
314434 1487.12
315182 748.058
324862 9680.75
324863 1
334553 9689.75
334554 1
335296 742.058
344984 9687.75
345729 745.058
347216 1487.12
347217 1
353179 5961.46
353924 745.058
354669 745.058
355412 743.058
355413 1
358394 2981.23
359882 1488.12
360629 747.058
361372 743.058
362862 1490.12
365100 2237.17
365101 1
366588 1487.12
367333 745.058
