228.666 2
783.46 3
895.219 4
1789.29 5
2015.81 6
2127.56 7
2351.08 8
3912.7 8.125
4024.46 1
4136.22 2
4247.98 3
4364.74 4
4588.26 5
5033.29 5.2
6375.4 1
6706.67 2
6818.43 3
6930.19 3.33333
7044.95 3.63333
8383.05 3.90856
8494.81 4.16441
8606.57 4.40454
9952.67 4.63158
10174.2 4.84749
10288 5.05378
10397.7 5.25165
11516.3 5.44207
11628.1 5.62582
11738.8 1
12076.1 2
13412.2 3
13529 1
14869.1 2
16098.4 2.5
16211.2 2.9
17551.3 3.24483
17664 3.55301
19452.2 1
19563.9 2
19675.7 2.5
21239.3 2.9
21347.1 3.24483
22803.9 3.55301
22911.7 1
23026.4 2
24364.5 2.5
25486.1 2.9
25593.9 3.24483
27050.8 3.55301
27158.5 3.83446
27273.3 4.09525
28616.4 4.33944
28723.1 4.56988
28837.9 4.78871
28949.7 4.99753
30068.2 5.19763
30180 5.39003
30290.8 1
30402.5 2
31968.1 3
32080.9 3.33333
32190.7 3.63333
33756.3 3.90856
33864 4.16441
33978.8 4.40454
35320.9 4.63158
35428.7 4.84749
35543.4 5.05378
35655.2 5.25165
37109 5.44207
37220.8 5.62582
37331.6 5.80357
37443.3 5.97588
37555.1 6.14322
38674.7 1
38785.4 2
38898.2 3
39009.9 4
39231.5 4.25
40346 4.48529
40461.8 4.70824
40572.6 4.92064
40796.1 5.12386
41802.9 5.31903
41914.7 5.50703
42025.4 5.68862
42248.9 5.86441
42359.7 6.03493
43702.8 6.20063
43814.6 6.36191
43925.3 1
44150.8 2
44374.4 3
45938 4
