241 1
242 2
846 2
847 4
1241 4
1242 8
2326 8
2327 9
2446 9
2447 10
3526 10
3527 11
3645 11
3646 12
4721 12
4722 13
5326 13
5327 14
5446 14
5447 15
6046 15
6047 16
7125 16
7126 17
7246 17
7247 18
7846 18
7847 1
8446 1
8447 2
9526 2
9527 1
9641 1
9642 2
10245 2
10246 3
11326 3
11327 4
12406 4
12407 1
13606 1
13607 2
13721 2
13722 1
14326 1
14327 2
15406 2
15407 1
15526 1
15527 2
16606 2
16607 1
18161 1
18162 2
18286 2
18287 3
19366 3
19367 1
19486 1
19487 2
20446 2
20447 3
20566 3
20567 1
22722 1
22723 2
23326 2
23327 3
24286 3
24287 1
30286 1
30287 2
31721 2
31722 1
33162 1
33163 2
33526 2
33527 3
34006 3
34007 1
35446 1
35447 2
35566 2
35567 1
36406 1
36407 2
36766 2
36767 3
37366 3
37367 1
38926 1
38927 2
39046 2
39047 1
40006 1
40007 2
40846 2
40847 3
41926 3
41927 4
42406 4
42407 5
43486 5
43487 1
43606 1
43607 2
44086 2
44087 4
45165 4
45166 1
45286 1
45287 2
45886 2
45887 1
46366 1
46367 2
46966 2
46967 3
47566 3
47567 1
