2998.38 28.5421
10450 9.99866
11942.1 16.6611
23113.9 11.7666
25354.1 11.1103
35034.9 12.5
43230.5 9.09091
44720.6 15.3846
53661.3 14.2857
55898.5 13.3309
65583.3 12.499
67072.4 16.6667
69309.5 16.6667
78249.2 17.6471
80483.4 16.6667
81978.5 19.9933
84213.7 19.996
91659.3 15.3926
92409.3 18.1818
93896.5 23.0841
102091 21.4265
102835 21.4388
104327 21.4286
114012 18.75
115503 22.2206
116993 21.0497
118483 21.0526
127423 22.2222
128912 22.2255
129657 26.3195
130404 27.7778
131149 29.4118
138599 33.3333
140838 31.2369
141583 31.2369
142325 31.25
143070 35.2941
144560 33.3333
152010 33.3333
154994 31.5789
155734 31.5901
156479 31.5834
157226 31.5789
158717 33.3333
159464 34.9953
166915 34.9906
169890 35.0117
171386 33.3227
172131 33.3227
172873 33.3333
180326 25
181071 30.7692
181813 30.7788
183303 28.5714
192242 25.0105
192987 25.0105
193732 25.0042
195227 24.9937
195971 29.4071
206398 17.6471
208637 16.6679
209382 16.6667
216829 21.4286
219813 20
220558 20
222046 23.5331
228750 25
232480 23.5276
233225 23.5276
235459 22.2189
236205 26.3121
244401 23.8019
246631 26.3251
255572 13.3393
256322 18.75
258552 18.75
265261 23.0698
266003 23.0888
268238 23.0769
276437 20
277179 25.0063
277924 25
280159 25
290593 21.0526
293575 11.107
294319 15.785
300279 23.0769
303260 23.0793
309964 15.3846
312947 15.383
319647 15.3894
323372 14.2926
324121 20.0018
331573 18.7421
336038 17.6471
336787 17.6471
337533 22.2206
344234 20.0107
344983 27.2727
345729 27.2727
