2683.32 2242.32
10131.9 7448.58
11623 8938.7
22799.9 12668
25033.1 13410
33972.8 11172.9
35464.9 10431.8
36208.9 11174.9
43657.5 9684.75
45146.6 9681.75
45894.7 9685.75
46640.7 10430.8
56324.5 12667
58561.7 13415
59305.7 13411
60051.8 13411
68993.5 12669
70482.6 14157.1
71972.7 13411
72716.8 13411
73462.8 13411
81659.5 12666
83148.6 12666
83889.7 13406
86128.8 14156.1
86872.9 14156.1
87618.9 14156.1
94321.5 12662
95814.6 12666
97304.7 13415
98045.8 14155.1
99540.9 13412
100284 13411
101031 13412
109227 14905.2
110716 14901.2
112952 12668
113697 12666
120398 11171.9
121889 11172.9
124128 11175.9
124871 11173.9
131574 11175.9
133067 12668
134558 12669
136794 12666
137537 12666
145730 14156.1
147225 14157.1
147970 14901.2
149459 14901.2
150949 14155.1
161377 13407
162122 14151.1
163615 14156.1
165105 14156.1
170317 8940.7
171808 9685.75
174047 10431.8
174787 11170.9
176281 11175.9
182983 12666
185223 13415
187453 13406
188198 13411
189693 14905.2
190438 14157.1
198630 15646.2
201610 16387.3
205334 14896.2
206079 15640.2
213535 14905.2
215766 14156.1
220235 14901.2
220980 14901.2
226198 12663
227691 14155.1
229922 14156.1
233646 13411
234391 13411
242588 12666
245572 11925.9
247061 12670
253019 10430.8
254509 8936.7
255253 9679.75
256747 9685.75
264195 11175.9
266430 11920.9
267174 11920.9
267919 12665
269413 12666
277606 13411
280586 14156.1
282080 14906.2
282825 14906.2
284314 14901.2
285805 16391.3
296236 13411
296976 14150.1
