341.425 341.425
1010.98 669.552
1232.49 891.07
2239.32 1228.35
2461.84 1450.86
2685.36 1452.86
2907.88 1675.38
4700.01 2460.69
4920.53 2681.21
5144.05 2682.21
5368.57 2906.73
5594.08 2908.73
5817.6 3132.24
6041.12 3133.24
6264.64 3356.76
7716.5 3016.49
7828.26 2907.73
8274.29 2009.66
8386.05 2121.42
9165.36 1448.86
9281.12 1452.86
9615.4 1341.1
9727.16 1452.86
10956.5 1341.1
11070.3 1454.86
11179 1451.86
12409.4 1452.86
12521.1 1450.86
13751.5 1342.1
13862.2 1341.1
15315.1 1563.62
15426.9 1564.62
15537.6 1675.38
16881.7 1566.62
16991.5 1564.62
17102.2 1564.62
17217 1679.38
18556.1 1674.38
20117.7 1561.62
20232.5 1676.38
22022.6 1904.9
22132.4 2014.66
22243.1 2010.66
23920.5 1897.9
24032.3 1899.9
24144 1900.9
24257.8 2014.66
25485.1 1341.1
25598.9 1341.1
25707.7 1449.86
27163.5 1678.38
27273.3 1674.38
27384 1676.38
28614.4 1450.86
28726.1 1562.62
28837.9 1564.62
29060.4 1676.38
30402.5 1788.14
30628 1901.9
30737.8 2011.66
30851.6 2013.66
32078.9 1341.1
32190.7 1452.86
32301.4 1449.86
33420 1341.1
33531.8 1341.1
33642.5 1341.1
34874.9 1454.86
34984.6 1564.62
35095.4 1563.62
35207.1 1564.62
36549.2 1674.38
36661 1676.38
36774.8 1790.14
36886.5 1791.14
37107 1899.9
38337.4 1562.62
38449.1 1562.62
38674.7 1567.62
39678.5 1341.1
41019.6 1341.1
41131.4 1452.86
42809.7 1790.14
42919.5 1788.14
44486.1 1676.38
44595.9 1786.14
45937 1450.86
47391.8 1454.86
47501.6 1564.62
49178 1676.38
49289.7 1788.14
