724 0
1324 0
2285 0
2643 0
3485 0
3843 0
5768 0
6485 0
7083 0
8164 0
9243 0
9487 0
10084 0
11283 0
11527 0
12244 0
12364 0
13806 0
13928 0
15606 0
15726 0
15847 0
17526 0
17646 0
17767 0
17887 0
19928 0
20046 0
20166 0
22088 0
22208 0
22327 0
24123 0
24243 0
24367 0
24607 0
26403 0
26523 0
26643 0
28203 0
28447 0
28568 0
30123 0
30487 0
30603 0
31803 0
31923 0
32167 0
33723 0
33843 0
34087 0
34447 0
36006 0
36123 0
36367 0
36607 0
36847 0
38526 0
38767 0
39008 0
39128 0
39248 0
39487 0
40686 0
41043 0
41163 0
41283 0
42244 0
42608 0
42847 0
42963 0
43087 0
44408 0
44763 0
45003 0
45123 0
45247 0
45367 0
46446 0
46923 0
47283 0
47403 0
48604 0
49203 0
49688 0
49803 0
