2984.38 2
7454.73 3
8942.85 4
17139.5 2
18628.6 2.5
19377.7 2.9
20122.7 3.24483
32785.7 3.55301
33533.8 3.83446
35019.9 4.09525
44707.6 4.33944
45452.7 4.56988
46940.8 4.78871
48430.9 4.99753
55882.5 5.19763
56628.6 5.39003
58116.7 5.57555
58860.7 5.75491
67803.4 5.92867
68548.5 6.09735
69292.5 6.26135
70782.7 6.42106
71526.7 6.5768
82705.6 6.72885
83449.7 6.87746
84193.7 1
84938.8 1
86432.9 2
87172.9 3
97605.8 4
98350.8 4.25
99839.9 4.48529
108782 4.70824
110271 4.92064
111017 5.12386
112506 5.31903
123683 5.50703
125176 5.68862
125921 5.86441
126662 1
127407 2
138584 3
139329 3.33333
140073 3.63333
150505 3.90856
151250 4.16441
151994 4.40454
161681 4.63158
162429 4.84749
163174 5.05378
163915 5.25165
172855 5.44207
173602 5.62582
174346 5.80357
175091 5.97588
176581 6.14322
187758 6.306
188503 1
189247 2
189996 3
191486 4
192972 4.25
205639 1
207132 2
207877 2
208622 3
217560 3.33333
218308 3.63333
219794 3.90856
230226 4.16441
230969 1
232460 2
245875 3
246620 3.33333
257793 3.63333
258541 3.90856
259286 4.16441
268224 4.40454
269713 4.63158
270457 4.84749
271948 5.05378
280893 5.25165
282379 5.44207
283869 5.62582
285359 1
286107 2
295046 3
296535 3.33333
298025 3.63333
307712 3.90856
309201 4.16441
310695 4.40454
319633 1
320376 2
321126 3
322612 3.33333
331554 3.63333
332297 3.90856
333792 4.16441
342730 4.40454
