673.701 2
1566.77 3
1905.05 4
3354.91 5
3693.19 6
4139.22 7
4250.98 8
6264.64 1
6484.15 2
6595.91 3
6707.67 4
7268.47 4.25
7604.74 4.48529
8944.85 4.70824
9056.6 4.92064
9169.36 5.12386
10283 5.31903
10510.5 5.50703
10621.2 5.68862
10734 1
10958.5 2
12071.1 3
12409.4 3.33333
13976 3.63333
14306.3 3.90856
14421 1
15987.6 2
16317.9 2.5
17660 2.9
17999.3 3.24483
19448.2 3.55301
20009 1
20232.5 2
21124.5 2.5
22020.6 2.9
22693.2 3.24483
23585.2 3.55301
24143 3.83446
24253.8 4.09525
25040.1 4.33944
25707.7 1
25934.2 2
26599.7 3
27272.3 3.33333
27832.1 3.63333
27943.8 3.90856
28725.1 4.16441
29510.4 4.40454
29622.2 4.63158
30513.3 4.84749
30735.8 1
31186.8 2
31293.6 3
32192.7 3.33333
32747.5 3.63333
32858.2 3.90856
33642.5 4.16441
34200.3 4.40454
34426.8 4.63158
34984.6 4.84749
35095.4 5.05378
35657.2 5.25165
35875.7 5.44207
36549.2 5.62582
36773.8 5.80357
36886.5 5.97588
37329.6 6.14322
37556.1 6.306
38225.6 6.46458
38336.4 6.61927
38450.1 6.77034
38894.2 1
39121.7 2
39233.5 3
40013.8 4
40124.5 4.25
40236.3 4.48529
41466.6 4.70824
41691.1 4.92064
41800.9 5.12386
41914.7 5.31903
43366.5 5.50703
43591 5.68862
43703.8 5.86441
43814.6 6.03493
43926.3 6.20063
44930.2 6.36191
45041.9 6.51909
45155.7 6.67249
45267.4 6.82236
45379.2 6.96893
45603.7 7.11243
46609.5 7.25303
46718.3 7.3909
46833 7.5262
