228.666 2
783.46 3
895.219 4
1789.29 5
2015.81 6
2128.56 1
2351.08 2
3912.7 3
4024.46 1
4364.74 2
6264.64 1
7712.5 2
8830.09 2.5
9053.6 2.9
10283 3.24483
10621.2 3.55301
12071.1 3.83446
12297.6 4.09525
12521.1 4.33944
13640.7 1
13971 2
15428.9 3
15650.4 1
16653.2 2
16879.7 2.5
18217.8 2.9
18444.3 3.24483
20006 1
20234.5 2
20346.2 2.5
21686.3 2.9
21794.1 3.24483
23247 3.55301
23363.7 3.83446
23475.5 4.09525
25035.1 4.33944
25146.9 1
25261.6 2
25487.1 3
26940 3.33333
27161.5 1
27387 2
28838.9 2.5
29175.2 2.9
30180 3.24483
30287.8 3.55301
31744.6 3.83446
31857.4 4.09525
31967.1 4.33944
33644.5 4.56988
33757.3 4.78871
33867 4.99753
34090.6 1
35540.4 2
35768.9 3
36998.3 3.33333
37109 3.63333
37331.6 3.90856
38222.6 4.16441
38334.4 4.40454
38560.9 4.63158
39791.2 1
40015.8 2
40126.5 3
40349 3.33333
41915.7 3.63333
42027.4 3.90856
42248.9 4.16441
43475.3 1
43587 2
43703.8 3
43815.6 3.33333
45039.9 1
45268.4 2
46386 2.5
46830 2.9
48062.4 3.24483
48506.4 3.55301
49511.3 3.83446
49736.8 4.09525
49960.3 4.33944
