1935.27 2
5659.56 2
8642.79 2
17584.5 2
20564.7 2.5
32481.6 1
33226.7 2
39187.2 2.5
39932.2 2.9
48127.9 3.24483
48872.9 3.55301
57813.6 3.83446
58558.7 4.09525
60047.8 4.33944
71228.7 4.56988
71973.7 4.78871
73458.8 1
74207.9 2
83890.7 3
84635.7 3.33333
94321.5 3.63333
95066.5 3.90856
95810.6 4.16441
106242 1
106987 2
107733 3
109227 3.33333
121893 1
122634 2
124128 2
135304 2.5
136789 2.9
147225 3.24483
148710 3.55301
156906 3.83446
157651 4.09525
158395 4.33944
168827 4.56988
169576 4.78871
170321 4.99753
171807 5.19763
182987 1
183732 2
184477 3
185963 3.33333
186712 3.63333
197139 3.90856
198629 4.16441
199379 4.40454
209060 4.63158
209805 1
210550 1
211300 2
223217 3
223962 3.33333
238122 1
238867 2
240352 2
255255 2.5
256743 2.9
267920 3.24483
269409 1
282076 1
283570 2
296232 1
296977 2
308153 2
308898 2.5
319329 2.9
320074 3.24483
329760 3.55301
331249 3.83446
332739 4.09525
340936 4.33944
343175 4.56988
344660 4.78871
345408 4.99753
352116 5.19763
352861 5.39003
354346 5.57555
355836 5.75491
358074 5.92867
358819 6.09735
360306 6.26135
361051 6.42106
362541 6.5768
365525 6.72885
366270 6.87746
367757 7.02286
368505 7.16526
369252 7.30482
370742 7.44171
373720 7.57609
375207 7.70809
376702 7.83782
377446 7.96541
378193 8.09095
378938 8.21454
380428 8.33628
384153 8.45624
