2998.38 2610.38
10450 7451.58
11942.1 8942.7
23113.9 12664
25354.1 13412
35034.9 11920.9
36525 11170.9
37274.1 11918.9
43230.5 8195.64
45470.7 8945.7
46214.7 8940.7
46957.8 9682.75
55151.4 11920.9
58131.7 12661
58880.7 12666
59625.8 12668
68562.5 13411
70052.6 14900.2
81233.5 12671
82720.6 14157.1
84210.7 14158.1
92405.3 11171.9
93896.5 11175.9
104330 11924.9
105817 11920.9
116247 11916.9
117741 11923.9
119231 13413
130403 14156.1
131893 12662
141583 11179.9
143814 11920.9
152757 11173.9
153500 11915.9
156479 12665
163933 11175.9
164676 11175.9
165421 11919.9
168405 11925.9
175109 11175.9
176598 11921.9
177342 11920.9
179577 11171.9
180322 11915.9
189265 14156.1
190754 14156.1
192244 14902.2
200439 11173.9
201930 11175.9
203420 11175.9
211619 11179.9
213106 11175.9
214599 11178.9
223538 11918.9
225027 13407
234713 11175.9
235458 11919.9
236948 11920.9
248124 13411
248870 13411
250359 13411
262281 13411
263773 13414
275694 11920.9
276435 12661
286866 11171.9
287611 11175.9
297298 10432.8
298787 11920.9
299531 11920.9
309219 11920.9
310708 11920.9
312198 13410
312943 13411
324867 15648.2
326355 15646.2
327845 15646.2
329335 16392.3
330079 17135.3
339767 14899.2
341256 14901.2
342749 14904.2
344239 14904.2
344980 14901.2
345729 15649.2
355410 15643.2
357646 12666
358395 12666
363610 8200.64
365098 6702.52
368080 4469.35
369568 4470.35
373295 5215.41
374040 5959.46
375528 5960.46
380002 6706.52
380747 6706.52
381489 7447.58
383727 8198.64
385217 5215.41
