3054.5 2
7633.88 3
9160.76 4
12214 5
13744.9 6
15271 7
16793.6 8
16797.6 8.125
18319.5 2
19845.7 3
21372.3 4
22902.9 5
24428.8 5.2
25951.9 5.39231
27477.5 5.57776
29003.7 5.75704
33581.3 5.93074
36632.8 6.09935
38163.2 6.26331
38167.2 6.42297
41210.5 6.57866
44266.7 6.73066
45788.1 6.87924
45792.6 7.0246
47314 2
47319.5 3
51891.6 4
53416.5 4.25
53422.2 4.48529
54943.4 4.70824
54948.9 4.92064
62572.8 5.12386
62578.3 5.31903
64097.6 5.50703
64103.1 5.68862
67157.9 5.86441
68680.8 6.03493
70208.9 6.20063
70215.1 6.36191
71730.5 6.51909
73259.4 6.67249
74782.3 6.82236
76309.2 6.96893
76323.1 7.11243
77834 7.25303
79363.9 7.3909
83938.6 7.5262
83941.6 7.65907
83944.6 7.78963
85464.4 7.91801
85468.4 8.0443
85471.4 8.16862
86994.1 8.29104
88520.2 8.41165
90042.1 8.53053
90046.8 8.64776
91567.9 8.76339
91571.9 8.8775
93095.8 8.99015
94620.7 9.10138
96145.6 9.21125
96153.3 9.31982
97670.5 9.42712
97679.2 9.53319
99202.1 9.63809
99206.1 9.74184
102254 9.84449
103778 9.94607
103782 10.0466
105304 10.1462
105310 10.2447
106829 10.3423
106834 10.439
106837 10.5348
108356 10.6297
109883 10.7238
111408 10.8171
111412 10.9095
112933 11.0012
112939 11.0921
114463 11.1822
117515 11.2716
117518 11.3604
119039 11.4484
119043 11.5357
120563 11.6224
120568 11.7085
122092 11.7939
122096 11.8787
122099 11.9629
123615 12.0464
123619 12.1295
126674 12.2119
128195 12.2938
128199 12.3751
129721 12.4559
129730 12.5362
131246 12.616
132776 12.6953
134296 12.774
134301 12.8523
135822 12.9301
135828 13.0075
137352 13.0843
137355 13.1608
137358 13.2367
138876 13.3123
138880 13.3874
138883 13.4621
140402 13.5364
140409 13.6103
141930 13.6837
141935 13.7568
143454 13.8295
143458 13.9018
143461 13.9737
144978 14.0453
144986 14.1165
146504 14.1873
148029 14.2578
148034 14.328
149555 14.3978
149561 14.4672
151083 2
151086 3
151089 4
152609 5
152614 6
154139 7
154142 8
155660 8.125
155665 8.24808
155668 8.36932
157185 8.4888
157190 8.6066
157193 8.72279
158713 8.83744
161767 8.95059
163293 9.06232
163296 9.17266
164042 9.28168
164817 9.38942
164822 9.49592
165568 9.60123
166343 9.70539
167094 9.80842
168619 9.91037
169396 10.0113
170147 10.1112
170923 10.2101
170927 10.308
171672 10.405
172451 10.5011
172455 10.5964
173197 10.6907
173976 10.7843
173980 10.877
175503 10.9689
177029 11.0601
178556 11.1505
180082 11.2402
180085 11.3292
180827 11.4174
181606 11.505
182352 11.5919
183131 11.6782
183881 11.7638
184657 11.8488
184663 11.9332
185405 12.017
186186 12.1002
186932 12.1829
187713 12.265
188456 12.3465
189235 12.4275
190762 12.508
192290 12.5879
192294 12.6674
193034 12.7463
193814 12.8248
193820 12.9027
194560 12.9802
195342 13.0573
196086 13.1339
196869 13.21
197614 13.2857
198400 13.361
199925 13.4358
201452 13.5102
202188 13.5843
202978 13.6579
203715 13.7311
204497 13.8039
205241 13.8764
206024 13.9484
206769 14.0201
207549 14.0914
207557 14.1624
209076 14.233
209083 14.3033
211347 14.3732
212871 14.4428
213653 14.512
213661 14.5809
215179 14.6495
215186 14.7178
216704 2
216713 3
217447 4
218230 5
218239 6
218974 7
219756 8
219764 8.125
220500 8.24808
222027 8.36932
223552 8.4888
225078 8.6066
225084 8.72279
227388 8.83744
228914 8.95059
229656 9.06232
230441 9.17266
231181 9.28168
231963 9.38942
232707 9.49592
233492 9.60123
234236 9.70539
237287 9.80842
238071 9.91037
238810 10.0113
238817 10.1112
239593 10.2101
240336 10.308
240343 10.405
241861 10.5011
244919 10.5964
246442 10.6907
246447 10.7843
247223 10.877
247966 10.9689
249493 11.0601
251017 11.1505
251026 11.2402
251800 11.3292
252548 11.4174
253326 11.505
254851 11.5919
257134 11.6782
258650 11.7638
258660 11.8488
259430 11.9332
260173 12.017
260955 12.1002
261699 12.1829
262481 12.265
263224 12.3465
264009 12.4275
265537 12.508
267060 2
270855 3
270859 4
271637 5
272380 6
273162 7
273906 7.14286
274688 7.28286
275432 7.42017
276216 7.55493
280009 7.6873
280015 7.81738
281539 7.9453
284588 8.07116
286112 8.19506
286895 8.31709
286901 8.43732
287639 8.55584
288422 8.67272
292218 8.78802
292999 8.90182
293742 9.01415
294525 9.12509
296053 9.23468
296057 9.34296
297582 9.45
299108 2
299112 3
300629 4
300634 5
300639 5.2
302153 5.39231
302165 5.57776
303679 5.75704
305213 5.93074
306737 6.09935
308258 6.26331
309786 6.42297
309794 6.57866
311320 6.73066
312837 6.87924
314375 7.0246
315899 7.16696
315902 7.30649
317422 7.44335
318951 7.5777
320468 7.70967
320477 7.83937
322003 7.96694
323526 8.09245
325047 8.21603
325054 8.33774
326580 8.45768
329633 8.57591
331158 8.69252
331161 8.80756
332681 8.9211
335735 9.03319
337261 9.14389
338792 9.25326
340313 9.36133
341840 9.46815
343365 9.57377
344888 2
346416 3
347942 4
349472 5
352520 5.2
354047 5.39231
354052 5.57776
355572 5.75704
358626 5.93074
360146 6.09935
363201 6.26331
364726 6.42297
364730 6.57866
369305 6.73066
370832 6.87924
372354 7.0246
372362 7.16696
373886 7.30649
375414 7.44335
378465 7.5777
379990 7.70967
381517 7.83937
383042 7.96694
383045 8.09245
384564 8.21603
387619 8.33774
387622 8.45768
392194 8.57591
392198 8.69252
393724 8.80756
395250 8.9211
395253 9.03319
396771 9.14389
396777 9.25326
399826 2
401350 3
401354 4
401359 5
402883 5.2
404409 5.39231
405926 5.57776
405932 5.75704
407457 5.93074
408990 6.09935
410516 6.26331
412033 6.42297
413561 6.57866
415085 6.73066
415088 6.87924
415091 7.0246
416615 7.16696
416619 7.30649
418140 7.44335
419666 7.5777
419672 7.70967
421190 7.83937
421197 7.96694
421200 8.09245
422716 8.21603
424244 8.33774
424249 8.45768
425768 8.57591
425772 8.69252
425775 8.80756
427294 8.9211
427299 9.03319
428820 9.14389
428826 9.25326
430345 9.36133
430349 9.46815
430352 9.57377
431874 9.67822
431878 9.78154
431881 9.88378
433400 9.98495
433404 10.0851
433407 10.1843
434927 10.2825
