1510.27 1496.27
1511.27 1
4502.8 2991.53
4503.8 1
5234.56 730.76
5978.61 744.058
13103.9 7125.29
16411.4 3307.52
16627.4 215.927
17899.5 1272.19
32804.7 14905.2
32805.7 1
41743.4 8937.7
42488.5 745.058
52919.3 10430.8
52920.3 1
64840.2 11919.9
78996.3 14156.1
78997.3 1
90917.2 11919.9
101348 10430.8
101349 1
112524 11174.9
113269 745.058
126682 13413
126683 1
137856 11172.9
138601 745.058
150522 11920.9
150523 1
152010 1487.12
161698 9687.75
163186 1488.12
163187 1
164676 1489.12
175854 11177.9
177342 1488.12
189267 11924.9
189268 1
190753 1485.12
197462 6708.52
198949 1487.12
200439 1490.12
200440 1
209382 8942.7
210870 1487.12
212360 1490.12
213107 747.058
213108 1
225029 11920.9
226516 1487.12
228010 1494.12
241418 13408
241419 1
242163 744.058
254087 11923.9
254088 1
265263 11174.9
266749 1486.12
277183 10433.8
277184 1
278670 1486.12
289850 11179.9
291336 1486.12
291337 1
292085 748.058
304751 12666
304752 1
305496 744.058
314432 8935.7
315177 745.058
316668 1491.12
316669 1
327103 10433.8
328589 1486.12
339021 10431.8
339022 1
340510 1488.12
347216 6706.52
347959 743.058
349450 1491.12
349451 1
355415 5963.46
356901 1486.12
358390 1489.12
359135 745.058
359136 1
363610 4474.35
365097 1486.12
367331 2234.17
368076 745.058
368821 745.058
371061 2240.17
371062 1
372547 1485.12
374786 2239.17
376272 1486.12
377022 749.058
377767 745.058
378508 741.058
378509 1
379253 744.058
379998 745.058
