341.425 2
1010.98 3
1232.49 4
2239.32 5
2461.84 6
2685.36 7
2907.88 8
4699.01 8.125
4920.53 8.24808
5144.05 1
5370.57 2
5817.6 3
6041.12 4
8164.53 1
8944.85 2
9616.4 2.5
9727.16 2.9
10621.2 3.24483
10733 3.55301
11962.3 3.83446
12074.1 4.09525
12184.8 4.33944
13638.7 4.56988
13750.5 4.78871
13861.2 4.99753
13973 5.19763
15650.4 1
15762.1 2
15873.9 3
16096.4 3.33333
17552.3 1
17664 2
17775.8 2.5
18781.6 2.9
18893.4 3.24483
20009 3.55301
20120.7 3.83446
20343.2 4.09525
21797.1 4.33944
21908.9 4.56988
22131.4 4.78871
22242.1 4.99753
23697 5.19763
23808.8 5.39003
24031.3 5.57555
24142 5.75491
25708.7 5.92867
25822.4 6.09735
25931.2 1
26154.7 2
27832.1 3
28055.6 4
29396.7 4.25
29619.2 4.48529
29732 1
29957.5 2
31408.3 3
32749.5 1
33196.5 2
33419 2.5
34984.6 2.9
35320.9 3.24483
36551.2 3.55301
36884.5 3.83446
36997.3 1
37999.1 2
38450.1 2.5
39792.2 2.9
40239.3 3.24483
42022.4 3.55301
42250.9 3.83446
42360.7 4.09525
43475.3 4.33944
43698.8 4.56988
43813.6 4.78871
44036.1 4.99753
45380.2 5.19763
45710.5 5.39003
45827.2 5.57555
46047.7 1
47056.6 2
47163.3 3
47391.8 3.33333
47503.6 3.63333
48393.7 3.90856
48504.4 4.16441
48616.2 4.40454
49623 4.63158
49847.5 4.84749
49962.3 5.05378
