3728.44 19.9831
9687.9 12.5021
11177 20.0054
20863.8 13.3333
22353.9 17.6471
23843 17.6471
24592.1 22.2156
34274.8 22.2222
36514 23.8034
39494.2 14.999
46199.7 15.3846
47684.9 18.1929
53646.3 20.0107
55135.4 20
63332.1 15.3846
64821.2 20.0018
65570.3 21.4204
76743.1 16.6667
78232.2 16.6667
78981.3 21.0467
79726.4 21.0526
93134.4 18.1818
94628.5 18.1763
96118.6 17.3903
96863.7 17.3903
98348.8 20.0043
107291 14.2912
108780 18.7579
109529 19.9928
118466 20
119955 20
120705 20
121451 24.9979
131877 22.2222
133367 22.2222
134116 22.2222
134862 22.2222
136347 25.0084
149018 21.7341
150503 21.7391
151248 21.7442
151993 21.7455
153483 21.7391
164660 23.8156
165409 27.2727
166154 28.5623
166894 28.5714
167639 28.5714
168384 30
177330 35.283
178071 35.3053
178815 38.9034
179560 38.9034
180305 38.8889
181050 38.8889
182540 36.8421
189249 43.7573
189994 43.7427
190737 43.7463
191486 47.0403
192231 47.0403
192971 47.0588
194461 44.4444
202660 26.6714
203403 26.6762
204147 31.2631
205637 29.4118
206386 31.2395
216816 26.3158
217559 26.3158
218303 26.3158
219793 26.3158
220542 26.3158
222028 28.5787
234697 25
235440 25
236185 25
237680 24.993
238425 24.9986
239915 24.993
240657 27.997
251089 31.8182
252576 17.654
253323 17.6471
254068 22.2222
263010 25
264500 24.9937
265987 23.5331
266732 23.5331
275676 23.5294
277911 22.2222
279398 25.005
286104 21.4327
288342 21.4286
289829 21.4286
298770 17.6471
301753 16.6667
303245 19.9973
303990 21.0452
313672 20
