8574.69 0.416935
13149.4 0.416935
17724.1 0.416935
22298.8 0.416935
22682.2 0.769377
26873.5 0.833869
27259.9 0.833323
31448.2 0.833869
31837.6 0.833323
36022.9 0.833869
36406.3 1.15407
36787.8 1.15593
40597.6 1.2508
40984 1.24998
41365.5 1.24998
45172.3 1.2508
45561.7 1.24998
45943.2 1.24998
49746.9 1.2508
50139.4 1.24998
50520.9 1.53844
50902.4 1.53844
54321.6 1.66774
54716.1 1.66701
55098.6 1.66665
55480.1 1.66665
58896.3 1.66774
59292.8 1.66701
59676.3 1.66665
60057.7 1.66665
63471 1.66774
63867.5 1.66774
64253 1.66701
64634.4 1.92344
65015.9 1.92344
68045.7 2.08467
68442.2 2.08467
68827.7 2.08467
69211.1 2.08376
69593.6 2.08331
72620.4 2.08467
73016.9 2.08467
73402.4 2.08467
73787.8 2.08376
74171.3 2.08331
77195.1 2.08467
77591.6 2.08467
77977.1 2.08467
78360.5 2.30813
78742 2.30999
79123.5 2.31093
81769.8 2.50161
82166.3 2.50161
82551.7 2.50161
82935.2 2.50161
83316.7 2.50161
83700.2 2.50051
86344.5 2.50161
86742 2.50106
87126.4 2.50161
87509.9 2.50161
87891.4 2.50161
88276.9 2.50051
90943.1 2.48858
91322.6 2.49836
91704.1 2.5
92085.6 2.50109
92467 2.50109
92851.5 2.50161
95519.8 2.50051
95899.3 2.50051
96280.8 2.50051
96662.2 2.50051
97043.7 2.50051
97426.2 2.50161
100097 2.50051
100476 2.50051
100857 2.50051
101239 2.50051
101620 2.50051
102002 2.50109
105047 2.31186
105428 2.31093
105810 2.31093
106191 2.31093
106573 2.31093
106954 2.31093
109624 2.5
110006 2.5
110387 2.5
110769 2.5
111150 2.5
111532 2.5
114202 2.5
114583 2.5
114965 2.5
115346 2.5
115728 2.5
116109 2.5
118780 2.5
119161 2.5
119543 2.5
119924 2.5
120305 2.5
120687 2.5
123357 2.5
123739 2.5
124120 2.5
124502 2.5
124883 2.5
125265 2.5
127935 2.5
128316 2.5
128698 2.5
129079 2.5
129461 2.5
129842 2.5
132513 2.5
132894 2.5
133275 2.5
133657 2.5
134038 2.5
134420 2.5
137090 2.5
137472 2.5
137853 2.5
138235 2.5
138616 2.5
138998 2.5
141668 2.5
142049 2.5
142431 2.5
142812 2.5
143194 2.5
143575 2.5
146245 2.5
146627 2.5
147008 2.5
147390 2.5
147771 2.5
148153 2.5
150823 2.5
151205 2.5
151586 2.5
151967 2.5
152349 2.5
152730 2.5
155401 2.5
155782 2.5
156164 2.5
156545 2.5
156927 2.5
157308 2.5
159978 2.5
160360 2.5
160741 2.5
161123 2.5
161504 2.5
161886 2.5
164556 2.5
164937 2.5
165319 2.5
165700 2.5
166082 2.5
166463 2.5
169134 2.5
169515 2.5
169897 2.5
170278 2.5
170659 2.5
171041 2.5
173711 2.5
174093 2.5
174474 2.5
174856 2.5
175237 2.5
175619 2.5
178289 2.5
178670 2.5
179052 2.5
179433 2.5
179815 2.5
180196 2.5
182867 2.5
183248 2.5
183629 2.5
184011 2.5
184392 2.5
184774 2.5
187444 2.5
187826 2.5
188207 2.5
188589 2.5
188970 2.5
189352 2.5
192022 2.5
192403 2.5
192785 2.5
193166 2.5
193548 2.5
193929 2.5
196599 2.5
196981 2.5
197362 2.5
197744 2.5
198125 2.5
198507 2.5
201177 2.5
201559 2.5
201940 2.5
202321 2.5
202703 2.5
203084 2.5
205755 2.5
206136 2.5
206518 2.5
206899 2.5
207281 2.5
207662 2.5
210332 2.5
210714 2.5
211095 2.5
211477 2.5
211858 2.5
212240 2.5
214910 2.5
215291 2.5
215673 2.5
216054 2.5
216436 2.5
216817 2.5
219488 2.5
219869 2.5
220251 2.5
220632 2.5
221013 2.5
221395 2.5
224065 2.5
224447 2.5
224828 2.5
225210 2.5
225591 2.5
225973 2.5
228643 2.5
229024 2.5
229406 2.5
229787 2.5
230169 2.5
230550 2.5
233221 2.5
233602 2.5
233983 2.5
234365 2.5
234746 2.5
235128 2.5
237798 2.5
238180 2.5
238561 2.5
238943 2.5
239324 2.5
239706 2.5
242376 2.5
242757 2.5
243139 2.5
243520 2.5
243902 2.5
244283 2.5
246953 2.5
247335 2.5
247716 2.5
248098 2.5
248479 2.5
248861 2.5
251531 2.5
251913 2.5
252294 2.5
252675 2.5
253057 2.5
253438 2.5
256109 2.5
256490 2.5
256872 2.5
257253 2.5
257635 2.5
258016 2.5
260686 2.5
261068 2.5
261449 2.5
261831 2.5
262212 2.5
262594 2.5
265264 2.5
265645 2.5
266027 2.5
266408 2.5
266790 2.5
267171 2.5
269842 2.5
270223 2.5
270605 2.5
270986 2.5
271367 2.5
271749 2.5
274419 2.5
274801 2.5
275182 2.5
275564 2.5
275945 2.5
276327 2.5
278997 2.5
279378 2.5
279760 2.5
280141 2.5
280523 2.5
280904 2.5
283575 2.5
283956 2.5
284337 2.5
284719 2.5
285100 2.5
285482 2.5
288152 2.5
288534 2.5
288915 2.5
289297 2.5
289678 2.5
290060 2.5
292730 2.5
293111 2.5
293493 2.5
293874 2.5
294256 2.5
294637 2.5
297307 2.5
297689 2.5
298070 2.5
298452 2.5
298833 2.5
299215 2.5
301885 2.5
302267 2.5
302648 2.5
303029 2.5
303411 2.5
303792 2.5
306463 2.5
306844 2.5
307226 2.5
307607 2.5
307989 2.5
308370 2.5
311040 2.5
311422 2.5
311803 2.5
312185 2.5
312566 2.5
312948 2.5
315618 2.5
315999 2.5
316381 2.5
316762 2.5
317144 2.5
317525 2.5
320196 2.5
320577 2.5
320959 2.5
321340 2.5
321721 2.5
322103 2.5
324773 2.5
325155 2.5
325536 2.5
325918 2.5
326299 2.5
326681 2.5
329351 2.5
329732 2.5
330114 2.5
330495 2.5
330877 2.5
331258 2.5
333929 2.5
334310 2.5
334691 2.5
335073 2.5
335454 2.5
335836 2.5
338506 2.5
338888 2.5
339269 2.5
339651 2.5
340032 2.5
340414 2.5
343084 2.5
343465 2.5
343847 2.5
344228 2.5
344610 2.5
344991 2.5
347661 2.5
348043 2.5
348424 2.5
348806 2.5
349187 2.5
349569 2.5
352239 2.5
352621 2.5
353002 2.5
353383 2.5
353765 2.5
354146 2.5
356817 2.5
357198 2.5
357580 2.5
357961 2.5
358343 2.5
358724 2.5
361394 2.5
361776 2.5
362157 2.5
362539 2.5
362920 2.5
363302 2.5
365972 2.5
366353 2.5
366735 2.5
367116 2.5
367498 2.5
367879 2.5
370550 2.5
370931 2.5
371313 2.5
371694 2.5
372076 2.5
372457 2.5
375127 2.5
375509 2.5
375890 2.5
376272 2.5
376653 2.5
377035 2.5
379705 2.5
380086 2.5
380468 2.5
380849 2.5
381231 2.5
381612 2.5
384283 2.5
384664 2.5
385045 2.5
385427 2.5
385808 2.5
386190 2.5
388860 2.5
389242 2.5
389623 2.5
390005 2.5
390386 2.5
390768 2.5
393438 2.5
393819 2.5
394201 2.5
394582 2.5
394964 2.5
395345 2.5
398015 2.5
398397 2.5
398778 2.5
399160 2.5
399541 2.5
399923 2.5
402593 2.5
402975 2.5
403356 2.5
403737 2.5
404119 2.5
404500 2.5
407171 2.5
407552 2.5
407934 2.5
408315 2.5
408697 2.5
409078 2.5
411748 2.5
412130 2.5
412511 2.5
412893 2.5
413274 2.5
413656 2.5
416326 2.5
416707 2.5
417089 2.5
417470 2.5
417852 2.5
418233 2.5
420904 2.5
421285 2.5
421667 2.5
422048 2.5
422430 2.5
422811 2.5
425481 2.5
425863 2.5
426244 2.5
426628 2.49891
427009 2.49891
427391 2.49891
