2998.38 2610.38
10450 7451.58
11942.1 8942.7
23113.9 12664
25354.1 13412
35034.9 11920.9
36525 11170.9
37274.1 11918.9
45465.7 10430.8
47705.9 11180.9
48449.9 11175.9
49193 11917.9
58131.7 12666
61111.9 13406
61857 13407
62606 13413
69308.5 11176.9
70052.6 11919.9
73036.8 11924.9
74525 12668
75272 12666
84953.8 11916.9
86445.9 11920.9
87939 12667
98364.8 13411
99109.9 11170.9
111776 13411
112521 13411
121462 9685.75
122207 10429.8
123699 11177.9
132642 11180.9
134130 11922.9
135618 13410
136366 12667
143814 11171.9
145308 11178.9
148287 12669
149032 12666
150524 14157.1
156483 12669
157971 12663
160953 12666
165424 8940.7
166912 8940.7
170635 9682.75
175855 10430.8
177343 10430.8
178833 11919.9
182559 11923.9
188521 12666
190009 12666
191499 12666
192247 13413
196715 14156.1
201933 13412
202677 12668
203420 11920.9
211618 9684.75
212363 9685.75
213106 9685.75
222048 10430.8
222794 10430.8
223537 11172.9
224282 11175.9
236205 14156.1
236950 14156.1
237693 14156.1
238438 14900.2
239183 14901.2
250361 14156.1
251106 14156.1
251851 14158.1
252597 14159.1
253342 14159.1
254084 14900.2
266007 13410
266752 13410
267497 14154.1
268988 14904.2
277183 11175.9
278671 11918.9
286869 9685.75
288357 11172.9
289850 11178.9
301025 14156.1
304006 14156.1
315181 14156.1
315926 11919.9
327847 12666
328592 13410
329335 13409
342004 14157.1
342749 14157.1
343491 14898.2
344236 14901.2
354666 12662
355414 12665
365101 10434.8
365846 11178.9
