367 0
962 0
1324 0
1922 0
2402 0
2764 0
3123 0
3723 0
4322 0
4802 0
5407 0
5765 0
6362 0
6726 0
7203 0
7807 0
8407 0
8887 0
9367 0
9847 0
10447 0
10807 0
11407 0
11642 0
12007 0
12367 0
13327 0
13807 0
14407 0
14887 0
15247 0
15847 0
16327 0
16807 0
17287 0
17642 0
18126 0
18367 0
19206 0
19682 0
20162 0
20642 0
21007 0
21607 0
22087 0
22567 0
23047 0
23527 0
24007 0
24722 0
25202 0
25682 0
26162 0
26642 0
27247 0
27722 0
28202 0
28682 0
29162 0
29642 0
30247 0
30722 0
31202 0
31682 0
32162 0
32643 0
33126 0
33607 0
34087 0
34567 0
35047 0
35527 0
36007 0
36487 0
36967 0
37447 0
37927 0
38407 0
38887 0
39367 0
39847 0
40327 0
40807 0
41287 0
41767 0
42247 0
42722 0
43203 0
43682 0
44162 0
44767 0
45247 0
45722 0
46087 0
46567 0
47047 0
47527 0
48007 0
48487 0
48967 0
