2240.32 2
9690.9 2
11179 2.5
22355.9 2.9
23845 1
33527.8 2
41723.4 2.5
42472.5 2.9
52158.2 3.24483
52903.3 3.55301
64079.1 3.83446
64824.2 1
65568.3 2
79725.4 2.5
80470.4 2.9
93881.5 3.24483
94626.5 3.55301
108784 3.83446
109529 4.09525
110272 4.33944
121445 4.56988
122194 4.78871
122938 4.99753
124428 5.19763
135606 5.39003
136350 5.57555
137094 5.75491
138584 5.92867
139331 1
150506 2
151251 3
151996 3.33333
152740 3.63333
163172 3.90856
163917 4.16441
164661 4.40454
175093 1
175838 2
176583 3
177329 3.33333
188505 3.63333
189249 3.90856
189993 4.16441
201915 4.40454
202660 4.63158
203404 4.84749
204894 1
216071 2
216817 3
217562 3
227243 3.33333
227988 3.63333
229481 1
239914 2
240659 2.5
250340 2.9
251085 3.24483
260774 3.55301
262264 3.83446
263754 1
274931 2
277162 2.5
289828 2.9
292063 3.24483
303239 3.55301
305474 3.83446
306967 4.09525
316655 4.33944
318890 4.56988
320378 4.78871
321125 4.99753
331555 5.19763
332300 5.39003
333045 5.57555
333789 5.75491
343476 5.92867
344965 6.09735
345711 6.26135
346455 6.42106
347200 6.5768
351670 6.72885
353161 6.87746
353907 7.02286
354651 7.16526
355396 7.30482
356141 7.44171
362102 7.57609
363591 7.70809
364338 7.83782
365082 7.96541
365827 8.09095
366572 8.21454
367317 8.33628
374768 8.45624
376259 8.57449
377004 8.69112
377750 8.80618
378495 1
379240 1
379985 2
