1490.27 2
5216.56 2
8943.85 2
17141.5 1
20866.8 2
32037.6 1
32782.7 2
40233.3 2.5
40978.3 2.9
49919 3.24483
51413.2 3.55301
61094.9 3.83446
62585 4.09525
63330.1 4.33944
75256 1
77486.2 2
78231.2 3
78976.3 3.33333
91642.3 3.63333
92387.3 3.90856
93132.4 4.16441
105053 4.40454
106547 4.63158
107294 1
108038 2
118464 3
120704 3.33333
131875 3.63333
133370 3.90856
134860 4.16441
147522 1
148267 2
149017 3
149762 3
160933 3
161678 3.33333
162423 3.63333
172109 3.90856
173603 4.16441
174349 4.40454
184029 4.63158
186270 1
187010 2
187755 3
197441 3.33333
200421 3.63333
201166 3.90856
211602 4.16441
214577 4.40454
215322 1
222775 2
223520 3
226498 3.33333
234694 3.63333
235443 3.90856
238419 1
246616 2
247360 2.5
257791 2.9
258536 3.24483
270457 3.55301
271950 3.83446
273440 4.09525
283872 4.33944
286103 4.56988
287597 4.78871
289087 4.99753
297279 1
299518 2
301009 3
302498 3.33333
313675 3.63333
314415 3.90856
315909 4.16441
327081 4.40454
328575 4.63158
330065 4.84749
330811 5.05378
340497 1
341242 2
341987 3
342732 3.33333
344221 3.63333
350179 3.90856
350924 4.16441
352417 4.40454
359120 4.63158
360612 4.84749
361355 5.05378
362847 5.25165
370299 5.44207
372531 5.62582
373279 5.80357
374023 5.97588
375513 6.14322
381475 6.306
382965 6.46458
383710 6.61927
384455 6.77034
385200 6.91805
