3424.38 2955.38
10877 7452.58
12365.1 8939.7
23544.9 12668
26524.2 14159.1
34715.8 11170.9
36955 10430.8
37700.1 11174.9
42915.5 8199.64
45895.7 8940.7
46640.7 8940.7
47384.8 9683.75
54837.4 11921.9
57816.6 11920.9
58561.7 11920.9
59305.7 11920.9
66008.3 11170.9
66753.3 11914.9
69737.5 11920.9
70482.6 11920.9
71226.7 11920.9
79419.3 13411
80909.4 14156.1
82404.5 15650.2
85384.8 15647.2
86129.8 15647.2
86872.9 15646.2
98045.8 12661
98794.8 12665
99538.9 13408
100284 13411
109226 11179.9
109971 11175.9
110716 11176.9
111460 11175.9
122638 13412
124126 14899.2
124872 14901.2
125616 14900.2
126361 14901.2
135299 12661
137538 13412
138283 14156.1
148714 11175.9
149459 11919.9
150203 11919.9
152436 14152.1
164361 15647.2
165105 15646.2
177771 12666
178516 13410
192672 14901.2
193417 14901.2
206083 13411
206828 14155.1
207572 14155.1
219495 13412
220240 13412
220983 14154.1
221728 14156.1
231415 11919.9
232156 11915.9
232901 11917.9
233649 11920.9
235139 13410
244826 13411
246315 14159.1
247062 14161.1
247805 14156.1
249296 14156.1
250039 14898.2
260473 15647.2
262709 16393.3
263454 16391.3
264197 16391.3
276115 13406
276860 13406
277605 14150.1
279098 14901.2
288781 12666
290274 13414
291021 13416
292509 13411
293252 14153.1
303682 14901.2
305172 14898.2
305917 14896.2
307410 14901.2
308157 14905.2
308900 15647.2
317842 14160.1
320073 14901.2
320823 14906.2
321568 14158.1
322311 14154.1
323058 14158.1
331998 14156.1
333489 15646.2
334979 14906.2
335719 14896.2
