4471.35 0
10431.8 0
12667 0
21607.7 0
23097.8 0
25333 0
26823.1 0
35763.8 0
37253.9 0
38744 0
45449.5 0
46939.7 0
54390.2 0
55880.4 0
65566.1 0
67056.2 0
67801.3 0
80467.3 0
81957.4 0
82702.4 0
84192.6 0
95368.4 0
96858.5 0
108779 0
110270 0
111015 0
123681 0
125171 0
125916 0
138582 0
140072 0
141562 0
142307 0
154228 0
157208 0
157953 0
169874 0
170619 0
171364 0
184030 0
185520 0
186266 0
187011 0
197441 0
198932 0
199677 0
200422 0
201167 0
211597 0
212343 0
213088 0
224263 0
225754 0
226499 0
227244 0
239165 0
240655 0
241400 0
242145 0
243635 0
255556 0
257046 0
257791 0
258536 0
260026 0
262261 0
271202 0
273437 0
274182 0
280143 0
281633 0
283123 0
284613 0
291319 0
292809 0
294299 0
295789 0
297279 0
302495 0
303985 0
307710 0
313670 0
315161 0
318886 0
326336 0
327827 0
328572 0
332297 0
341983 0
343473 0
344218 0
344963 0
346453 0
350923 0
351668 0
352413 0
353159 0
353904 0
354649 0
359119 0
359864 0
