486 0
1086 0
1446 0
2526 0
2886 0
3243 0
3846 0
4926 0
5527 0
5886 0
6487 0
7202 0
7807 0
8047 0
9607 0
10807 0
11407 0
12247 0
12847 0
13087 0
14287 0
15247 0
15722 0
16327 0
16927 0
17162 0
18007 0
18966 0
19447 0
19804 0
20406 0
20767 0
22087 0
22567 0
22927 0
23407 0
23642 0
24007 0
24723 0
25202 0
27126 0
27607 0
28087 0
28447 0
28927 0
29287 0
29642 0
31447 0
31807 0
32162 0
32642 0
33007 0
33487 0
34803 0
35407 0
35887 0
36244 0
36722 0
38407 0
38643 0
39126 0
39367 0
39842 0
39967 0
40327 0
40927 0
42723 0
43203 0
43682 0
44162 0
44407 0
44767 0
46566 0
46927 0
47406 0
47764 0
48004 0
