240 6000
360 4500
480 4500
600 4500
720 7500
840 9000
960 9000
1080 9000
1200 13500
1320 15000
1440 15000
1560 15000
1680 18000
1800 19500
1920 19500
2040 19500
2160 25500
2280 27000
2400 27000
2520 27000
2640 33000
2760 34500
2880 34500
3000 34500
3120 34500
3240 40500
3360 40500
3480 39000
3600 39000
3720 45000
3840 46500
3960 46500
4080 46500
4200 52500
4320 51000
4440 51000
4560 49500
4680 54000
4800 54000
4920 54000
5040 52500
5160 57000
5280 55500
5400 54000
5520 52500
5640 57000
5760 57000
5880 57000
6000 55500
6120 55500
6240 58500
6360 58500
6480 57000
6600 55500
6720 61500
6840 60000
6960 58500
7080 57000
7200 60000
7320 58500
7440 57000
7560 55500
7680 60000
7800 58500
7920 57000
8040 55500
8160 58500
8280 57000
8400 55500
8520 54000
8640 58500
8760 57000
8880 55500
9000 54000
9120 52500
9240 55500
9360 54000
9480 52500
9600 51000
9720 54000
9840 52500
9960 51000
10080 49500
10200 54000
10320 52500
10440 51000
10560 49500
10680 52500
10800 51000
10920 49500
11040 48000
11160 52500
11280 51000
11400 49500
11520 48000
11640 51000
11760 49500
11880 48000
12000 46500
12120 45000
12240 48000
12360 46500
12480 45000
12600 43500
12720 48000
12840 46500
12960 45000
13080 43500
13200 46500
13320 45000
13440 43500
13560 42000
13680 46500
13800 45000
13920 43500
14040 42000
14160 45000
14280 43500
14400 42000
14520 40500
14640 45000
14760 43500
14880 42000
15000 40500
15120 39000
15240 42000
15360 40500
15480 39000
15600 37500
15720 42000
15840 40500
15960 39000
16080 37500
16200 42000
16320 40500
16440 39000
16560 37500
16680 42000
16800 40500
16920 39000
17040 37500
17160 42000
17280 40500
17400 39000
17520 37500
17640 42000
17760 40500
17880 39000
18000 37500
18120 37500
18240 40500
18360 39000
18480 37500
18600 36000
18720 42000
18840 42000
18960 42000
19080 40500
19200 45000
19320 43500
19440 42000
19560 40500
19680 45000
19800 45000
19920 45000
20040 45000
20160 48000
20280 48000
20400 48000
20520 48000
20640 52500
20760 51000
20880 51000
21000 49500
21120 48000
21240 52500
21360 52500
21480 52500
21600 51000
21720 55500
21840 54000
21960 54000
22080 52500
22200 57000
22320 57000
22440 55500
22560 54000
22680 57000
22800 57000
22920 55500
23040 54000
23160 57000
23280 55500
23400 54000
23520 52500
23640 57000
23760 55500
23880 54000
24000 52500
24120 51000
24240 54000
24360 52500
24480 51000
24600 49500
24720 54000
24840 52500
24960 51000
25080 49500
25200 52500
25320 51000
25440 49500
25560 48000
25680 52500
25800 51000
25920 49500
26040 48000
26160 51000
26280 49500
26400 48000
26520 46500
26640 49500
26760 48000
26880 46500
27000 45000
27120 45000
27240 48000
27360 46500
27480 45000
27600 43500
27720 46500
27840 45000
27960 43500
28080 42000
28200 46500
28320 45000
28440 43500
28560 42000
28680 45000
28800 43500
28920 42000
29040 40500
29160 45000
29280 43500
29400 42000
29520 40500
29640 45000
29760 43500
29880 42000
30000 40500
30120 39000
30240 43500
30360 42000
30480 40500
30600 39000
30720 42000
30840 40500
30960 39000
31080 37500
31200 42000
31320 40500
31440 39000
31560 37500
31680 42000
31800 40500
31920 39000
32040 37500
32160 42000
32280 40500
32400 39000
32520 37500
32640 42000
32760 40500
32880 39000
33000 37500
33120 36000
33240 39000
33360 37500
33480 36000
33600 36000
33720 40500
33840 39000
33960 37500
34080 36000
34200 40500
34320 39000
34440 39000
34560 39000
34680 42000
34800 42000
34920 42000
35040 42000
35160 45000
35280 43500
35400 42000
35520 40500
35640 43500
35760 42000
35880 40500
36000 40500
36120 40500
36240 45000
36360 43500
36480 43500
36600 43500
36720 48000
36840 46500
36960 45000
37080 45000
37200 49500
37320 49500
37440 49500
37560 49500
37680 54000
37800 52500
37920 51000
38040 49500
38160 52500
38280 52500
38400 51000
38520 49500
38640 52500
38760 51000
38880 49500
39000 48000
39120 48000
39240 51000
39360 49500
39480 48000
39600 46500
39720 49500
39840 49500
39960 48000
40080 46500
40200 49500
40320 48000
40440 46500
40560 45000
40680 48000
40800 46500
40920 45000
41040 43500
41160 48000
41280 46500
41400 45000
41520 43500
41640 48000
41760 46500
41880 45000
42000 43500
42120 42000
42240 45000
42360 43500
42480 42000
42600 40500
42720 43500
42840 42000
42960 40500
43080 39000
43200 43500
43320 42000
43440 40500
43560 39000
43680 42000
43800 40500
43920 39000
44040 37500
44160 42000
44280 40500
44400 39000
44520 37500
44640 39000
44760 37500
44880 36000
45000 34500
45120 33000
45240 36000
45360 34500
45480 33000
45600 31500
45720 36000
45840 34500
45960 33000
46080 31500
46200 36000
46320 36000
46440 34500
46560 34500
46680 37500
46800 37500
46920 36000
47040 34500
47160 37500
47280 36000
47400 36000
47520 34500
47640 39000
47760 39000
47880 39000
48000 39000
48120 39000
48240 42000
48360 42000
48480 42000
48600 42000
48720 46500
48840 46500
48960 45000
49080 45000
49200 49500
49320 49500
49440 49500
49560 48000
49680 52500
49800 52500
49920 52500
