451.184 451.184
1121.74 670.552
1343.25 892.07
2573.6 1451.86
2797.12 1675.38
3020.63 1677.38
3135.39 1792.14
5702.84 2682.21
5814.6 2679.21
8273.29 2458.69
8385.05 2570.45
9615.4 1342.1
10843.7 1228.35
10955.5 1340.1
12634.9 1791.14
12746.6 1791.14
13974 1339.1
14084.7 1449.86
14307.3 1560.62
15762.1 1788.14
15872.9 1788.14
15983.6 1898.9
16207.2 1899.9
17661 1898.9
17775.8 1902.9
17887.5 1903.9
19338.4 1562.62
19449.2 1673.38
19671.7 1784.14
21014.8 1676.38
21126.5 1677.38
21348.1 1676.38
21463.8 1792.14
22578.4 1563.62
22691.2 1564.62
22800.9 1452.86
22912.7 1448.86
23028.4 1564.62
24143 1564.62
24257.8 1566.62
24369.5 1341.1
25485.1 1342.1
25598.9 1341.1
25706.7 1337.1
26937 1451.86
27049.8 1564.62
27159.5 1560.62
27271.3 1564.62
28502.6 1565.62
28614.4 1564.62
28724.1 1674.38
28835.9 1676.38
28947.7 1676.38
30179 1676.38
30290.8 1676.38
30400.5 1676.38
30512.3 1676.38
30624 1788.14
30735.8 1788.14
31633.9 1454.86
31743.6 1452.86
31853.4 1452.86
31965.1 1452.86
32076.9 1452.86
32188.7 1564.62
32300.4 1564.62
33308.2 1674.38
33422 1678.38
33529.8 1676.38
33641.5 1676.38
33753.3 1676.38
33865 1676.38
33976.8 1788.14
34088.6 1788.14
34983.6 1675.38
35096.4 1674.38
35208.1 1678.38
35317.9 1676.38
35429.7 1676.38
35541.4 1676.38
35653.2 1676.38
35764.9 1676.38
35988.5 1899.9
36883.5 1899.9
37106 2009.66
37219.8 2011.66
37329.6 2011.66
37441.3 2011.66
37553.1 2011.66
37668.8 2015.66
37780.6 2015.66
38004.1 2015.66
38115.9 2127.42
39118.7 2235.17
39345.2 2239.17
39455 2235.17
39568.7 2239.17
39680.5 1564.62
40571.6 1452.86
40683.3 1564.62
