228.666 228.666
783.46 554.794
895.219 666.552
1789.29 1005.83
2015.81 1232.35
2128.56 1233.35
2351.08 1455.86
3912.7 2123.42
4024.46 2235.17
4363.74 2347.93
4475.5 2459.69
4588.26 2459.69
4809.77 2681.21
5033.29 2682.21
5256.81 2905.73
7488.98 2900.73
7604.74 2794.97
7717.5 2684.21
7829.26 2572.45
9170.36 1452.86
9281.12 1451.86
10171.2 1000.83
10287 1116.59
10509.5 1228.35
11740.8 1569.62
11851.6 1564.62
12076.1 1566.62
12184.8 1675.38
13639.7 1563.62
13751.5 1566.62
15316.1 1676.38
15425.9 1786.14
15538.6 1787.14
16992.5 1676.38
17102.2 1676.38
17215 1676.38
17326.7 1788.14
18892.4 1899.9
19002.1 1899.9
19113.9 1898.9
20566.8 1564.62
20681.5 1679.38
20791.3 1677.38
22021.6 1454.86
22133.4 1451.86
22246.1 1454.86
22467.6 1676.38
23699 1452.86
23809.8 1563.62
24032.3 1564.62
25148.9 1449.86
25260.6 1450.86
26716.5 1567.62
26825.2 1564.62
28278.1 1452.86
28389.9 1564.62
29954.5 1676.38
30069.2 1679.38
31410.3 1455.86
31519.1 1564.62
33083.7 1564.62
33195.5 1676.38
34874.9 1791.14
36774.8 1899.9
36996.3 2121.42
39009.9 2235.17
39233.5 2237.17
40795.1 1561.62
41800.9 1005.83
41912.7 1117.59
43145 1344.1
43366.5 1453.86
44483.1 1338.1
44707.6 1562.62
44818.4 1451.86
46050.7 1567.62
46272.3 1564.62
46494.8 1787.14
46719.3 1900.9
47615.4 1564.62
47838.9 1566.62
48171.2 1676.38
48395.7 1676.38
48508.4 1789.14
49286.7 1115.59
49627 1231.35
49737.8 1229.35
