2241.32 2
6709.67 3
8199.79 2
14906.3 2.5
16394.4 2
28317.4 2.5
31296.6 1
40979.3 2
51414.2 2.5
52900.3 2.9
63336.1 3.24483
65568.3 3.55301
75252 3.83446
76744.1 4.09525
77492.2 4.33944
89408.1 4.56988
90900.2 4.78871
91648.3 4.99753
93135.4 5.19763
107290 5.39003
108782 1
109530 2
111020 3
111765 3.33333
125916 3.63333
127406 3.90856
128151 4.16441
139327 4.40454
141562 1
142307 2
143057 3
152738 3.33333
155723 3.63333
157210 3.90856
167639 1
168384 2
169129 2.5
179560 2.9
180305 2.9
192971 3.24483
194466 3.55301
205637 3.83446
206382 4.09525
207129 4.33944
218303 4.56988
219048 1
219793 2
221288 3
229479 3.33333
231719 3.63333
233206 3.90856
242145 1
243640 2
245127 2.5
256301 2.9
257793 3.24483
268970 1
270460 1
271205 2
285363 2.5
286108 2.9
295789 3.24483
296534 3.55301
307713 3.83446
308458 4.09525
309947 4.33944
322614 4.56988
323359 1
324103 1
324851 2
337515 3
338261 3.33333
348693 3.63333
349438 3.90856
350925 4.16441
354654 4.40454
355399 4.63158
356141 4.84749
356886 5.05378
359865 5.25165
360610 5.44207
361355 5.62582
362101 5.80357
363591 5.97588
365826 6.14322
367317 6.306
368062 6.46458
368807 6.61927
370297 6.77034
372535 6.91805
373280 7.0626
374022 7.20419
374767 7.343
375512 7.47918
376257 7.61288
377003 7.74424
377751 7.87337
378496 8.00038
379241 8.12537
379986 8.24844
