1035 1
1043 0
2238 1
2246 0
2837 1
2845 0
3436 1
3444 0
4037 1
4045 0
4638 1
4646 0
5237 1
5245 0
5836 1
5844 0
6437 1
6445 0
7038 1
7046 0
7637 1
7645 0
8238 1
8246 0
8837 1
8845 0
9436 1
9444 0
10038 1
10046 0
10637 1
10645 0
11238 1
11246 0
11837 1
11845 0
12438 1
12446 0
13038 1
13046 0
13637 1
13645 0
14238 1
14246 0
14837 1
14845 0
15438 1
15446 0
16037 1
16045 0
16636 1
16644 0
17238 1
17246 0
17837 1
17845 0
18438 1
18446 0
19037 1
19045 0
19638 1
19646 0
20238 1
20246 0
20837 1
20845 0
21438 1
21446 0
22037 1
22045 0
22638 1
22646 0
23236 1
23244 0
23836 1
23844 0
24438 1
24446 0
25037 1
25045 0
25638 1
25646 0
26237 1
26245 0
26839 1
26847 0
27438 1
27446 0
28037 1
28045 0
28638 1
28646 0
29237 1
29245 0
29838 1
29846 0
30438 1
30446 0
31037 1
31045 0
31638 1
31646 0
32237 1
32245 0
32838 1
32846 0
33437 1
33445 0
34036 1
34044 0
34638 1
34646 0
35237 1
35245 0
35838 1
35846 0
36437 1
36445 0
37038 1
37046 0
37638 1
37646 0
38237 1
38245 0
38838 1
38846 0
39437 1
39445 0
40038 1
40046 0
40637 1
40645 0
41236 1
41244 0
41838 1
41846 0
42437 1
42445 0
43038 1
43046 0
43637 1
43645 0
44238 1
44246 0
44838 1
44846 0
45437 1
45445 0
46038 1
46046 0
46637 1
46645 0
47238 1
47246 0
47838 1
47846 0
48437 1
48445 0
49038 1
49046 0
49637 1
49645 0
50238 1
50246 0
50837 1
50845 0
51436 1
51444 0
52038 1
52046 0
52637 1
52645 0
53238 1
53246 0
53837 1
53845 0
54438 1
54446 0
55038 1
55046 0
55637 1
55645 0
56238 1
56246 0
56837 1
56845 0
57438 1
57446 0
58037 1
58045 0
58636 1
58644 0
59238 1
59246 0
59837 1
59845 0
60438 1
60446 0
61037 1
61045 0
