1490.12 0
5215.41 0
8940.7 0
13411 1
15646.2 1
17136.3 1
18626.5 2
20861.6 2
27567.1 3
32037.5 3
40233.1 3
50663.9 3
52899.1 3
62584.9 3
65565.1 3
77486 3
78231.1 3
86426.7 3
87171.8 3
97602.6 3
98347.7 3
99092.7 3
112504 3
113249 3
113994 3
115484 3
125170 3
126660 3
128150 3
136346 3
137836 3
139326 3
148267 3
149757 3
151247 3
153482 3
162423 3
164658 3
165403 3
166893 3
169873 3
176579 3
178069 3
181049 3
187010 3
188500 3
192225 3
192970 3
200421 3
202656 3
207126 3
207871 3
208616 3
216067 3
216812 3
219792 3
226498 3
227243 3
230968 3
238419 3
239164 3
239909 3
244379 3
251830 3
252575 3
253320 3
254065 3
257790 3
265241 3
265986 3
269711 3
277907 3
278652 3
282377 3
283867 3
291318 3
292063 3
295043 3
295788 3
296533 3
303239 3
303984 3
306964 3
308454 3
309199 3
315905 3
316650 3
317395 3
320375 3
322610 3
323355 3
330806 3
332296 3
333041 3
333786 3
336766 3
344217 3
344962 3
345707 3
347942 3
355393 3
356138 3
364333 3
365078 3
