2984.38 24.9652
7454.73 16.6667
8942.85 25.0084
17139.5 15.3862
18628.6 20.0036
19376.7 21.4224
20121.7 26.6595
32785.7 11.1128
33532.8 11.1111
35019.9 15.003
50664.1 12.5021
51412.2 12.5014
52904.3 12.4979
53645.3 16.0009
63333.1 14.2885
64822.2 18.7547
66312.3 17.6457
75254 18.75
76743.1 18.75
78233.2 18.75
79723.4 22.2222
90153.2 20.0027
90900.2 21.0511
91644.3 22.2222
92389.3 23.5294
93134.4 27.7778
105799 23.8095
106548 23.8065
107294 23.805
119212 11.7666
119959 16.6667
121447 15.7928
130388 20
131133 20.0036
132622 20
134113 23.5294
143799 22.2222
144544 22.2222
146034 22.2222
146778 23.5313
147523 27.7798
155720 31.25
156465 31.25
157957 31.2421
159448 29.4025
160193 29.4025
172110 11.7684
172855 16.6716
174346 15.7928
185521 16.6667
187011 15.7895
187756 16.6679
188502 21.0526
197444 24.9958
199677 23.5294
200422 23.5294
201167 23.5313
202658 26.3158
210110 29.4118
212343 29.4118
213834 27.7757
214578 27.7778
216069 27.7778
223521 27.7778
224264 31.5834
226499 31.5789
227993 31.5723
229480 29.998
230970 30
239169 28.5678
239910 28.5714
240656 31.8162
242146 33.3312
242891 35.007
243636 36.8421
245126 36.8421
254813 33.3376
255560 33.3248
256302 33.3333
257795 34.7765
258536 36.3659
259285 36.357
260030 36.357
260772 38.0952
268969 42.1053
270458 26.6738
271202 31.2605
271948 31.2579
272693 31.25
280145 33.3333
281634 33.3333
282382 33.3214
283124 33.3333
283869 33.3333
285359 35.2941
293556 33.3333
294301 35.2913
295046 35.2997
295793 35.2858
296538 35.2858
