3423.23 0
7148.52 0
10873.8 0
12363.9 0
21304.6 1
22049.7 1
23539.8 1
26520 1
33970.6 1
34715.7 1
42166.3 1
43656.4 1
52597.1 1
53342.1 1
54832.2 1
65263.1 1
66008.1 1
67498.2 1
68243.3 1
80909.3 1
81654.3 1
94320.3 1
95065.4 1
96555.5 1
106986 1
107731 1
119652 1
120397 1
133063 1
133808 1
135299 1
148710 1
149455 1
150945 1
162121 1
162866 1
164356 1
174787 1
176277 1
185962 1
187453 1
200119 1
200864 1
212039 1
213530 1
224705 1
226196 1
226941 1
238117 1
239607 1
240352 1
250783 1
251528 1
264194 1
264939 1
273879 1
274624 1
276114 1
285800 1
286545 1
288035 1
289526 1
297721 1
298466 1
299211 1
300701 1
310387 1
311132 1
311877 1
312622 1
314112 1
323798 1
324543 1
325288 1
326033 1
334229 1
334974 1
335719 1
337209 1
343915 1
344660 1
345405 1
346895 1
347640 1
355836 1
356581 1
357326 1
358816 1
360306 1
361051 1
367757 1
368502 1
369247 1
370737 1
372972 1
373717 1
378187 1
378932 1
379678 1
381168 1
381913 1
382658 1
383403 1
