2257.32 38.2803
6723.67 16.6816
9704.9 20.0081
19393.7 11.761
21628.8 12.4969
33549.8 10.5263
34290.8 11.7684
41741.4 18.1907
42486.5 18.1818
52172.2 14.2857
52917.3 20
54406.4 18.7516
61858 23.0769
63348.1 21.4286
64842.2 24.9916
66327.3 25
74528 15.3846
76013.1 20.009
76760.1 21.4245
84209.7 23.0865
85698.8 23.0769
86445.9 23.0769
87190.9 28.5714
94642.5 28.566
96130.6 28.5687
97624.8 26.6595
98369.8 26.6595
99854.9 29.4164
108052 21.4368
108798 21.4347
110286 21.4286
118482 21.4286
119228 21.4286
120722 24.9937
121467 26.6547
132638 21.0526
134128 11.7694
135623 15.7895
147544 14.996
149029 15
150519 15.005
159461 18.7563
160955 22.2222
162445 22.2139
163935 22.2139
172129 23.5257
175108 13.3369
176596 17.654
182559 21.4286
185539 21.4286
186284 23.0722
192990 21.4286
194477 25.0063
197460 25
198205 25
207146 21.0526
208633 21.0526
209380 24.9966
222047 15
223538 14.997
224282 15
236951 14.998
239184 14.2857
247379 14.2885
251105 12.5
262281 6.66667
263768 11.7675
274949 11.7628
276434 11.7647
287615 11.7647
289100 15.7951
289847 16.6642
301022 16.6716
302511 16.6667
303258 21.0497
304006 21.0482
316668 19.0476
318157 19.0476
318904 19.0476
319652 19.0476
321137 21.7455
334549 20.8333
336043 13.6364
337528 13.6364
345725 15.391
347214 15.3846
356156 14.2857
357645 14.2857
358392 19.9964
368077 18.75
369566 18.75
377767 15.3783
379252 15.3846
380747 50
381492 66.5179
382232 75
382977 100.224
383722 100.224
384467 100
385217 99.8325
