724 16
1726 33
2202 34
2927 25
3407 26
4126 31
4607 32
5202 29
5927 25
6527 31
7007 31
7726 27
8327 26
8927 24
9407 25
10126 28
10722 27
11206 27
11927 24
12527 28
13126 27
13607 27
14087 27
14567 28
15287 25
15767 26
16367 25
16967 24
17567 23
18047 23
18642 22
19126 23
19847 21
20327 21
21407 21
22007 20
22487 17
23087 16
23567 16
24047 16
25247 16
26087 16
27163 16
27642 16
28126 16
29206 16
30163 16
31247 16
31722 16
32447 15
33527 14
34367 15
35203 16
35682 16
36407 15
37847 15
38327 15
39287 15
39887 15
40367 15
41807 15
42287 15
43126 16
43607 16
44087 16
45407 17
46007 17
46847 17
47447 17
47807 18
48767 18
49847 17
