724 0
1726 0
2202 0
2927 0
3407 0
4126 0
4607 0
5202 0
5927 0
6527 0
7007 0
7726 0
8327 0
8927 0
9407 0
10126 0
10722 0
11206 0
11807 0
12287 0
13007 0
13487 0
14202 0
14807 0
15287 0
16007 0
16487 0
16967 0
17567 0
18047 0
18767 0
19247 0
19967 0
20327 0
21407 0
21887 0
22607 0
23202 0
23807 0
24166 0
25247 0
25722 0
26683 0
27287 0
27767 0
28246 0
29087 0
29567 0
30643 0
31126 0
31607 0
32087 0
33047 0
33407 0
34367 0
34847 0
35327 0
35927 0
36643 0
37247 0
37847 0
38327 0
38807 0
39407 0
40246 0
40722 0
41327 0
41807 0
42287 0
42887 0
43367 0
43967 0
44567 0
45047 0
45767 0
46246 0
46847 0
47447 0
47927 0
48887 0
49487 0
49967 0
