2984.38 2
7454.73 3
8942.85 4
17139.5 2
18628.6 2.5
19377.7 2.9
20122.7 3.24483
32785.7 3.55301
33533.8 3.83446
35019.9 4.09525
44707.6 4.33944
45451.7 4.56988
46940.8 4.78871
48430.9 4.99753
57373.6 5.19763
58117.7 1
59606.8 2
60350.9 3
70784.7 3.33333
71528.7 1
73021.8 2
84194.7 2.5
85683.8 2.9
96860.7 3.24483
98350.8 3.55301
108785 3.83446
110271 4.09525
111020 4.33944
121448 4.56988
122196 4.78871
122941 4.99753
123682 5.19763
134114 5.39003
134859 5.57555
135604 5.75491
136348 5.92867
137838 6.09735
146780 6.26135
148269 6.42106
149018 6.5768
149763 6.72885
151249 6.87746
152743 1
162426 2
163171 3
163919 4
166150 4.25
176582 4.48529
177330 4.70824
178075 4.92064
178816 5.12386
189249 5.31903
189993 5.50703
190737 5.68862
191482 5.86441
192227 6.03493
203404 6.20063
204149 6.36191
204893 6.51909
205638 1
206383 2
207877 3
217560 4
218305 4.25
219050 4.48529
227991 4.70824
229480 4.92064
230226 5.12386
231715 5.31903
241402 5.50703
242891 5.68862
243637 5.86441
245126 6.03493
246620 1
256306 2
258541 3
260772 4
261522 4.25
270459 4.48529
271204 4.70824
271948 4.92064
272693 5.12386
281635 5.31903
282380 5.50703
283124 5.68862
283869 5.86441
285359 6.03493
295046 1
295791 2
296536 3
297284 4
311437 4.25
312927 1
313675 2
315166 3
321123 3.33333
