486 1
487 2
1086 2
1087 4
1486 4
1487 8
1966 8
1967 9
2685 9
2686 10
3161 10
3162 11
3886 11
3887 12
4366 12
4367 13
4966 13
4967 14
5685 14
5686 15
6286 15
6287 1
6766 1
6767 2
7486 2
7487 1
8086 1
8087 2
8685 2
8686 3
9161 3
9162 4
10246 4
10247 5
10966 5
10967 6
11446 6
11447 7
12165 7
12166 8
12641 8
12642 1
13246 1
13247 2
13606 2
13607 4
14086 4
14087 5
14806 5
14807 6
15286 6
15287 7
15886 7
15887 8
16366 8
16367 9
16846 9
16847 1
17446 1
17447 2
17806 2
17807 4
18526 4
18527 1
19606 1
19607 2
20086 2
20087 3
20806 3
20807 1
23086 1
23087 2
23566 2
23567 1
24286 1
24287 2
24766 2
24767 1
25725 1
25726 2
26566 2
26567 3
27046 3
27047 1
28245 1
28246 2
28846 2
28847 3
29566 3
29567 1
45886 1
45887 2
46366 2
46367 3
47326 3
47327 4
47566 4
47567 5
48286 5
48287 6
48645 6
48646 1
48886 1
48887 2
49486 2
49487 4
