2981.23 0
7451.58 0
8941.7 0
17137.3 0
18627.5 0
19372.5 0
20117.6 0
30548.4 0
32038.5 0
32783.6 0
33528.6 0
42469.3 0
43214.4 0
43959.4 0
52900.1 0
53645.2 0
54390.2 0
65566.1 0
66311.2 0
67056.2 0
77487 0
78232.1 0
78977.2 0
80467.3 0
90898.1 0
91643.1 0
92388.2 0
93878.3 0
94623.4 0
105799 0
106544 0
107289 0
116230 0
116975 0
117720 0
127406 0
128151 0
128896 0
129641 0
140072 0
140817 0
141562 0
142307 0
143052 0
155718 0
156463 0
157208 0
165404 0
166149 0
175835 0
176580 0
189246 0
189991 0
190736 0
205637 0
206382 0
220538 0
221283 0
229479 0
230224 0
230969 0
240655 0
241400 0
242145 0
242890 0
255556 0
256301 0
257046 0
257791 0
258536 0
271202 0
271947 0
272692 0
283868 0
285358 0
286103 0
296534 0
298769 0
299514 0
300259 0
311435 0
313670 0
314416 0
315161 0
315906 0
324846 0
325591 0
326336 0
336022 0
336767 0
337512 0
349433 0
350178 0
350923 0
352413 0
365079 0
365825 0
366570 0
372530 0
374020 0
374765 0
379236 0
