3424.38 25.2102
10877 9.99732
12365.1 16.6667
23544.9 11.7628
26524.2 10.5241
34715.8 13.3393
36955 14.2857
37700.1 20
45146.6 21.4286
48130.9 20
48875.9 20
49620 25.0021
58557.7 22.2222
61542.9 22.2206
62288 22.2206
63033 22.2189
73462.8 13.3345
74207.9 18.7516
74952 18.7531
86128.8 17.6471
86873.9 17.6471
87618.9 17.6457
88363 22.2222
101026 20.0054
102519 19.0488
103265 19.0476
104009 19.0476
104754 22.7273
117422 22.7203
118910 22.7273
119656 22.7273
132323 15
133812 15
144239 12.5052
145732 12.5
154670 14.2857
156163 14.2857
156909 19.9982
167340 17.6415
168829 17.6471
169575 17.6471
170321 22.2206
180006 23.5294
181495 13.3357
182241 18.7516
189692 23.0769
191181 23.0769
200124 14.2843
202359 13.3309
212045 12.5
213533 13.3357
215023 17.6498
224710 17.6485
226199 17.6471
227689 17.6471
228432 22.2255
240352 19.0525
241847 19.0452
243337 19.0452
244078 19.0476
258978 9.52685
259724 13.6397
260471 13.6347
270899 18.75
271644 18.7516
272390 18.7531
273137 23.5294
285056 21.0511
286550 19.9933
287292 20
288037 20.0027
288786 23.8065
302193 10.5263
302938 15
303687 15
315604 11.7647
316349 11.7684
326779 13.3345
328272 12.4979
329760 16.6667
338700 18.75
340936 13.3333
346895 18.1818
349131 18.1818
356581 15.3846
357327 21.4265
359562 21.4286
368507 18.7421
369252 18.7437
369995 23.5257
372228 23.5294
374467 50
375212 50
378934 33.3632
379683 42.8571
381171 37.5126
383406 49.9776
384153 50
384898 59.9678
385643 66.6369
