4473.5 16.6549
10433 12.5021
12667.1 18.1863
21608.8 13.3333
23097.9 17.6485
25338.1 17.6401
26828.2 21.0452
35763.9 21.0541
37255.1 23.8095
40239.3 16.6667
47684.9 18.75
49925 17.6415
51414.2 20.0018
53645.3 22.2305
61096.9 22.2206
63336.1 22.2222
64825.2 22.2222
67804.4 21.0482
69295.5 23.8034
75997.1 25.0017
78236.2 25.0017
79726.4 25
82705.6 25
84197.7 24.9983
92393.3 22.7203
93138.4 26.0793
94627.5 27.2727
108040 14.2857
108785 14.2857
110274 17.3923
111015 18.1863
119960 25
120706 25
122195 25
130388 15.3894
131132 21.4368
132625 21.4286
143054 17.6471
144546 16.6629
146037 16.6667
155720 17.6471
157209 21.0541
157958 22.2206
169875 11.7647
170620 11.7684
184777 10
185522 14.2857
186267 14.2857
201913 9.09091
202658 9.09091
217563 9.52138
219052 9.08925
220542 12.4979
231716 15.7928
233205 15.7928
242892 13.3333
245130 12.4958
257048 10.5263
260027 10.0027
261518 13.6397
274930 12.5
277909 12.5
280148 11.9974
280888 15.3854
290575 19.0488
294299 11.1111
300261 15.3846
301754 19.9946
309946 15.3846
312182 14.2885
321867 12.5
324103 12.5
324851 17.6429
334533 17.6471
336026 18.7469
336769 18.7547
338262 22.2239
344964 28.5714
346457 28.5714
347202 28.566
348693 28.5687
353909 33.3184
354650 38.4615
359865 25.0168
361358 30.004
362848 27.2627
365826 37.5
367319 37.5
368809 37.5
370299 40
373280 39.9785
374025 44.4378
374769 50
375514 57.1429
376259 62.5
377005 100.027
377750 100.027
378496 99.9732
379241 99.9732
379986 99.9732
