3834.6 3834.6
3834.6 0
7668.2 3833.6
7668.2 0
9579.55 1911.35
9579.55 0
11501.8 1922.25
11501.8 0
13411.1 1909.35
13411.1 0
15318.5 1907.35
15318.5 0
17225.8 1907.35
17225.8 0
19133.2 1907.35
21040.5 1907.35
22947.9 1907.35
24855.2 1907.35
26762.6 1907.35
28669.9 1907.35
30577.3 1907.35
32484.6 1907.35
34392 1907.35
34392 0
36299.3 1907.35
38206.7 1907.35
40114 1907.35
42021.4 1907.35
43928.7 1907.35
45836.1 1907.35
47743.4 1907.35
49650.8 1907.35
51558.1 1907.35
51558.1 0
53465.5 1907.35
55372.8 1907.35
57280.2 1907.35
59187.5 1907.35
61094.9 1907.35
63002.2 1907.35
64909.6 1907.35
66816.9 1907.35
68724.3 1907.35
70631.6 1907.35
72539 1907.35
72539 0
74446.3 1907.35
76353.6 1907.35
78261 1907.35
80168.3 1907.35
82075.7 1907.35
83983 1907.35
85890.4 1907.35
87797.7 1907.35
89705.1 1907.35
91612.4 1907.35
93519.8 1907.35
93519.8 0
95427.1 1907.35
97334.5 1907.35
99241.8 1907.35
101149 1907.35
103057 1907.35
104964 1907.35
106871 1907.35
108779 1907.35
110686 1907.35
112593 1907.35
114501 1907.35
116408 1907.35
118315 1907.35
118315 0
120223 1907.35
122130 1907.35
124037 1907.35
125945 1907.35
127852 1907.35
129759 1907.35
131667 1907.35
133574 1907.35
135481 1907.35
137389 1907.35
139296 1907.35
141204 1907.35
143111 1907.35
143111 0
145018 1907.35
146926 1907.35
148833 1907.35
150740 1907.35
152648 1907.35
154555 1907.35
156462 1907.35
158370 1907.35
160277 1907.35
162184 1907.35
164092 1907.35
165999 1907.35
167906 1907.35
169814 1907.35
171721 1907.35
171721 0
173628 1907.35
175536 1907.35
177443 1907.35
179350 1907.35
181258 1907.35
183165 1907.35
185073 1907.35
186980 1907.35
188887 1907.35
190795 1907.35
192702 1907.35
194609 1907.35
196517 1907.35
198424 1907.35
200331 1907.35
200331 0
202239 1907.35
204146 1907.35
206053 1907.35
207961 1907.35
209868 1907.35
211775 1907.35
213683 1907.35
215590 1907.35
217497 1907.35
219405 1907.35
221312 1907.35
223219 1907.35
225127 1907.35
227034 1907.35
228942 1907.35
230849 1907.35
232756 1907.35
232756 0
234664 1907.35
236571 1907.35
238478 1907.35
240386 1907.35
242293 1907.35
244200 1907.35
246108 1907.35
248015 1907.35
249922 1907.35
251830 1907.35
253737 1907.35
255644 1907.35
257552 1907.35
259459 1907.35
261366 1907.35
263274 1907.35
265181 1907.35
265181 0
267089 1907.35
268996 1907.35
270903 1907.35
272811 1907.35
274718 1907.35
276625 1907.35
278533 1907.35
280440 1907.35
282347 1907.35
284255 1907.35
286162 1907.35
288069 1907.35
289977 1907.35
291884 1907.35
293791 1907.35
295699 1907.35
297606 1907.35
299513 1907.35
301421 1907.35
301421 0
303328 1907.35
305235 1907.35
307143 1907.35
309050 1907.35
310958 1907.35
312865 1907.35
314772 1907.35
316680 1907.35
318587 1907.35
320494 1907.35
322402 1907.35
324309 1907.35
326216 1907.35
328124 1907.35
330031 1907.35
330556 524.67
349105 18548.8
351012 1907.35
352919 1907.35
354827 1907.35
356734 1907.35
358641 1907.35
360549 1907.35
362456 1907.35
364363 1907.35
366271 1907.35
367162 891.355
375807 8645.39
377715 1907.35
379622 1907.35
381529 1907.35
383437 1907.35
385344 1907.35
387251 1907.35
389159 1907.35
389159 0
391066 1907.35
392974 1907.35
394881 1907.35
395581 699.659
402510 6929.74
404418 1907.35
406325 1907.35
408232 1907.35
410140 1907.35
410140 0
412047 1907.35
413954 1907.35
415862 1907.35
417769 1907.35
419676 1907.35
419676 0
421584 1907.35
423491 1907.35
425398 1907.35
427306 1907.35
429213 1907.35
431120 1907.35
433028 1907.35
433028 0
434935 1907.35
436843 1907.35
438750 1907.35
440657 1907.35
442565 1907.35
444472 1907.35
446379 1907.35
446379 0
448287 1907.35
450194 1907.35
452101 1907.35
454009 1907.35
455916 1907.35
457823 1907.35
459731 1907.35
461638 1907.35
463545 1907.35
463545 0
465453 1907.35
467360 1907.35
469267 1907.35
471175 1907.35
473082 1907.35
474990 1907.35
476897 1907.35
478804 1907.35
480712 1907.35
480712 0
482619 1907.35
484526 1907.35
486434 1907.35
488341 1907.35
490248 1907.35
492156 1907.35
494063 1907.35
495970 1907.35
497878 1907.35
499785 1907.35
499785 0
501692 1907.35
503600 1907.35
505507 1907.35
507414 1907.35
509322 1907.35
511229 1907.35
513136 1907.35
515044 1907.35
516951 1907.35
518859 1907.35
520766 1907.35
522673 1907.35
522673 0
524581 1907.35
526488 1907.35
528395 1907.35
530303 1907.35
532210 1907.35
534117 1907.35
536025 1907.35
537932 1907.35
539839 1907.35
541747 1907.35
543654 1907.35
545561 1907.35
545561 0
547469 1907.35
549376 1907.35
551283 1907.35
553191 1907.35
555098 1907.35
557006 1907.35
558913 1907.35
560820 1907.35
562728 1907.35
564635 1907.35
566542 1907.35
568450 1907.35
570357 1907.35
572264 1907.35
572264 0
574172 1907.35
576079 1907.35
577986 1907.35
579894 1907.35
581801 1907.35
583708 1907.35
585616 1907.35
587523 1907.35
589430 1907.35
591338 1907.35
593245 1907.35
595152 1907.35
597060 1907.35
598967 1907.35
598967 0
600875 1907.35
602782 1907.35
604689 1907.35
606597 1907.35
608504 1907.35
610411 1907.35
612319 1907.35
614226 1907.35
616133 1907.35
618041 1907.35
619948 1907.35
621855 1907.35
623763 1907.35
625670 1907.35
627577 1907.35
629485 1907.35
629485 0
631392 1907.35
633299 1907.35
635207 1907.35
637114 1907.35
639021 1907.35
640929 1907.35
642836 1907.35
644744 1907.35
646651 1907.35
648558 1907.35
650466 1907.35
652373 1907.35
654280 1907.35
656188 1907.35
658095 1907.35
660002 1907.35
660002 0
661910 1907.35
663817 1907.35
665724 1907.35
667632 1907.35
669539 1907.35
671446 1907.35
673354 1907.35
675261 1907.35
677168 1907.35
679076 1907.35
680983 1907.35
682891 1907.35
684798 1907.35
686705 1907.35
688613 1907.35
690520 1907.35
692427 1907.35
694335 1907.35
694335 0
696242 1907.35
698149 1907.35
700057 1907.35
701964 1907.35
703871 1907.35
705779 1907.35
707686 1907.35
709593 1907.35
711501 1907.35
713408 1907.35
715315 1907.35
717223 1907.35
719130 1907.35
721037 1907.35
722945 1907.35
724852 1907.35
726760 1907.35
728667 1907.35
728667 0
730574 1907.35
732482 1907.35
734389 1907.35
736296 1907.35
738204 1907.35
740111 1907.35
742018 1907.35
743926 1907.35
745833 1907.35
747740 1907.35
749648 1907.35
751555 1907.35
753462 1907.35
755370 1907.35
757277 1907.35
759184 1907.35
761005 1820.25
778258 17253.2
780165 1907.35
782073 1907.35
783980 1907.35
785887 1907.35
787795 1907.35
789702 1907.35
791609 1907.35
793517 1907.35
794414 897.154
803053 8639.59
804961 1907.35
806868 1907.35
808776 1907.35
810683 1907.35
812590 1907.35
814498 1907.35
816405 1907.35
816405 0
818312 1907.35
820220 1907.35
822127 1907.35
824034 1907.35
825942 1907.35
826012 70.5715
833571 7558.82
835478 1907.35
837386 1907.35
839293 1907.35
841200 1907.35
841200 0
843108 1907.35
845015 1907.35
846922 1907.35
848830 1907.35
850737 1907.35
850737 0
852645 1907.35
854552 1907.35
856459 1907.35
858367 1907.35
860274 1907.35
862181 1907.35
864089 1907.35
864089 0
865996 1907.35
867903 1907.35
869811 1907.35
871718 1907.35
873625 1907.35
875533 1907.35
877440 1907.35
877440 0
879347 1907.35
881255 1907.35
883162 1907.35
885069 1907.35
886977 1907.35
888884 1907.35
890792 1907.35
892699 1907.35
894606 1907.35
894606 0
896514 1907.35
898421 1907.35
900328 1907.35
902236 1907.35
904143 1907.35
906050 1907.35
907958 1907.35
909865 1907.35
911772 1907.35
911772 0
913680 1907.35
915587 1907.35
917494 1907.35
919402 1907.35
921309 1907.35
923216 1907.35
925124 1907.35
927031 1907.35
928938 1907.35
930846 1907.35
930846 0
932753 1907.35
934661 1907.35
936568 1907.35
938475 1907.35
940383 1907.35
942290 1907.35
944197 1907.35
946105 1907.35
948012 1907.35
949919 1907.35
951827 1907.35
953734 1907.35
953734 0
955641 1907.35
957549 1907.35
959457 1908.35
961364 1907.35
963272 1907.35
965179 1907.35
967086 1907.35
968994 1907.35
970901 1907.35
972809 1907.35
974716 1907.35
976623 1907.35
976623 0
978531 1907.35
980438 1907.35
982345 1907.35
984253 1907.35
986160 1907.35
988067 1907.35
989975 1907.35
991882 1907.35
993789 1907.35
995697 1907.35
997604 1907.35
999511 1907.35
1.00142e+06 1907.35
1.00333e+06 1907.35
1.00333e+06 0
1.00523e+06 1907.35
1.00714e+06 1907.35
1.00905e+06 1907.35
1.01096e+06 1907.35
1.01286e+06 1907.35
1.01477e+06 1907.35
1.01668e+06 1907.35
1.01858e+06 1907.35
1.02049e+06 1907.35
1.0224e+06 1907.35
1.02431e+06 1907.35
1.02621e+06 1907.35
1.02812e+06 1907.35
1.03003e+06 1907.35
1.03003e+06 0
1.03194e+06 1907.35
1.03384e+06 1907.35
1.03575e+06 1907.35
1.03766e+06 1907.35
1.03957e+06 1907.35
1.04147e+06 1907.35
1.04338e+06 1907.35
1.04529e+06 1907.35
1.0472e+06 1907.35
1.0491e+06 1907.35
1.05101e+06 1907.35
1.05292e+06 1907.35
1.05482e+06 1907.35
1.05673e+06 1907.35
1.05864e+06 1907.35
1.06055e+06 1907.35
1.06055e+06 0
1.06245e+06 1907.35
1.06436e+06 1907.35
1.06627e+06 1907.35
1.06818e+06 1907.35
1.07008e+06 1907.35
1.07199e+06 1907.35
1.0739e+06 1907.35
1.07581e+06 1907.35
1.07771e+06 1907.35
1.07962e+06 1907.35
1.08153e+06 1907.35
1.08343e+06 1907.35
1.08534e+06 1907.35
1.08725e+06 1907.35
1.08916e+06 1907.35
1.09106e+06 1907.35
1.09106e+06 0
1.09297e+06 1907.35
1.09488e+06 1907.35
1.09679e+06 1907.35
1.09869e+06 1907.35
1.1006e+06 1907.35
1.10251e+06 1907.35
1.10442e+06 1907.35
1.10632e+06 1907.35
1.10823e+06 1907.35
1.11014e+06 1907.35
1.11204e+06 1907.35
1.11395e+06 1907.35
1.11586e+06 1907.35
1.11777e+06 1907.35
1.11967e+06 1907.35
1.12158e+06 1907.35
1.12349e+06 1907.35
1.1254e+06 1907.35
1.1254e+06 0
1.1273e+06 1907.35
1.12921e+06 1907.35
1.13112e+06 1907.35
1.13303e+06 1907.35
1.13493e+06 1907.35
1.13684e+06 1907.35
1.13875e+06 1907.35
1.14066e+06 1907.35
1.14256e+06 1907.35
1.14447e+06 1907.35
1.14638e+06 1907.35
1.14828e+06 1907.35
1.15019e+06 1907.35
1.1521e+06 1907.35
1.15401e+06 1907.35
1.15591e+06 1907.35
1.15782e+06 1907.35
1.15973e+06 1907.35
1.15973e+06 0
1.16164e+06 1907.35
1.16354e+06 1907.35
1.16545e+06 1907.35
1.16736e+06 1907.35
1.16927e+06 1907.35
1.17117e+06 1907.35
1.17308e+06 1907.35
1.17499e+06 1907.35
1.17689e+06 1907.35
1.1788e+06 1907.35
1.18071e+06 1907.35
1.18262e+06 1907.35
1.18452e+06 1907.35
1.18643e+06 1907.35
1.18834e+06 1907.35
1.19025e+06 1907.35
1.19207e+06 1820.25
1.20932e+06 17253.2
1.21123e+06 1907.35
1.21313e+06 1907.35
1.21504e+06 1907.35
1.21695e+06 1907.35
1.21886e+06 1907.35
1.22076e+06 1907.35
1.22267e+06 1907.35
1.22458e+06 1907.35
1.22548e+06 897.154
1.23412e+06 8639.59
1.23602e+06 1907.35
1.23793e+06 1907.35
1.23984e+06 1907.35
1.24174e+06 1907.35
1.24365e+06 1907.35
1.24556e+06 1907.35
1.24747e+06 1907.35
1.24747e+06 0
1.24937e+06 1907.35
1.25128e+06 1907.35
1.25319e+06 1907.35
1.2551e+06 1907.35
1.257e+06 1907.35
1.25707e+06 70.5715
1.26463e+06 7558.82
1.26654e+06 1907.35
1.26845e+06 1907.35
1.27035e+06 1907.35
1.27226e+06 1907.35
1.27226e+06 0
1.27417e+06 1907.35
1.27608e+06 1907.35
1.27798e+06 1907.35
1.27989e+06 1907.35
1.2818e+06 1907.35
1.2818e+06 0
1.28371e+06 1907.35
1.28561e+06 1907.35
1.28752e+06 1907.35
1.28943e+06 1907.35
1.29134e+06 1907.35
1.29324e+06 1907.35
1.29515e+06 1907.35
1.29515e+06 0
1.29706e+06 1907.35
1.29897e+06 1907.35
1.30087e+06 1907.35
1.30278e+06 1907.35
1.30469e+06 1907.35
1.30659e+06 1907.35
1.3085e+06 1907.35
1.3085e+06 0
1.31041e+06 1907.35
1.31232e+06 1907.35
1.31422e+06 1907.35
1.31613e+06 1907.35
1.31804e+06 1907.35
1.31995e+06 1907.35
1.32185e+06 1907.35
1.32376e+06 1907.35
1.32567e+06 1907.35
1.32567e+06 0
1.32758e+06 1907.35
1.32948e+06 1907.35
1.33139e+06 1907.35
1.3333e+06 1907.35
1.3352e+06 1907.35
1.33711e+06 1907.35
1.33902e+06 1907.35
1.34093e+06 1907.35
1.34283e+06 1907.35
1.34283e+06 0
1.34474e+06 1907.35
1.34665e+06 1907.35
1.34856e+06 1907.35
1.35046e+06 1907.35
1.35237e+06 1907.35
1.35428e+06 1907.35
1.35619e+06 1907.35
1.35809e+06 1907.35
1.36e+06 1907.35
1.36191e+06 1907.35
1.36191e+06 0
1.36381e+06 1907.35
1.36572e+06 1907.35
1.36763e+06 1907.35
1.36954e+06 1907.35
1.37144e+06 1907.35
1.37335e+06 1907.35
1.37526e+06 1907.35
1.37717e+06 1907.35
1.37907e+06 1907.35
1.38098e+06 1907.35
1.38289e+06 1907.35
1.3848e+06 1907.35
1.3848e+06 0
1.3867e+06 1907.35
1.38861e+06 1907.35
1.39052e+06 1907.35
1.39243e+06 1907.35
1.39433e+06 1907.35
1.39624e+06 1907.35
1.39815e+06 1907.35
1.40005e+06 1907.35
1.40196e+06 1907.35
1.40387e+06 1907.35
1.40578e+06 1907.35
1.40768e+06 1907.35
1.40768e+06 0
1.40959e+06 1907.35
1.4115e+06 1907.35
1.41341e+06 1907.35
1.41531e+06 1907.35
1.41722e+06 1907.35
1.41913e+06 1907.35
1.42104e+06 1907.35
1.42294e+06 1907.35
1.42485e+06 1907.35
1.42676e+06 1907.35
1.42866e+06 1907.35
1.43057e+06 1907.35
1.43248e+06 1907.35
1.43439e+06 1907.35
1.43439e+06 0
1.43629e+06 1907.35
1.4382e+06 1907.35
1.44011e+06 1907.35
1.44202e+06 1907.35
1.44392e+06 1907.35
1.44583e+06 1907.35
1.44774e+06 1907.35
1.44965e+06 1907.35
1.45155e+06 1907.35
1.45346e+06 1907.35
1.45537e+06 1907.35
1.45728e+06 1907.35
1.45918e+06 1907.35
1.46109e+06 1907.35
1.46109e+06 0
1.463e+06 1907.35
1.4649e+06 1907.35
1.46681e+06 1907.35
1.46872e+06 1907.35
1.47063e+06 1907.35
1.47253e+06 1907.35
1.47444e+06 1907.35
1.47635e+06 1907.35
1.47826e+06 1907.35
1.48016e+06 1907.35
1.48207e+06 1907.35
1.48398e+06 1907.35
1.48589e+06 1907.35
1.48779e+06 1907.35
1.4897e+06 1907.35
1.49161e+06 1907.35
1.49161e+06 0
1.49351e+06 1907.35
1.49542e+06 1907.35
1.49733e+06 1907.35
1.49924e+06 1907.35
1.50114e+06 1907.35
1.50305e+06 1907.35
1.50496e+06 1907.35
1.50687e+06 1907.35
1.50877e+06 1907.35
1.51068e+06 1907.35
1.51259e+06 1907.35
1.5145e+06 1907.35
1.5164e+06 1907.35
1.51831e+06 1907.35
1.52022e+06 1907.35
1.52212e+06 1907.35
1.52212e+06 0
1.52403e+06 1907.35
1.52594e+06 1907.35
1.52785e+06 1907.35
1.52975e+06 1907.35
1.53166e+06 1907.35
1.53357e+06 1907.35
1.53548e+06 1907.35
1.53738e+06 1907.35
1.53929e+06 1907.35
1.5412e+06 1907.35
1.54311e+06 1907.35
1.54501e+06 1907.35
1.54692e+06 1907.35
1.54883e+06 1907.35
1.55074e+06 1907.35
1.55264e+06 1907.35
1.55455e+06 1907.35
1.55646e+06 1907.35
1.55646e+06 0
1.55836e+06 1907.35
1.56027e+06 1907.35
1.56218e+06 1907.35
1.56409e+06 1907.35
1.56599e+06 1907.35
1.5679e+06 1907.35
1.56981e+06 1907.35
1.57172e+06 1907.35
1.57362e+06 1907.35
1.57553e+06 1907.35
1.57744e+06 1907.35
1.57935e+06 1907.35
1.58125e+06 1907.35
1.58316e+06 1907.35
1.58507e+06 1907.35
1.58697e+06 1907.35
1.58888e+06 1907.35
1.59079e+06 1907.35
1.59079e+06 0
1.5927e+06 1907.35
1.5946e+06 1907.35
1.59651e+06 1907.35
1.59842e+06 1907.35
1.60033e+06 1907.35
1.60223e+06 1907.35
1.60414e+06 1907.35
1.60605e+06 1907.35
1.60796e+06 1907.35
1.60986e+06 1907.35
1.61177e+06 1907.35
1.61368e+06 1907.35
1.61558e+06 1907.35
1.61749e+06 1907.35
1.6194e+06 1907.35
1.62131e+06 1907.35
1.62313e+06 1820.25
1.64038e+06 17253.2
1.64229e+06 1907.35
1.6442e+06 1907.35
1.6461e+06 1907.35
1.64801e+06 1907.35
1.64992e+06 1907.35
1.65182e+06 1907.35
1.65373e+06 1907.35
1.65564e+06 1907.35
1.65654e+06 897.154
1.66518e+06 8639.59
1.66708e+06 1907.35
1.66899e+06 1907.35
1.6709e+06 1907.35
1.67281e+06 1907.35
1.67471e+06 1907.35
1.67662e+06 1907.35
1.67853e+06 1907.35
1.67853e+06 0
1.68043e+06 1907.35
1.68234e+06 1907.35
1.68425e+06 1907.35
1.68616e+06 1907.35
1.68806e+06 1907.35
1.68813e+06 70.5715
1.69569e+06 7558.82
1.6976e+06 1907.35
1.69951e+06 1907.35
1.70142e+06 1907.35
1.70332e+06 1907.35
1.70332e+06 0
1.70523e+06 1907.35
1.70714e+06 1907.35
1.70905e+06 1907.35
1.71095e+06 1907.35
1.71286e+06 1907.35
1.71286e+06 0
1.71477e+06 1907.35
1.71667e+06 1907.35
1.71858e+06 1907.35
1.72049e+06 1907.35
1.7224e+06 1907.35
1.7243e+06 1907.35
1.72621e+06 1907.35
1.72621e+06 0
1.72812e+06 1907.35
1.73003e+06 1907.35
1.73193e+06 1907.35
1.73384e+06 1907.35
1.73575e+06 1907.35
1.73766e+06 1907.35
1.73956e+06 1907.35
1.73956e+06 0
1.74147e+06 1907.35
1.74338e+06 1907.35
1.74528e+06 1907.35
1.74719e+06 1907.35
1.7491e+06 1907.35
1.75101e+06 1907.35
1.75291e+06 1907.35
1.75482e+06 1907.35
1.75673e+06 1907.35
1.75673e+06 0
1.75864e+06 1907.35
1.76054e+06 1907.35
1.76245e+06 1907.35
1.76436e+06 1907.35
1.76627e+06 1907.35
1.76817e+06 1907.35
1.77008e+06 1907.35
1.77199e+06 1907.35
1.77389e+06 1907.35
1.77389e+06 0
1.7758e+06 1907.35
1.77771e+06 1907.35
1.77962e+06 1907.35
1.78152e+06 1907.35
1.78343e+06 1907.35
1.78534e+06 1907.35
1.78725e+06 1907.35
1.78915e+06 1907.35
1.79106e+06 1907.35
1.79297e+06 1907.35
1.79297e+06 0
1.79488e+06 1907.35
1.79678e+06 1907.35
1.79869e+06 1907.35
1.8006e+06 1907.35
1.80251e+06 1907.35
1.80441e+06 1907.35
1.80632e+06 1907.35
1.80823e+06 1907.35
1.81013e+06 1907.35
1.81204e+06 1907.35
1.81395e+06 1907.35
1.81586e+06 1907.35
1.81586e+06 0
1.81776e+06 1907.35
1.81967e+06 1907.35
1.82158e+06 1907.35
1.82349e+06 1907.35
1.82539e+06 1907.35
1.8273e+06 1907.35
1.82921e+06 1907.35
1.83112e+06 1907.35
1.83302e+06 1907.35
1.83493e+06 1907.35
1.83684e+06 1907.35
1.83874e+06 1907.35
1.83874e+06 0
1.84065e+06 1907.35
1.84256e+06 1907.35
1.84447e+06 1907.35
1.84637e+06 1907.35
1.84828e+06 1907.35
1.85019e+06 1907.35
1.8521e+06 1907.35
1.854e+06 1907.35
1.85591e+06 1907.35
1.85782e+06 1907.35
1.85973e+06 1907.35
1.86163e+06 1907.35
1.86354e+06 1907.35
1.86545e+06 1907.35
1.86545e+06 0
1.86736e+06 1907.35
1.86926e+06 1907.35
1.87117e+06 1907.35
1.87308e+06 1907.35
1.87498e+06 1907.35
1.87689e+06 1907.35
1.8788e+06 1907.35
1.88071e+06 1907.35
1.88261e+06 1907.35
1.88452e+06 1907.35
