111.759 0
340.425 1500
452.184 0
895.219 1500
1006.98 3000
1118.74 1500
1230.49 0
1901.05 1500
2012.81 0
2127.56 1500
2239.32 3000
2351.08 1500
2462.84 3000
2574.6 1500
2686.36 0
4923.53 1500
5035.29 1500
5147.05 0
5368.57 0
7382.22 1500
7493.98 1500
7605.74 0
8718.33 1500
8830.09 1500
8941.85 0
9840.92 1500
9952.67 3000
10064.4 1500
10176.2 0
11405.5 0
11517.3 1500
11629.1 0
11850.6 1500
11962.3 0
13305.4 0
13752.5 0
13864.2 0
15312.1 0
15423.9 0
15535.6 1500
15647.4 0
16876.7 0
17103.2 0
17217 3000
17328.7 1500
17440.5 0
19005.1 1500
19116.9 1500
19228.6 0
20453 0
20564.8 0
20791.3 1500
20903 0
21798.1 0
22020.6 0
22353.9 0
22465.6 1500
22577.4 0
23586.2 0
23699 0
24030.3 0
24142 0
24253.8 0
25150.9 3000
25262.6 1500
25374.4 0
25596.9 0
27163.5 0
27385 3000
27496.8 1500
27608.6 0
28834.9 0
29286.9 1500
29398.7 0
30399.5 0
30734.8 0
30847.6 0
31966.1 1500
32077.9 0
33310.2 1500
33422 1500
33533.8 0
34424.8 1500
34536.6 0
34761.1 1500
34872.9 0
35989.5 1500
36101.2 0
36325.7 0
38112.9 1500
38224.6 0
38337.4 0
39789.2 0
40013.8 3000
40125.5 1500
40237.3 0
41800.9 0
42025.4 0
42139.2 1500
42250.9 0
