228.666 0
783.46 0
895.219 0
1789.29 0
2015.81 0
2128.56 0
2351.08 0
3917.7 0
4024.46 0
4364.74 0
4476.5 0
4588.26 0
4811.77 0
5033.29 0
5256.81 0
7270.47 0
7377.22 0
7491.98 0
7603.74 0
8498.81 0
8606.57 0
8718.33 0
9729.16 0
9835.92 0
9950.67 0
11293.8 0
11405.5 0
11515.3 0
11738.8 0
13193.7 0
13300.4 0
13415.2 0
13640.7 0
13752.5 0
15200.3 0
15312.1 0
15423.9 0
16765 0
16991.5 0
17105.2 0
17215 0
18329.6 0
18669.9 0
18781.6 0
18893.4 0
19114.9 0
20341.2 0
20453 0
20679.5 0
21686.3 0
21908.9 0
22242.1 0
22353.9 0
23474.5 0
23587.2 0
23918.5 0
24030.3 0
24142 0
25039.1 0
25146.9 0
25485.1 0
25708.7 0
25818.4 0
26827.2 0
27051.8 0
27273.3 0
27383 0
28723.1 0
28946.7 0
29059.4 0
29175.2 0
30287.8 0
30623 0
30735.8 0
31854.4 0
32190.7 0
32416.2 0
33198.5 0
33420 0
34313.1 0
34422.8 0
34649.3 0
35877.7 0
35987.5 0
36214 0
36437.5 0
37889.4 0
38001.1 0
38225.6 0
39677.5 0
39902 0
40010.8 0
41689.1 0
41913.7 0
42027.4 0
42137.2 0
43927.3 0
44036.1 0
44147.8 0
44262.6 0
