4473.5 16.6549
10433 12.5021
12667.1 18.1863
21608.8 13.3333
23097.9 17.6485
25338.1 17.6401
26828.2 21.0452
35763.9 21.0541
37258.1 23.805
40239.3 16.6667
46194.7 21.4286
47685.9 21.4347
48429.9 27.2894
49179 33.3371
55880.5 30.7692
58120.7 28.5605
58860.7 28.5714
59609.8 28.5714
60354.9 33.3333
67801.4 31.25
71531.7 27.7778
72271.8 27.7778
73021.8 27.7757
73766.9 27.7757
81213.5 18.1907
81957.5 25.014
83451.7 23.0793
91646.3 21.4245
92388.3 21.4286
93882.5 21.4286
94628.5 26.6643
104310 23.5331
105803 22.2156
107294 22.2222
108037 22.2272
109529 25.0017
119956 23.8095
120701 25.0067
122196 24.9983
122938 25
123685 26.3158
131876 23.0888
132621 23.0817
133369 23.0817
141564 23.0722
143056 21.4204
143799 26.6619
144544 26.6667
154228 23.5331
156468 12.4969
157210 17.6471
167639 16.6667
169879 16.6667
170621 16.6667
181795 15.7895
184035 15.7895
184781 20
185526 19.996
198192 18.1763
198932 11.1153
207872 15.3926
209366 20.0018
210857 18.7437
219793 18.75
221283 18.7563
222028 20.0072
222778 25
233204 22.2222
235439 21.0526
236185 21.0526
236935 21.0511
237680 24.9983
246615 27.7778
249601 17.6471
250346 17.6471
260026 16.6667
263752 15.7951
274929 9.99933
277168 11.107
286850 12.5
289829 11.7694
291319 15.7951
300261 16.6667
303245 16.6605
305475 15.7895
306223 19.996
315907 19.0476
316652 22.2289
318886 22.2222
320380 21.0511
330067 21.0467
330812 24.9933
331556 24.995
333791 24.9933
334535 26.3176
344968 25
345709 25.0067
346458 28.5714
347202 28.5714
353160 30
