2241.32 33.2419
6709.67 16.6741
8199.79 25.0084
14906.3 18.1796
16394.4 23.0793
28317.4 11.1111
31296.6 9.99933
41728.4 11.1111
50669.1 8.33333
61845 6.66667
63333.1 11.7666
74511 11.7647
75256 12.4979
82706.6 18.1818
84194.7 23.0817
93133.4 14.2912
95372.6 13.3309
106549 11.107
108784 11.1111
111019 14.2857
121451 15
125175 10.5263
131136 15.3846
135605 14.2871
140073 16.6741
142312 20
146781 20
151998 18.7437
154973 17.654
155722 22.2239
159447 23.5294
165404 22.2305
168384 22.2222
169133 22.2222
173603 21.0526
174348 25
178815 27.7778
182540 26.3158
183289 26.3158
188504 25
189251 24.9966
189993 28.5733
201171 17.6457
201915 17.6498
202659 17.6471
212347 20
213091 25.0021
213836 25
214580 25
224268 25
225756 23.5313
226502 23.5294
227246 27.7798
227994 27.7716
239169 25
240657 25
241403 16.6692
252579 16.6679
254069 16.6654
254814 16.6667
265990 16.6667
267479 20.0013
268969 20.0013
269714 20.0013
279402 22.2206
280146 23.5276
280890 27.7778
281635 29.4118
282383 29.4048
293557 26.3176
294302 26.3158
295046 17.6512
308458 15
309203 15
309947 15
322616 15.7872
323359 20
324103 20.0013
324848 20
336770 21.0556
337517 21.0497
338260 25.0017
339008 24.995
340495 23.8095
349436 29.4118
350181 20.0036
350925 21.4286
355397 37.5
356142 37.5
356886 37.5
357631 44.4444
362102 44.4444
362847 44.4444
363591 44.4444
364337 44.4444
365082 50
370298 45.4545
371043 45.4545
371788 45.449
372535 45.4379
