4473.5 16.6549
10433 7.14139
12667.1 11.7636
21608.8 6.89587
23097.9 9.67694
25338.1 8.82139
26828.2 11.1086
35763.9 8.33307
37258.1 9.99862
40239.3 5.55471
46940.8 4.76169
47684.9 4.68739
55135.4 1.35132
55880.5 2.66661
64821.2 2.29881
65566.3 2.27269
76742.1 1.94172
78232.2 2.8571
78982.3 2.82997
90153.2 0.826436
90898.2 1.63932
100584 1.48146
113251 0.657882
114745 1.29863
128156 0.581367
128901 1.15601
141562 0.526312
142307 1.04711
153483 0.970867
154228 0.966176
167639 0.888883
169134 1.32154
170623 1.31
184035 0.80969
185525 0.803191
195207 0.76335
196696 0.757571
197442 1.13207
207873 1.07526
210113 1.0638
210858 1.06004
211602 1.40842
224265 1.32889
226503 1.31576
227244 1.31147
227994 1.30715
238420 1.24999
239170 1.55759
240659 0.928773
251087 0.8902
251831 0.88757
253325 0.882335
262263 0.852266
263756 0.847441
265246 1.12357
265987 1.12044
274929 1.084
277168 1.07524
278657 1.0695
279403 1.3333
280147 1.32976
291324 1.27875
293559 1.26901
295794 1.25942
296534 1.25628
297279 1.25313
298773 1.49623
308455 0.724635
309200 0.963852
309945 0.961535
311439 0.956922
319631 0.932398
321126 0.928056
321871 0.925908
322616 1.15471
324105 1.14941
332297 0.672643
333042 0.671139
333787 0.669641
341238 0.65502
342732 0.652164
343478 0.867663
344222 0.865788
352419 0.845651
353908 0.842093
354654 0.840322
355398 1.0482
356888 1.04383
359867 1.03518
360612 1.03305
361359 1.03091
362103 1.02879
365828 0.610991
366573 0.609749
367318 0.608512
371043 0.602403
372534 0.599992
373278 0.798394
374023 0.796804
377751 0.788942
