2252.17 0
6722.52 0
9702.75 0
17153.3 1
18643.5 1
19388.5 1
21623.7 1
30564.4 2
33544.6 2
34289.7 2
43975.4 2
44720.5 2
46210.6 2
58131.5 2
58876.6 2
69307.4 2
70052.5 2
83463.5 2
84208.6 2
85698.7 2
99854.8 2
100600 2
102090 2
102835 2
111776 2
112521 2
121461 2
122207 2
122952 2
132637 2
133382 2
134127 2
135618 2
147538 2
148284 2
149029 2
150519 2
151264 2
159459 2
160950 2
161695 2
169145 2
169890 2
170635 2
178086 2
178831 2
189262 2
190007 2
191497 2
201183 2
201928 2
202673 2
203418 2
213849 2
214594 2
216084 2
226515 2
235455 2
236200 2
245141 2
245886 2
257062 2
257807 2
259297 2
271218 2
271963 2
272708 2
273453 2
283884 2
284629 2
285374 2
286119 2
287609 2
298785 2
299530 2
309216 2
309961 2
311451 2
316667 2
317412 2
318902 2
320392 2
325607 2
326352 2
327843 2
329333 2
330823 2
336783 2
337528 2
339018 2
341254 2
341999 2
345724 2
347214 2
347959 2
353175 2
354665 2
356155 2
356900 2
362860 2
364350 2
366586 2
367331 2
