2241.32 33.2419
6709.67 11.1042
8199.79 18.1726
14906.3 9.99655
16394.4 13.6337
28317.4 5.2622
31296.6 4.76127
41728.4 3.57099
43961.6 3.38959
52904.3 2.81663
54392.4 4.10935
56627.6 3.94715
67060.4 3.33308
68549.5 3.26067
69296.5 4.30069
80470.4 1.85176
81215.5 2.75215
81959.5 2.72717
90156.2 2.47922
90901.2 2.4589
91645.3 2.43894
92390.3 3.2257
102822 2.89843
103567 2.87758
104311 2.85706
105056 2.83679
105801 3.52102
119215 3.12484
119958 3.10548
120703 3.08634
121448 3.06741
122193 3.0487
132624 2.8089
133370 3.35185
134114 3.33326
134859 3.31484
135604 3.29663
136349 3.27861
146036 3.06114
146781 3.0456
147525 3.53528
148270 3.51751
149015 3.49993
149760 3.48251
150508 3.4652
162427 3.21093
163172 3.19627
163919 3.1817
164661 3.61984
174348 1.28202
175093 1.70209
175837 1.69488
176582 2.10967
178072 2.09201
184779 2.01608
185524 2.00799
186268 1.99997
187013 1.992
188503 1.97625
189247 2.36218
198190 2.25559
198935 2.24714
199679 2.23877
200424 2.23045
201917 2.21395
202662 2.20582
203407 2.56403
213093 2.44748
213838 2.43895
214580 2.43052
216814 1.37456
224267 1.32888
225012 1.32448
225759 1.3201
234697 0.634909
235442 0.94935
236187 0.94636
247363 0.903599
248108 0.900886
248853 0.898192
249601 1.194
262265 1.13635
263010 0.566563
276421 0.539075
277166 0.80644
277910 0.80428
292067 0.765295
292812 0.763348
293556 0.761413
294301 1.01265
308458 0.966171
309203 0.963842
309947 0.961529
310692 0.959223
311437 1.19616
324849 1.14677
325595 1.14415
326340 1.14154
327084 1.13894
337517 0.66224
