1495.27 49.8278
5216.56 14.2826
5964.61 24.9826
14160.3 10.5232
15650.4 9.52128
27573.3 5.4042
29061.4 5.12747
40979.3 3.63626
42472.5 3.50843
43216.5 5.17204
52160.2 4.28521
53648.3 4.16634
55138.4 4.05375
55882.5 5.33303
66316.3 4.49397
67804.4 4.39534
78981.3 1.88667
79727.4 2.80352
88663.1 1.68065
89412.1 1.66657
100584 1.48146
101333 1.47051
102077 2.18969
116234 1.92299
116979 1.91074
117724 1.89865
118470 2.51559
129645 2.29876
131134 1.13633
131880 1.69485
143056 1.56244
144545 1.54635
145290 1.53842
159448 1.40182
160193 1.86041
160937 1.8518
161682 1.84327
171369 1.73908
172114 1.73155
172860 2.1551
173603 2.14587
182541 1.22448
183289 1.21948
184033 1.21455
195210 1.14501
195955 1.14065
196699 1.51512
197445 1.5094
209366 1.42345
210112 1.4184
210856 1.4134
211601 1.76053
212346 1.75435
222032 1.67781
222778 1.6722
223523 1.66663
231714 0.964625
233207 0.958449
233953 0.955393
243639 0.917412
245128 0.911839
245874 0.909072
246618 1.20844
257795 1.15605
259284 1.14941
260031 1.1461
260774 1.14284
261520 1.42448
272696 1.36609
273441 1.36237
274186 1.35868
274931 1.35499
275676 1.35133
287598 1.29531
288343 1.55036
289087 1.54637
289832 1.54239
290577 1.53844
291322 1.5345
303244 1.47418
303989 1.47056
304733 1.71147
305478 1.70729
306223 1.70314
306968 1.69901
307713 1.69489
318890 1.63549
319636 1.63167
320379 1.62789
321124 1.85612
321871 1.85182
322616 1.84754
323361 1.84328
324106 1.83905
333792 1.78568
334536 1.78171
335280 0.888878
336027 1.10863
336772 1.10617
343473 1.0846
