561.943 19.8879
1455.01 12.514
1677.53 20.0359
3243.15 12.5
3465.67 16.675
3577.43 17.6471
3800.95 21.0526
6488.15 10.3321
6822.43 9.36714
7046.95 6.24127
7158.71 6.0524
7382.22 2.93731
7605.74 2.77433
7717.5 0
7829.26 0
9502.64 6.67862
10060.4 20.0359
10173.2 33.3333
11179 19.9821
11292.8 27.2063
11512.3 25.0373
11740.8 28.5168
12631.9 30.7692
12858.4 28.5532
12970.2 30.6637
13303.4 28.608
14531.8 23.5294
14645.5 27.7502
14758.3 29.4118
14865.1 29.4894
15200.3 29.4583
16545.4 27.7502
16657.2 27.7778
16765 31.6385
16876.7 31.6535
17100.2 30
17323.7 31.5789
18778.6 25.0224
18892.4 25
19004.1 19.9643
19116.9 19.9554
19228.6 23.7589
19340.4 24.9442
19447.2 21.0526
20681.5 15.3846
20792.3 21.4423
20900 21.4973
21123.5 26.6667
22133.4 30.7904
22245.1 30.7692
22352.9 30.7692
22576.4 30.7692
22691.2 35.6459
23809.8 33.3333
23921.5 33.3333
24033.3 33.254
24252.8 33.3333
24481.3 31.2151
24699.8 33.3831
25595.9 37.542
25822.4 29.3963
25933.2 29.4118
26157.7 29.3346
26267.4 31.285
26493 24.9303
27387 24.9581
27497.8 23.5047
27945.8 13.3174
28164.3 20.0598
29059.4 20.0478
29174.2 26.6667
29505.4 21.4973
29734 21.3603
30628 21.3739
30846.6 13.3652
31075.1 17.6378
31969.1 8.33333
32188.7 16.6542
32525.9 15.4058
33753.3 14.2857
34090.6 14.2857
35433.7 13.3016
35878.7 12.5
35990.5 11.7647
37106 13.3652
37666.8 12.5
38674.7 14.2493
39343.2 13.3333
40458.8 12.528
40907.8 14.2857
41019.6 20
41911.7 23.0769
42248.9 25
42360.7 25
42581.2 28.6263
43476.3 21.4286
43813.6 21.4286
44039.1 19.9762
44257.6 20
45713.5 6.67463
