3424.38 2955.38
10877 7452.58
12365.1 8939.7
23544.9 12668
26525.2 14160.1
34715.8 11170.9
35464.9 8939.7
36208.9 9682.75
44401.6 9685.75
45150.6 9685.75
45894.7 9685.75
46639.7 10429.8
57067.6 12666
57816.6 12666
58560.7 12666
59305.7 12666
69733.5 12666
70478.6 13410
71226.7 13410
71971.7 13411
72716.8 13411
84638.7 14905.2
85383.8 14905.2
86129.8 15650.2
86872.9 15646.2
99539.9 14156.1
100285 14900.2
101031 14901.2
112951 12666
113696 12665
115185 14153.1
125617 12666
126362 12666
127851 12666
137539 11921.9
138284 12666
139027 12665
139772 11920.9
149460 11920.9
150204 11919.9
150948 12663
151693 12666
153183 13411
162121 12661
162866 12662
163614 12666
164359 12666
165849 14155.1
167339 14156.1
175536 13415
176277 13411
177027 13413
177772 13413
179260 13411
180003 14153.1
188202 11174.9
188943 11170.9
190436 11175.9
191179 11175.9
201613 13411
202354 13411
203849 13413
204590 14153.1
205337 14158.1
218745 14896.2
219491 14901.2
220236 14899.2
233650 14905.2
235139 15648.2
247061 13411
256747 9685.75
257489 10426.8
268668 11920.9
270157 12668
283569 14901.2
284311 15642.2
285058 14901.2
299216 15647.2
299957 15646.2
300703 16390.3
301452 16393.3
314114 13411
314859 13407
316351 14898.2
324544 10430.8
326037 11177.9
327527 11175.9
335719 11174.9
336465 11919.9
337957 11920.9
340191 12664
349880 14161.1
350621 14156.1
351370 14904.2
352859 14901.2
354349 14158.1
360306 8935.7
361799 8940.7
362542 8193.64
367012 6705.52
