2683.32 2242.32
10131.9 7448.58
11623 8938.7
22794.9 12663
25033.1 13410
33970.8 11175.9
42911.5 8940.7
43656.5 9684.75
54832.4 11920.9
56322.5 12666
66008.3 11175.9
67502.4 12669
68992.5 12670
79424.3 13416
80913.4 13411
81659.5 14156.1
83148.6 14156.1
92830.3 13406
94324.5 13411
95070.5 13411
96559.6 13411
98049.8 14900.2
106246 13416
107736 13411
108477 13406
109971 13411
111457 13407
112202 14151.1
117418 11171.9
118909 11173.9
119652 11175.9
121147 11175.9
123383 11925.9
124128 11925.9
124872 12669
130084 12666
132320 13411
133063 13411
134558 13411
135304 11920.9
136048 11919.9
136794 11921.9
142751 12667
143495 13410
145731 13411
147224 14160.1
148714 14156.1
156162 12667
156907 13411
158400 12669
159891 12667
161380 12666
170321 14159.1
172554 12663
174046 12666
182238 11916.9
185220 12666
185963 11916.9
186712 12665
194160 11921.9
197886 12666
198629 12666
199374 12662
200123 13410
209060 14900.2
213532 15646.2
215024 16395.3
215765 16391.3
216514 16391.3
223963 14902.2
224707 15645.2
228433 14901.2
229926 14902.2
230671 14906.2
231415 14901.2
243334 13408
244079 13408
244822 14150.1
245572 14157.1
253765 8942.7
254510 9686.75
255257 9684.75
264939 11173.9
265686 11175.9
266431 11173.9
267178 11919.9
278355 13416
279844 14158.1
280587 14156.1
281334 14156.1
282079 14900.2
293996 15641.2
295490 15646.2
296235 15648.2
296980 15646.2
297725 15646.2
309647 15651.2
310392 16395.3
311137 15647.2
311882 15647.2
