2984.38 2984.38
7454.73 4470.35
8942.85 5958.46
17139.5 9684.75
18628.6 11173.9
19377.7 10434.8
20122.7 11179.9
32785.7 13408
33533.8 13411
35019.9 14897.2
43217.5 10431.8
43961.6 10427.8
45450.7 10430.8
46194.7 11174.9
55138.4 11920.9
55883.5 11921.9
57371.6 11920.9
58115.7 11920.9
69294.5 14156.1
70039.6 14901.2
70782.7 14899.2
72272.8 14901.2
73016.8 14901.2
83449.7 14155.1
84195.7 14156.1
84938.8 14899.2
99096.9 15647.2
99841.9 15646.2
100587 16391.3
116233 16391.3
116978 16391.3
130389 14156.1
131134 14156.1
131877 14899.2
142310 11920.9
143057 11922.9
143798 11920.9
144543 12666
156466 14156.1
157211 14154.1
157958 14160.1
158704 14160.1
170622 12664
171368 13409
172111 13407
184779 14156.1
185524 14156.1
186269 14158.1
187012 14901.2
198190 13411
199678 14154.1
200427 14158.1
201172 14160.1
201913 14901.2
213091 14901.2
213836 14158.1
214581 14154.1
215324 14152.1
216069 14156.1
225012 11920.9
226500 13409
227247 13411
227992 13411
228739 13415
229484 13415
239915 14903.2
242148 13409
242893 13409
244381 14897.2
252578 12663
254812 12664
256302 13409
257049 12668
264499 11920.9
265989 13411
267480 12668
268968 12666
279401 11920.9
280889 13409
281636 12668
295049 15648.2
296535 15646.2
297282 15646.2
298029 16393.3
307713 12664
309201 11171.9
309948 11918.9
319633 11919.9
321126 11924.9
330810 9683.75
331555 10428.8
341241 10430.8
341986 10430.8
350181 8940.7
350926 9685.75
351670 9683.75
359869 9687.75
360614 9687.75
361359 10432.8
362104 10434.8
