8574.69 0
13148.4 0
17722.1 0
22295.8 0
22679.2 0
26869.5 0
27256.9 0
31443.2 0
31834.6 0
36016.9 0
36400.3 0
36781.8 0
40590.6 0
40978 0
41359.5 0
45164.3 0
45555.7 0
45937.2 0
49737.9 0
50133.4 0
50514.9 0
50896.4 0
54311.6 0
54709.1 0
55092.6 0
55474.1 0
58885.3 0
59284.8 0
59670.3 0
60051.7 0
63459 0
63858.5 0
64246 0
64627.4 0
65008.9 0
68032.7 0
68432.2 0
68819.7 0
69203.1 0
69586.6 0
72606.4 0
73005.9 0
73393.4 0
73778.8 0
74164.3 0
77180.1 0
77579.6 0
77967.1 0
78350.5 0
78732 0
79113.5 0
81754.8 0
82153.3 0
82540.7 0
82924.2 0
83305.7 0
83689.2 0
86329.5 0
86729 0
87114.4 0
87497.9 0
87879.4 0
88264.9 0
90935.1 0
91314.6 0
91696.1 0
92077.6 0
92459 0
92840.5 0
95510.8 0
95890.3 0
96271.8 0
96653.2 0
97034.7 0
97416.2 0
100087 0
100466 0
100847 0
101229 0
101610 0
101992 0
105042 0
105423 0
105805 0
106186 0
106568 0
106949 0
109619 0
110001 0
110382 0
110764 0
111145 0
111527 0
114197 0
114578 0
114960 0
115341 0
115723 0
116104 0
118775 0
119156 0
119538 0
119919 0
120300 0
120682 0
123352 0
123734 0
124115 0
124497 0
124878 0
125260 0
127930 0
128311 0
128693 0
129074 0
129456 0
129837 0
132508 0
132889 0
133270 0
133652 0
134033 0
134415 0
137085 0
137467 0
137848 0
138230 0
138611 0
138993 0
141663 0
142044 0
142426 0
142807 0
143189 0
143570 0
146240 0
146622 0
147003 0
147385 0
147766 0
148148 0
150818 0
151200 0
151581 0
151962 0
152344 0
152725 0
155396 0
155777 0
156159 0
156540 0
156922 0
157303 0
159973 0
160355 0
160736 0
161118 0
161499 0
161881 0
164551 0
164932 0
165314 0
165695 0
166077 0
166458 0
169129 0
169510 0
169892 0
170273 0
170654 0
171036 0
173706 0
174088 0
174469 0
174851 0
175232 0
175614 0
178284 0
178665 0
179047 0
179428 0
179810 0
180191 0
182862 0
183243 0
183624 0
184006 0
184387 0
184769 0
187439 0
187821 0
188202 0
188584 0
188965 0
189347 0
192017 0
192398 0
192780 0
193161 0
193543 0
193924 0
196594 0
196976 0
197357 0
197739 0
198120 0
198502 0
201172 0
201554 0
201935 0
202316 0
202698 0
203079 0
205750 0
206131 0
206513 0
206894 0
207276 0
207657 0
210327 0
210709 0
211090 0
211472 0
211853 0
212235 0
214905 0
215286 0
215668 0
216049 0
216431 0
216812 0
219483 0
219864 0
220246 0
220627 0
221008 0
221390 0
224060 0
224442 0
224823 0
225205 0
225586 0
225968 0
228638 0
229019 0
229401 0
229782 0
230164 0
230545 0
233216 0
233597 0
233978 0
234360 0
234741 0
235123 0
237793 0
238175 0
238556 0
238938 0
239319 0
239701 0
242371 0
242752 0
243134 0
243515 0
243897 0
244278 0
246948 0
247330 0
247711 0
248093 0
248474 0
248856 0
251526 0
251908 0
252289 0
252670 0
253052 0
253433 0
256104 0
256485 0
256867 0
257248 0
257630 0
258011 0
260681 0
261063 0
261444 0
261826 0
262207 0
262589 0
265259 0
265640 0
266022 0
266403 0
266785 0
267166 0
269837 0
270218 0
270600 0
270981 0
271362 0
271744 0
274414 0
274796 0
275177 0
275559 0
275940 0
276322 0
278992 0
279373 0
279755 0
280136 0
280518 0
280899 0
283570 0
283951 0
284332 0
284714 0
285095 0
285477 0
288147 0
288529 0
288910 0
289292 0
289673 0
290055 0
292725 0
293106 0
293488 0
293869 0
294251 0
294632 0
297302 0
297684 0
298065 0
298447 0
298828 0
299210 0
