7633.88 2
13740.9 3
16795.6 4
24423 5
27476.8 6
30528.6 7
36630.1 2
39683.8 3
42735.6 4
45787.3 4.25
51894.4 4.48529
58001.4 2
64104.9 3
70208.4 2
73263.1 2.5
80890.5 2.9
83944.3 3.24483
91571.7 3.55301
94625.5 3.83446
97677.2 4.09525
105305 4.33944
108358 4.56988
111410 4.78871
120563 4.99753
123617 5.19763
126669 5.39003
132770 2
135824 3
138876 3.33333
141928 3.63333
146503 3.90856
149557 4.16441
154133 4.40454
157186 4.63158
160238 4.84749
166340 5.05378
169394 2
172445 3
178547 3.33333
181601 3.63333
189228 3.90856
192282 4.16441
201435 4.40454
204489 2
207540 3
216694 3.33333
219748 3.63333
228901 3.90856
231955 4.16441
241108 2
244162 3
247213 3.33333
254841 3.63333
257894 3.90856
267048 2
270102 2.5
277729 2.9
280783 3.24483
289936 3.55301
292990 3.83446
296041 4.09525
303669 4.33944
306723 4.56988
309774 4.78871
317402 4.99753
320456 5.19763
323507 5.39003
329609 2
332663 3
335714 3.33333
338766 3.63333
343342 3.90856
346395 4.16441
350971 4.40454
355549 4.63158
358603 4.84749
363178 2
367756 3
370810 3.33333
376911 3.63333
379965 3.90856
387592 4.16441
392170 4.40454
398273 2
401327 3
405903 3.33333
413532 3.63333
418110 3.90856
427265 2
431843 2.5
444050 2.9
457783 2
473041 2.5
486774 2
500507 2.5
515766 2.9
526447 2
529501 2.5
537128 2.9
541706 3.24483
547809 3.55301
552387 3.83446
555441 4.09525
564594 4.33944
567648 4.56988
570700 4.78871
578327 4.99753
581381 2
584433 3
592060 3.33333
595114 3.63333
604267 3.90856
610371 4.16441
616474 2
622578 3
625631 3.33333
634785 3.63333
637838 3.90856
648517 2
651571 2.5
660725 2.9
669880 3.24483
680561 2
683615 2.5
694294 2.9
706501 3.24483
721760 2
724813 2.5
735493 2.9
747700 2
752277 2.5
761433 2.9
766010 3.24483
778217 3.55301
781271 3.83446
790424 4.09525
793478 4.33944
802631 2
805685 3
808737 3.33333
817890 3.63333
820944 3.90856
827045 4.16441
830099 2
836201 3
839254 3.33333
842306 3.63333
849934 3.90856
852987 4.16441
856039 4.40454
863666 4.63158
866720 4.84749
869772 5.05378
877399 5.25165
880453 5.44207
883505 5.62582
891132 2
894186 3
897238 3.33333
906391 2
910969 2.5
917076 2.9
923183 2
929286 2.5
933864 2.9
941494 3.24483
946072 3.55301
953701 3.83446
959805 4.09525
967434 4.33944
975064 2
981167 3
993374 2
