1491.12 0
5216.41 0
5961.46 0
11921.9 0
13412 1
14157.1 1
15647.2 1
26078 2
27568.1 2
29058.3 2
40979.2 2
41724.3 2
48429.8 2
49174.8 2
58115.5 2
58860.6 2
59605.6 2
70036.5 2
71526.6 2
72271.6 2
73016.7 2
83447.5 2
84937.6 2
85682.7 2
86427.7 2
87172.8 2
98348.7 2
99838.8 2
100584 2
101329 2
102074 2
102819 2
116230 2
117720 2
118465 2
119955 2
128151 2
129641 2
138582 2
140072 2
140817 2
151248 2
152738 2
153483 2
154228 2
166149 2
167639 2
168384 2
169129 2
181795 2
182540 2
183285 2
192971 2
193716 2
194461 2
195206 2
207127 2
207872 2
208617 2
209362 2
210107 2
217558 2
218303 2
219048 2
219793 2
220538 2
227244 2
227989 2
228734 2
229479 2
230224 2
230969 2
239165 2
240655 2
241400 2
242145 2
242890 2
243635 2
244380 2
254066 2
255556 2
257046 2
257791 2
258536 2
259281 2
260026 2
260771 2
268222 2
269712 2
271202 2
271947 2
272692 2
273437 2
274182 2
274927 2
282378 2
283123 2
283868 2
284613 2
286103 2
294299 2
295789 2
296534 2
