3728.44 3728.44
9687.9 5959.46
11177 7448.58
20863.8 11175.9
22353.9 12666
23843 12666
24592.1 13415
34278.8 13415
36514 15650.2
39494.2 14902.2
45452.7 11173.9
46939.8 10425.8
48434.9 8940.7
49920 10425.8
58120.7 12668
59605.8 12666
61100.9 12666
62586 12666
63335.1 13415
71528.7 13408
73017.8 13412
74512 13411
76002.1 13416
76746.1 13411
83449.7 11920.9
85683.8 14155.1
87922 11175.9
95370.6 11920.9
96858.7 11174.9
97604.8 11920.9
99842.9 11920.9
107292 11920.9
108780 11920.9
109526 11920.9
112509 12666
113995 14152.1
122937 15645.2
124426 15646.2
125172 15646.2
128900 16391.3
130391 16396.3
131136 17141.3
140818 17881.4
143052 18626.5
143798 18626.5
156464 15646.2
157958 17140.3
160194 17141.3
160935 17136.3
173602 17137.3
175840 14905.2
187016 13414
187761 14159.1
189246 13406
198934 11917.9
199678 11916.9
201913 12667
202658 13412
213834 11920.9
214583 12670
216073 13415
225755 11920.9
227244 11170.9
238421 12666
239170 11925.9
251087 12666
251832 13411
252576 13406
263008 11920.9
263753 11920.9
264498 12666
265242 12666
272693 9685.75
274183 10429.8
274929 10430.8
275673 10430.8
277163 11920.9
284614 11920.9
286850 12667
287595 12666
288339 12666
289834 12671
290579 13416
296535 11920.9
298770 11920.9
299515 8936.7
301005 10425.8
307711 11175.9
309945 11174.9
310691 11175.9
312180 11175.9
320377 12666
321866 14155.1
323356 13411
324101 13410
325597 13416
336023 15646.2
337512 15646.2
339008 17141.3
345709 9685.75
