1490.12 0
5215.41 0
5960.46 0
10430.8 0
12666 1
14156.1 1
14901.2 1
25332 2
27567.1 2
28312.2 2
42468.3 2
43213.4 2
53644.2 2
54389.2 2
66310.2 2
67800.3 2
81956.4 2
83446.5 2
84936.6 2
99837.8 2
100583 2
111014 2
121444 2
122935 2
135601 2
137091 2
151992 2
152737 2
160933 2
161678 2
171363 2
172108 2
172853 2
184029 2
185519 2
186265 2
187010 2
198185 2
198931 2
199676 2
209361 2
210106 2
210851 2
220537 2
222027 2
222772 2
223517 2
233948 2
235438 2
236183 2
236928 2
237674 2
247359 2
249594 2
250340 2
251085 2
251830 2
261515 2
262260 2
263005 2
264496 2
274181 2
274926 2
275671 2
277162 2
277907 2
289083 2
289828 2
290573 2
301749 2
303239 2
303984 2
304729 2
314415 2
316650 2
317395 2
318140 2
319630 2
327826 2
330061 2
330806 2
339746 2
340492 2
341237 2
347942 2
349432 2
350177 2
356138 2
357628 2
359118 2
359863 2
365824 2
368059 2
368804 2
370294 2
371039 2
374019 2
374764 2
375509 2
376254 2
376999 2
377744 2
378489 2
