6572.2 0
11145.9 0
15719.6 0
20293.3 0
20674.8 0
24867 0
25252.5 0
29440.7 0
29830.1 0
34014.4 0
34395.8 0
34777.3 0
38588.1 0
38973.5 0
39355 0
43161.8 0
43551.2 0
43932.7 0
47735.5 0
48128.9 0
48510.4 0
48891.9 0
52309.2 0
52704.6 0
53088.1 0
53469.6 0
56882.8 0
57280.3 0
57665.8 0
58047.3 0
61456.5 0
61856 0
62241.5 0
62623 0
63004.4 0
66030.2 0
66429.7 0
66817.2 0
67198.6 0
67582.1 0
70603.9 0
71003.4 0
71390.9 0
71774.3 0
72159.8 0
75177.6 0
75577.1 0
75964.6 0
76346 0
76727.5 0
77109 0
79751.3 0
80150.8 0
80538.3 0
80921.7 0
81303.2 0
81684.7 0
84326 0
84726.5 0
85112 0
85495.4 0
85876.9 0
86260.4 0
88930.7 0
89312.1 0
89693.6 0
90075.1 0
90456.5 0
90838 0
93506.3 0
93887.8 0
94269.3 0
94650.8 0
95032.2 0
95413.7 0
98082 0
98463.5 0
98845 0
99226.4 0
99607.9 0
99989.4 0
103039 0
103421 0
103802 0
104184 0
104565 0
104947 0
107617 0
107998 0
108380 0
108761 0
109143 0
109524 0
112194 0
112576 0
112957 0
113339 0
113720 0
114102 0
116772 0
117154 0
117535 0
117917 0
118298 0
118679 0
121350 0
121731 0
122113 0
122494 0
122876 0
123257 0
125927 0
126309 0
126690 0
127072 0
127453 0
127835 0
130505 0
130886 0
131268 0
131649 0
132031 0
132412 0
135083 0
135464 0
135846 0
136227 0
136609 0
136990 0
139660 0
140042 0
140423 0
140805 0
141186 0
141568 0
144238 0
144619 0
145001 0
145382 0
145764 0
146145 0
148816 0
149197 0
149579 0
149960 0
150341 0
150723 0
153393 0
153775 0
154156 0
154538 0
154919 0
155301 0
157971 0
158352 0
158734 0
159115 0
159497 0
159878 0
162548 0
162930 0
163311 0
163693 0
164074 0
164456 0
167126 0
167508 0
167889 0
168271 0
168652 0
169033 0
171704 0
172085 0
172467 0
172848 0
173230 0
173611 0
176281 0
176663 0
177044 0
177426 0
177807 0
178189 0
180859 0
181240 0
181622 0
182003 0
182385 0
182766 0
185437 0
185818 0
186200 0
186581 0
186963 0
187344 0
190014 0
190396 0
190777 0
191159 0
191540 0
191922 0
194592 0
194973 0
195355 0
195736 0
196118 0
196499 0
199170 0
199551 0
199933 0
200314 0
200695 0
201077 0
203747 0
204129 0
204510 0
204892 0
205273 0
205655 0
208325 0
208706 0
209088 0
209469 0
209851 0
210232 0
212902 0
213284 0
213665 0
214047 0
214428 0
214810 0
217480 0
217862 0
218243 0
218625 0
219006 0
219387 0
222058 0
222439 0
222821 0
223202 0
223584 0
223965 0
226635 0
227017 0
227398 0
227780 0
228161 0
228543 0
231213 0
231595 0
231976 0
232357 0
232739 0
233120 0
235791 0
236172 0
236554 0
236935 0
237317 0
237698 0
240368 0
240750 0
241131 0
241513 0
241894 0
242276 0
244946 0
245327 0
245709 0
246090 0
246472 0
246853 0
249524 0
249905 0
250287 0
250668 0
251049 0
251431 0
254101 0
254483 0
254864 0
255246 0
255627 0
256009 0
258679 0
259060 0
259442 0
259823 0
260205 0
260586 0
263256 0
263638 0
264019 0
264401 0
264782 0
265164 0
267834 0
268216 0
268597 0
268979 0
269360 0
269741 0
272412 0
272793 0
273175 0
273556 0
273938 0
274319 0
276989 0
277371 0
277752 0
278134 0
278515 0
278897 0
281567 0
281949 0
282330 0
282711 0
283093 0
283474 0
286145 0
286526 0
286908 0
287289 0
287671 0
288052 0
290722 0
291104 0
291485 0
291867 0
292248 0
292630 0
295300 0
295681 0
296063 0
296444 0
296826 0
297207 0
299878 0
