2984.38 2984.38
7454.73 4470.35
8942.85 5958.46
17139.5 9684.75
18628.6 11173.9
19377.7 10434.8
20122.7 11179.9
32785.7 13408
33533.8 13411
35019.9 14897.2
43964.6 11178.9
44709.6 11175.9
45450.7 10430.8
46195.7 11175.9
52157.2 8192.64
52903.3 8193.64
53648.3 8197.64
54391.4 8195.64
60352.9 8195.64
61842 9684.75
62589 9685.75
63332.1 9683.75
64822.2 10430.8
72274.8 11921.9
73762.9 11920.9
74510 12668
75253 12664
76743.1 13411
77488.2 12666
87177.9 14903.2
88664.1 14901.2
89411.1 14901.2
90154.2 15644.2
90899.2 15646.2
91644.3 14901.2
92393.3 14905.2
99840.9 12663
101330 12666
102079 12668
102824 12670
110272 10430.8
111017 9686.75
111761 9681.75
112506 9681.75
122196 11923.9
122938 11920.9
123682 12665
124427 12666
125917 13411
135605 13409
136352 13414
137093 13411
137838 14156.1
139328 14901.2
140076 14159.1
150505 14900.2
151251 14899.2
151994 14901.2
152739 14901.2
154233 14905.2
154977 15649.2
155722 15646.2
162426 11920.9
163171 11919.9
165408 10430.8
166153 10430.8
174348 11921.9
175092 11920.9
177329 11920.9
178074 11920.9
179561 13408
189993 15645.2
190738 15646.2
192976 15647.2
193721 15647.2
195211 15650.2
195956 16395.3
206385 16392.3
207129 16391.3
207873 11916.9
209363 13407
218306 11920.9
219050 11920.9
219794 11920.9
221284 11920.9
230227 11920.9
230971 11920.9
231715 11920.9
233205 13411
234699 13415
244383 14156.1
245127 14156.1
245871 14156.1
257048 12665
257793 12666
258537 12666
270462 13414
271207 13414
271952 13415
273442 14905.2
