2240.32 2
9690.9 2
11179 2.5
22355.9 2.9
23845 3.24483
33527.8 3.55301
35020.9 3.83446
35764.9 4.09525
44708.6 4.33944
46196.7 4.56988
46940.8 4.78871
47686.9 4.99753
58119.7 5.19763
59607.8 5.39003
60352.9 5.57555
61097.9 1
70780.7 2
72275.8 3
73763.9 3.33333
74508 3.63333
86430.9 3.90856
87920 4.16441
89410.1 4.40454
99841.9 4.63158
100588 4.84749
101331 5.05378
102076 5.25165
113999 5.44207
114744 1
115487 2
116234 3
117722 3.33333
125170 3.63333
125919 3.90856
127408 4.16441
137096 4.40454
137840 1
139331 2
140073 3
152741 3.33333
154231 3.63333
154974 3.90856
165407 4.16441
167641 4.40454
168385 4.63158
175838 4.84749
177327 5.05378
178817 5.25165
180307 5.44207
189994 5.62582
191483 5.80357
192230 1
193720 2
195207 3
204150 3.33333
204895 3.63333
207873 3.90856
215326 4.16441
216071 4.40454
219049 4.63158
227247 4.84749
227992 5.05378
228736 5.25165
230970 5.44207
239913 5.62582
240658 5.80357
241403 5.97588
242147 6.14322
244381 6.306
254815 6.46458
256303 6.61927
257050 1
257793 1
258540 1
260772 1
271951 2
272695 3
281632 4
282381 4.25
283870 4.48529
292063 4.70824
292808 4.92064
293556 5.12386
295046 5.31903
306219 1
306964 1
307714 2
308459 2
309947 3
323359 3.33333
324100 3.63333
324845 3.90856
336025 4.16441
337514 4.40454
338260 4.63158
348692 4.84749
350180 5.05378
351673 5.25165
352418 5.44207
362103 5.62582
