367 0
962 0
1324 0
1922 0
2402 0
2764 0
3126 0
3722 0
4322 0
4802 0
5402 0
5767 0
6007 0
6847 0
7324 0
7807 0
8527 0
9247 0
9722 0
10327 0
11047 0
12007 0
12607 0
12967 0
13204 0
13807 0
14527 0
15126 0
15607 0
15967 0
16927 0
17887 0
18487 0
18722 0
19203 0
19927 0
20527 0
20887 0
21722 0
22567 0
23047 0
23527 0
24007 0
24487 0
25327 0
26287 0
27126 0
27487 0
28087 0
28567 0
29407 0
30487 0
31327 0
32287 0
32767 0
33126 0
34202 0
35287 0
36247 0
36722 0
37087 0
38162 0
39126 0
40087 0
40567 0
40927 0
42007 0
42967 0
43927 0
44287 0
45843 0
46327 0
47407 0
47887 0
48007 0
49807 0
