2257.32 2
6723.67 2
9704.9 2.5
19389.7 2
21628.8 2.5
33549.8 2.9
34294.8 3.24483
43980.6 3.55301
44725.6 3.83446
46210.7 4.09525
56642.6 4.33944
57387.6 4.56988
58876.7 4.78871
59623.8 4.99753
70053.6 5.19763
70798.7 5.39003
72287.8 5.57555
73777.9 5.75491
84954.8 5.92867
85699.8 6.09735
87188.9 6.26135
87934 6.42106
89424.1 6.5768
100601 6.72885
101346 1
102840 2
103585 3
104330 3
105815 4
113267 4.25
115503 4.48529
116991 4.70824
118486 4.92064
125192 5.12386
127422 1
128914 2
130407 3
137109 3.33333
138598 3.63333
142325 3.90856
149775 4.16441
151264 1
155739 2
165421 1
166911 2
179577 2.5
180323 2.9
190753 3.24483
191499 3.55301
204164 3.83446
204910 4.09525
206398 1
216830 2
217579 3
219064 3.33333
226516 3.63333
228005 3.90856
229500 1
237692 2
239181 2.5
248870 2.9
250357 3.24483
260788 3.55301
262278 3.83446
263025 1
274200 2
275689 2.5
289101 2.9
290595 3.24483
301769 3.55301
303256 3.83446
304003 4.09525
313690 4.33944
315177 4.56988
315924 4.78871
316669 4.99753
326356 5.19763
327848 5.39003
329333 5.57555
330080 5.75491
338277 5.92867
339022 6.09735
340509 6.26135
341999 1
343494 2
348707 2
349454 3
350939 4
351687 4.25
355414 4.48529
356900 4.70824
358395 4.92064
359137 5.12386
364355 5.31903
365841 5.50703
367336 5.68862
368081 5.86441
369571 6.03493
375531 6.20063
377022 6.36191
