2241.32 2
6709.67 3
8199.79 2
14906.3 2.5
16394.4 2
28317.4 2.5
31296.6 2.9
41728.4 3.24483
43961.6 3.55301
52904.3 3.83446
54392.4 4.09525
56627.6 1
66314.3 2
67806.4 3
69293.5 1
81217.5 2
82704.6 1
95372.6 2
108039 2.5
109527 2.9
122940 3.24483
124428 3.55301
137841 1
139330 2
140075 2.5
149761 2.9
150506 3.24483
163172 3.55301
163917 3.83446
165406 4.09525
178073 4.33944
179562 1
181055 2
192231 3
193718 3.33333
201912 3.63333
203404 3.90856
204151 4.16441
213088 4.40454
214580 1
215327 2
216072 3
226499 3.33333
228738 3.63333
229483 1
241405 2
244385 2.5
254811 2.9
256303 3.24483
265990 3.55301
267479 3.83446
268226 4.09525
278656 1
280143 2
283125 3
293554 3.33333
294304 3.63333
295049 3.90856
303985 4.16441
304730 4.40454
305475 4.63158
315906 4.84749
317396 5.05378
318141 5.25165
318888 5.44207
327827 5.62582
330067 5.80357
330812 5.97588
331554 6.14322
332299 6.306
342731 6.46458
344968 6.61927
345713 6.77034
346455 6.91805
347200 1
348693 2
352417 3
353162 4
353907 4.25
354651 4.48529
358377 4.70824
359122 4.92064
359866 5.12386
361356 5.31903
365083 5.50703
365828 5.68862
366572 5.86441
368062 6.03493
368808 6.20063
372535 6.36191
373280 6.51909
374022 6.67249
376260 6.82236
377006 6.96893
377751 7.11243
378496 7.25303
379241 7.3909
379986 7.5262
