1507.12 0
5232.41 0
5977.46 0
14173.1 1
15663.2 1
16408.3 1
17898.4 1
27584.1 2
31309.4 2
32054.5 3
32799.6 3
40250.1 3
40995.2 3
41740.3 3
52171.1 3
52916.1 3
53661.2 3
54406.2 3
65582.1 3
66327.2 3
67072.2 3
67817.3 3
77503 3
78993.2 3
79738.2 3
80483.3 3
81228.3 3
90914.1 3
91659.1 3
92404.2 3
93149.3 3
105070 3
105815 3
106560 3
107305 3
120716 3
121461 3
122207 3
134873 3
135618 3
148284 3
149029 3
157969 3
158714 3
160204 3
168400 3
169145 3
169890 3
171380 3
182556 3
184046 3
185536 3
195967 3
198202 3
206398 3
210123 3
217574 3
221299 3
222789 3
228750 3
231730 3
233220 3
233965 3
242161 3
245141 3
246631 3
247376 3
257807 3
259297 3
262277 3
263022 3
263768 3
271963 3
274943 3
275688 3
280904 3
283884 3
284629 3
285374 3
291335 3
292080 3
292825 3
293570 3
295060 3
301020 3
301766 3
302511 3
303256 3
305491 3
312196 3
312941 3
313686 3
314432 3
315177 3
316667 3
323372 3
324117 3
324862 3
325607 3
326352 3
327843 3
334548 3
335293 3
336038 3
