7631.39 0
13739.7 0
16792.2 0
25947.4 0
28999.2 0
32050.9 0
39680.3 0
42732.1 0
45783.9 0
61042.6 2
73249.7 3
85456.7 8
99189.6 8
112923 8
126655 8
141914 8
151070 12
155647 12
161751 12
166328 12
173958 12
178535 12
187691 12
192268 12
204475 12
210579 16
221260 17
233467 18
236519 18
248726 18
251778 18
259407 18
262459 18
271614 18
274666 18
282295 22
285347 22
294502 22
297554 22
308235 22
311287 26
323494 26
326546 26
338753 26
341804 26
352486 26
355537 26
367744 26
370796 26
379951 26
386055 29
392163 29
399793 37
402844 37
412000 37
415051 37
424207 37
427258 37
430311 37
437940 37
440992 37
444044 37
451673 37
454725 37
457777 37
465406 37
468458 37
471510 37
477613 44
482191 44
486768 44
491346 44
495924 49
500501 49
505079 49
511182 49
514234 49
518812 49
526441 49
531019 49
538648 49
544752 49
552381 49
560011 49
590528 49
627149 55
640882 55
654615 55
663770 55
672926 55
685133 55
691236 67
697340 67
704969 67
711073 67
720228 67
724805 67
733961 67
740064 67
747694 67
755323 67
762952 67
770582 70
778211 77
781263 77
790418 77
793470 77
796522 77
805677 77
808729 77
811781 77
819410 77
822462 77
825513 77
831617 77
834669 77
837720 77
840772 77
845350 77
849928 77
852979 77
856037 77
862140 77
865192 77
868244 77
874347 77
877399 77
880451 93
888080 93
891132 93
894184 93
903339 93
906391 93
909442 93
917072 93
920123 93
923175 93
930805 93
933856 93
936908 93
947589 93
955219 97
962848 97
968952 107
975055 107
981159 107
988788 107
994892 107
1.00252e+06 107
1.00862e+06 107
1.01625e+06 107
1.02388e+06 107
1.03609e+06 107
1.04372e+06 109
1.0544e+06 109
1.05745e+06 116
1.06508e+06 116
1.06813e+06 116
1.07119e+06 116
1.07881e+06 116
1.08187e+06 116
1.08492e+06 116
1.09255e+06 116
1.0956e+06 116
1.09865e+06 116
1.10475e+06 116
1.10781e+06 116
1.11086e+06 116
1.11391e+06 116
1.12001e+06 116
1.12307e+06 116
1.12764e+06 116
1.13069e+06 116
1.13375e+06 116
1.13832e+06 116
1.14138e+06 116
1.14443e+06 116
1.15053e+06 116
1.15358e+06 116
1.15969e+06 116
1.16274e+06 116
1.17037e+06 116
1.17342e+06 116
1.17647e+06 116
1.18105e+06 138
1.1841e+06 138
1.18715e+06 138
1.1902e+06 138
1.19326e+06 138
1.19631e+06 138
1.19936e+06 138
1.20241e+06 138
1.20546e+06 138
1.20851e+06 138
1.21157e+06 138
1.21462e+06 138
1.21767e+06 138
1.22072e+06 138
1.22377e+06 138
1.22683e+06 138
