1510.27 49.7945
5234.56 20.0054
5978.61 33.3483
16411.4 13.3321
17899.5 12.5
31312.6 10
32800.7 10
38762.2 20.0027
39508.2 22.2156
46213.7 19.9973
46958.8 27.2694
47701.9 27.2794
55898.5 23.0793
56644.6 23.0769
57387.6 28.5769
58132.7 28.5714
69310.5 22.2206
70055.6 22.2222
70798.7 22.2222
71543.7 22.2222
72288.8 26.3158
84956.8 23.8095
85703.8 23.8065
86444.9 23.8095
96877.7 18.75
97622.8 13.3309
107309 14.2857
108054 14.2857
119974 11.7647
120720 16.6667
121463 16.6692
135623 14.2839
136368 14.2839
137109 18.184
137858 18.1774
149777 21.0556
150522 11.7666
151267 16.6692
158717 25.0028
160206 23.0817
160953 23.0769
170637 18.75
171384 23.5276
172872 23.5294
173617 23.5331
182558 25
183304 25
184047 29.4164
184797 31.2395
185542 31.2395
196717 26.3102
197461 17.6498
198204 17.6526
207891 20.0036
208636 20
209379 20
210870 23.5294
221302 22.2222
222049 22.2189
222795 22.2156
224285 22.2156
225029 26.3102
237694 11.1128
238439 11.1119
247380 15.383
248124 21.4286
257066 15.3846
257810 15.3846
269732 11.7647
270476 11.7647
271223 16.6642
282399 12.4979
283142 12.5021
292828 14.2885
293573 14.2857
295061 18.7531
304004 20
304749 20
306237 20
307731 23.522
317415 22.2222
318160 22.2222
318905 23.5257
319648 25.0084
328591 26.6667
330079 29.4164
336787 18.1796
339022 16.6629
339767 23.0722
347962 20.0018
350195 20.0036
350942 20
359883 18.75
361371 22.2255
362861 23.5294
363608 23.5294
369569 30.7692
371061 30.7565
371806 35.7006
373296 35.7006
