241 1
242 2
846 2
847 4
1241 4
1242 8
2326 8
2327 9
2446 9
2447 10
3526 10
3527 11
3645 11
3646 12
4721 12
4722 13
5326 13
5327 14
5446 14
5447 15
6046 15
6047 16
7125 16
7126 17
7246 17
7247 18
7846 18
7847 19
8446 19
8447 20
9526 20
9527 21
9641 21
9642 22
10246 22
10247 23
11326 23
11327 24
11446 24
11447 25
12046 25
12047 26
12645 26
12646 27
13725 27
13726 28
13846 28
13847 29
14446 29
14447 30
15406 30
15407 31
16006 31
16007 32
16606 32
16607 33
16721 33
16722 1
17326 1
17327 2
18286 2
18287 1
18406 1
18407 2
19366 2
19367 3
19486 3
19487 1
22366 1
22367 2
22846 2
22847 3
23806 3
23807 4
25125 4
25126 1
31966 1
31967 2
33406 2
33407 3
33886 3
33887 1
35326 1
35327 2
35806 2
35807 1
36766 1
36767 2
37246 2
37247 1
38566 1
38567 2
39046 2
39047 3
39886 3
39887 4
40846 4
40847 1
42526 1
42527 2
43486 2
43487 1
44201 1
44202 2
46246 2
46247 1
