4471.35 0
10431.8 0
12667 0
21607.7 0
23097.8 0
25333 0
26823.1 0
35018.7 0
36508.8 0
37253.9 4
39489.1 4
45449.5 4
46939.7 4
49174.8 4
50664.9 4
57370.5 4
58860.6 4
61095.8 4
63330.9 4
64821.1 4
72271.6 4
73761.7 4
75996.9 4
84937.6 4
87172.8 4
89408 4
96858.5 4
97603.6 4
99093.7 4
102074 4
108034 4
108779 4
109525 4
111015 4
113995 4
119210 4
119955 4
120700 4
129641 4
131131 4
131876 4
141562 4
143797 4
144542 4
145287 4
155718 4
157953 4
159443 4
160188 4
160934 4
169874 4
172109 4
173600 4
174345 4
184775 4
187011 4
187756 4
196696 4
198932 4
200422 4
201167 4
207127 4
209362 4
210107 4
210852 4
212343 4
218303 4
221283 4
222028 4
222773 4
224263 4
233204 4
233949 4
235439 4
243635 4
244380 4
245870 4
246615 4
255556 4
256301 4
257791 4
259281 4
260026 4
267477 4
268967 4
270457 4
271947 4
272692 4
274182 4
281633 4
283123 4
284613 4
286848 4
287593 4
289084 4
289829 4
295789 4
298024 4
298769 4
299514 4
300259 4
