111.759 0
340.425 1500
452.184 0
895.219 1500
1006.98 3000
1118.74 1500
1230.49 0
1901.05 1500
2012.81 0
2127.56 1500
2239.32 3000
2351.08 1500
2462.84 0
4699.01 0
4921.53 1500
5033.29 0
8723.33 0
9728.16 1500
9839.92 0
10394.7 0
10506.5 0
11740.8 1500
11852.6 0
13188.7 0
13300.4 0
15088.6 1500
15200.3 1500
15312.1 0
17552.3 0
19670.7 1500
19782.4 0
21123.5 0
21350.1 0
22576.4 1500
22688.2 0
22914.7 0
24252.8 0
24704.8 0
26156.7 0
26493 0
27945.8 1500
28057.6 1500
28169.3 0
29397.7 0
31074.1 1500
31185.8 0
32415.2 0
32527.9 0
33979.8 1500
34091.6 1500
34203.3 0
35656.2 3000
35767.9 3000
35879.7 1500
35991.5 0
37329.6 1500
37441.3 0
37555.1 0
37666.8 1500
37778.6 0
38897.2 0
39233.5 0
39345.2 0
40798.1 0
40909.8 0
42138.2 0
42250.9 1500
42362.7 0
43702.8 0
43814.6 0
44037.1 1500
44148.8 0
45379.2 0
45490.9 1500
45602.7 1500
45714.5 0
47167.3 1500
47279.1 3000
47390.8 1500
47502.6 0
49180 0
49291.7 1500
49403.5 0
