2257.32 38.2803
6723.67 16.6816
9704.9 20.0081
19389.7 11.7647
21628.8 12.4969
33549.8 10.5233
34294.8 11.7647
40253.3 22.2289
48446.9 9.09313
49936 15.3894
58132.7 15.3846
59621.8 15.3846
70798.7 11.7647
72288.8 15.7895
73037.8 16.6605
84954.8 11.7647
85699.8 11.7684
97620.8 6.25
99110.9 11.1111
109546 12.4958
112522 11.1111
119974 14.2885
121462 18.7579
125189 17.6457
134133 15.7872
135618 15.7895
137108 19.0476
140093 19.996
148285 21.0586
149774 21.0526
150524 22.2139
152759 23.5294
154244 26.3251
164676 22.7273
165421 23.808
166165 23.8171
167655 25.0084
169150 24.9916
169892 28.5678
179577 30
180322 30
181066 30
182556 30
184051 30
184794 30
185542 33.3269
195223 33.3333
195968 33.3333
196713 33.3312
198953 22.2222
207893 23.522
209383 22.2156
210129 22.2156
211614 23.5387
220555 14.2912
222044 14.2857
222792 19.9964
231731 20
233220 20
233965 20.0036
245146 16.6617
246631 20.0013
247381 21.0452
248126 21.0452
256318 26.6762
257063 28.5687
257807 33.3333
266004 23.0769
266749 23.0769
267493 23.0769
277925 18.75
278670 18.75
279414 23.5313
280904 22.2222
293571 19.0476
294316 19.0476
295061 19.0464
296550 21.7391
297297 22.7245
305492 31.25
306986 29.4025
307731 29.4025
309221 29.4002
309963 29.4118
310706 33.3383
318158 25.0112
318903 30.7819
319647 30.7756
321137 28.5714
330080 24.9979
330824 25
331569 24.9979
342004 13.3286
342745 18.75
344234 17.6485
354666 17.6526
355415 17.6415
356905 17.6401
357647 22.2189
367336 23.522
