4473.5 16.6549
10433 12.5021
12667.1 18.1863
21608.8 13.3333
23097.9 17.6485
25338.1 17.6401
26828.2 21.0452
35763.9 21.0541
37255.1 23.8095
40239.3 16.6667
46194.7 21.4286
49175 16.676
55880.5 15.3846
58860.7 15.3846
67801.4 12.5
69295.5 16.6617
71526.7 17.6471
82703.6 14.999
84196.7 15
84942.8 19.0464
86431.9 19.9946
94623.5 25.0021
96117.6 25
96863.7 25
98352.8 25
99093.9 29.4211
108785 26.3065
110274 26.3158
111020 26.3158
112509 26.3158
113999 24.9933
114745 28.5623
124426 28.5806
125171 30.0081
125920 30.002
127410 30
129646 28.5696
130391 28.5714
131135 31.8201
140072 33.3333
140817 33.3333
141562 33.3419
142311 35
143056 38.8918
143801 38.8918
144546 38.8889
152738 41.1765
154233 42.0904
154978 42.0904
155722 42.0934
156467 42.1053
164659 28.5851
165404 33.3483
166153 33.3363
166898 33.3333
168388 31.25
177325 29.4118
178070 29.4118
178819 29.4118
179564 33.3333
180309 33.3333
181054 35.2941
192226 30
192971 30
193720 30
194465 30
195211 33.3312
195956 33.3312
196701 33.3312
206387 36.8291
207127 36.8421
207876 25.0021
208621 25.0021
216818 28.5714
217563 28.5577
218307 28.5714
219052 28.5714
227989 26.6786
228734 31.2631
229483 31.2526
230228 31.25
231718 29.4118
242150 26.3065
242890 26.3158
243635 30
244385 29.998
245130 29.998
246619 30
257791 16.6729
258536 21.0601
260030 20.0013
260774 21.0541
268222 28.5714
268967 28.5714
279398 13.3333
280888 17.6471
281633 17.6471
294299 15
296539 14.2812
297279 14.2857
