1935.27 49.7945
5659.56 20.0054
8642.79 22.2156
17584.5 12.4958
20564.7 12.499
32481.6 10.0027
33226.7 11.7684
42912.5 14.2857
43657.5 14.2857
45146.6 18.7516
57069.6 15.7884
57814.6 15.7884
59302.7 15.7895
60052.8 19.9933
69735.5 23.5294
70480.6 23.5294
82401.5 11.7647
83146.6 16.6667
84634.7 15.7917
94322.5 18.75
95067.5 18.75
96555.6 18.75
97304.7 23.522
107734 22.2222
108479 22.2222
109967 22.2222
111462 21.0511
112947 23.8156
124873 21.7353
125618 21.7353
126358 22.7273
127848 22.7342
129338 22.7273
138284 27.7778
139029 31.5789
139769 31.5901
141259 30
142004 31.5789
143494 31.5789
150946 35.3053
151691 35.3053
152435 38.9034
153925 36.8421
155415 36.8421
156165 36.8291
156910 38.8744
165847 35
166592 35
167341 34.9883
168831 36.3525
169575 38.0855
180004 22.2206
180752 26.3084
181497 26.3158
183727 25.0084
184476 25
193418 27.7716
194160 27.784
194903 27.7881
196393 30.0101
197888 31.57
198633 31.5789
206080 35.3053
206826 35.2941
207574 35.2802
209059 35.2941
210555 36.8291
212040 36.8525
218001 28.5824
219495 28.5577
221729 26.6691
223216 26.6667
232905 13.3333
234396 17.6457
235886 17.6401
250043 5.26316
251528 9.52685
262708 11.7656
264198 11.761
276119 11.1111
278354 14.2857
279098 15.001
287295 20
289531 19.9982
290274 25.0021
291761 23.535
302195 12.5
303687 16.6642
304429 17.6443
313372 19.9982
314858 20.009
315608 19.9946
317093 23.5331
323802 28.5714
324546 30.7597
325291 30.7756
326034 33.3333
326784 38.4417
333488 38.4615
334979 35.7074
