3424.38 2
10877 2
12365.1 2.5
23544.9 2.9
26524.2 3.24483
34715.8 3.55301
36955 3.83446
37700.1 4.09525
45146.6 4.33944
48130.9 4.56988
48875.9 4.78871
49620 4.99753
58557.7 1
61542.9 2
62288 3
63033 3.33333
73462.8 3.63333
74207.9 3.90856
74952 4.16441
86128.8 4.40454
86873.9 4.63158
87618.9 4.84749
88363 5.05378
101026 5.25165
102519 5.44207
103265 5.62582
104009 1
104754 2
117422 3
118910 3.33333
119656 1
132323 2
133812 2.5
144239 2.9
145732 3.24483
154670 3.55301
156163 3.83446
156909 4.09525
167340 4.33944
168829 1
169575 2
170321 3
180006 3.33333
181495 3.63333
182241 1
189692 2
191181 2.5
200124 2.9
202359 3.24483
212045 3.55301
213533 3.83446
215023 4.09525
224710 4.33944
226199 4.56988
227689 4.78871
228432 4.99753
240352 1
241847 2
243337 3
244078 3.33333
258978 3.63333
259724 3.90856
260471 4.16441
270899 4.40454
271644 4.63158
272390 4.84749
273137 5.05378
285056 1
286550 1
287292 2
288037 3
288786 3.33333
302193 1
302938 2
303687 2.5
315604 2.9
316349 3.24483
326779 3.55301
328272 1
329760 2
338700 2.5
340936 2.9
346895 3.24483
349131 3.55301
356581 3.83446
357327 4.09525
359562 4.33944
368507 4.56988
369252 4.78871
369995 1
372228 2
374467 3
375212 3.33333
378934 3.63333
379683 3.90856
381171 4.16441
383406 4.40454
384153 4.63158
384898 4.84749
385643 5.05378
