724 724
1726 726
2202 702
2927 927
3407 907
4126 1126
4607 1107
5202 1202
5927 1427
6527 1527
7007 1507
7726 1726
8327 1827
8927 1927
9407 1907
10126 2126
10722 2222
11202 2202
11927 2427
12527 2527
13126 2626
13607 2607
13967 2467
14567 2567
15643 2643
16247 2747
16722 2722
17327 2827
17686 2686
18887 2887
19487 2987
20087 3087
20567 3067
21047 3047
21646 3146
22126 3126
22722 3222
23447 3447
23927 3427
24643 3643
25126 3626
25726 3726
26447 3947
27047 4047
27527 4027
28007 4007
29087 4087
29567 4067
30287 4287
30767 4267
31723 4223
32202 4202
32807 4307
33767 4267
34126 4126
34607 4107
34967 3967
35927 3927
36407 3907
36887 3887
37607 3607
38202 3702
38567 3567
39527 3527
40007 3507
40487 3487
41447 3447
41927 3427
42407 3407
43367 3367
43967 3467
44567 3567
45047 3547
45527 3527
46007 3507
46722 3722
47202 3702
47927 3927
49007 4007
49487 3987
