367 367
967 467
1367 367
1847 347
2567 567
3047 547
3767 767
4246 746
4847 847
5567 1067
6162 1162
6642 1142
7367 1367
7967 1467
8567 1567
9047 1547
9767 1767
10367 1867
10847 1847
11567 2067
12162 2162
12767 2267
13247 2247
14202 2202
14807 2307
15287 2287
15887 2387
16487 2487
16967 2467
17447 2447
18047 2547
18527 2527
19126 2626
19726 2726
20202 2702
21287 2787
21767 2767
22367 2867
23087 3087
23567 3067
24287 3287
24767 3267
25367 3367
26087 3587
26682 3682
27163 3663
27642 3642
28247 3747
28722 3722
29203 3703
29927 3927
30407 3907
31007 4007
31367 3867
31847 3847
32447 3947
33047 4047
33407 3907
34007 4007
34246 3746
35202 3702
35567 3567
36162 3662
37007 3507
37847 3347
38807 3307
39162 3162
39767 3267
40607 3107
41087 3087
41567 3067
42162 3162
42646 3146
43007 3007
44202 3202
44683 3183
45162 3162
45646 3146
46367 3367
46847 3347
47567 3567
48162 3662
48643 3643
49126 3626
49847 3847
