4473.5 16.6549
14901.3 7.14491
16391.4 12.5031
30548.5 9.5232
31293.6 9.99933
40234.3 15.3846
40979.3 15.3846
41723.4 21.4306
52900.3 17.6471
53645.3 17.6471
54389.4 17.6471
55879.5 21.0526
66311.3 22.2222
67056.4 22.2222
67801.4 22.2206
69295.5 22.2139
81212.5 11.1111
81957.5 15.7895
83446.7 15.7951
93878.5 17.6471
95367.6 16.6679
96857.7 16.6667
97607.8 21.0452
110274 18.1774
111759 18.1818
112505 19.0464
113250 19.0525
113999 22.7273
123682 27.784
125170 27.7778
126665 17.6471
136347 17.6485
137092 18.7484
137836 20.009
149759 16.6654
150503 21.0526
151247 21.0541
152737 20
166898 17.3883
167643 17.3872
168388 20.8287
169878 19.9946
180306 17.6512
189246 8.33427
200422 6.66667
201911 11.7656
214578 10.5263
216068 10.5256
224264 15.3846
226503 18.7437
227247 19.9946
236185 18.75
238423 18.7516
239168 23.5313
240654 22.2289
248851 23.5294
251835 22.2206
252580 22.2206
254065 22.2222
254814 26.3084
263756 20
265241 20
265990 20
274184 21.4347
275672 21.4286
276421 26.6571
277167 26.6643
286852 23.5257
288338 23.5294
289087 23.5294
289833 27.7757
291318 26.3251
301753 25
303244 24.9916
303988 25
304729 25.0084
319635 13.6364
320380 13.6355
321125 13.6322
333790 11.1119
334536 11.1111
346457 11.7638
347198 11.7684
348687 15.7951
356884 21.4368
357629 21.4286
359123 21.4183
359868 26.6547
368809 15.3846
369554 21.4286
371039 20.009
375514 33.3333
376257 33.3433
377745 33.3333
378493 39.9839
380728 57.1648
381475 57.121
382965 57.0881
383710 57.121
384455 62.479
