2236.17 0
6706.52 0
8196.64 0
14902.2 0
16392.3 0
17882.4 2
28313.2 2
29803.3 3
31293.4 3
41724.3 3
43959.4 3
52900.1 3
54390.2 3
56625.4 3
67056.2 3
68546.3 3
69291.4 3
80467.3 3
81212.3 3
81957.4 3
90153 3
90898.1 3
91643.1 3
92388.2 3
102819 3
103564 3
104309 3
105054 3
105799 3
119210 3
119955 3
120700 3
121445 3
122191 3
132621 3
133366 3
134111 3
134857 3
135602 3
136347 3
146032 3
146777 3
147522 3
148268 3
149013 3
149758 3
150503 3
162424 3
163169 3
163914 3
164659 3
174345 3
175090 3
175835 3
176580 3
178070 3
184775 3
185520 3
186266 3
187011 3
188501 3
189246 3
198186 3
198932 3
199677 3
200422 3
201912 3
202657 3
203402 3
213088 3
213833 3
214578 3
216813 3
224263 3
225009 3
225754 3
234694 3
235439 3
236184 3
247360 3
248105 3
248850 3
249595 3
262261 3
263006 3
276418 3
277163 3
277908 3
292064 3
292809 3
293554 3
294299 3
308455 3
309200 3
309945 3
310690 3
311435 3
324846 3
325591 3
326336 3
327081 3
337512 3
