2240.32 33.2567
6705.67 16.6853
8198.79 25.0084
15650.4 16.6592
16395.4 23.0674
29057.4 11.1144
31297.6 9.99933
48428.9 7.69231
49924 8
64824.2 9.08869
65565.3 13.0435
76746.1 12.499
77491.2 12.4948
88662.1 12.5052
99092.9 7.14286
100586 12.4969
112504 11.1111
113997 11.1111
124425 12.5
125918 16.6629
126665 17.6443
138581 15.7895
140076 15.7872
140821 19.9973
141566 20
153482 11.7694
154232 16.6667
155720 15.7917
167638 15.7895
168383 15.7951
169131 16.6667
180309 17.6401
181054 22.2139
181797 22.2173
182542 22.2222
193719 22.2239
194465 22.2222
195208 26.3195
195955 26.3121
196700 26.3121
205636 31.2605
206381 15.3926
207129 21.4327
216071 21.4204
216817 21.4183
217560 21.4286
226502 21.4286
227247 26.6667
227991 26.6714
228736 26.6667
239913 22.2222
240658 22.2222
241403 26.3158
254069 15.7895
255558 15.001
264501 14.2843
266735 13.3321
274928 14.2912
277166 14.2857
277911 20
286107 19.9928
289088 18.7484
289832 18.75
290576 23.5313
300264 21.0526
301752 23.5331
302497 23.5313
303242 23.5294
312180 25.0084
313673 27.7819
314419 29.4094
315163 29.4118
315908 29.4118
324104 31.2421
325594 31.25
326340 35.2913
327084 35.2969
327829 35.2941
328574 35.2941
337515 33.3333
339006 33.3308
339751 33.3333
340495 36.8447
349436 21.4286
350181 26.6667
350925 26.6691
351671 26.6667
362102 23.5294
362847 23.5294
363592 23.5276
364337 23.5294
365082 27.7778
371044 41.662
372532 38.4655
373279 38.4576
374022 38.4615
374769 38.4536
376259 39.9928
377750 66.6667
378495 74.9748
