2241.32 33.2419
6709.67 16.6741
8199.79 25.0084
14906.3 18.1796
16394.4 23.0793
28317.4 11.1111
31296.6 9.99933
41728.4 11.1111
43962.6 11.7647
52903.3 8.33333
54392.4 14.2871
61844 16.6667
63333.1 16.6667
73764.9 12.5
75254 16.6679
76000.1 17.6457
87175.9 16.6667
88666.1 16.6654
89411.1 21.0511
99841.9 13.3333
100587 18.75
101331 18.7516
114745 14.998
115490 14.998
116232 15
116977 19.0476
129644 20.0027
130389 20.0027
131133 20
131878 20
133372 22.7231
143057 27.7736
143800 27.7778
152741 15.3878
153486 15.3846
154975 20.0018
164662 18.75
165407 18.75
166896 18.75
177328 17.6471
178817 21.0541
189994 11.7647
191483 11.7647
192229 16.6654
203405 16.6667
205639 15.7895
206387 15.7872
218306 15
219051 19.0476
219796 21.0511
231717 11.7647
232462 16.6667
233207 16.6667
247363 14.2857
248853 13.6372
249599 13.6364
250344 17.3913
263755 18.1818
277166 5.55556
278655 10.0007
289832 11.7647
290577 16.6667
291321 17.6471
301010 19.9964
301755 19.9964
302497 20
303245 24.9937
311435 28.5851
312183 16.6704
312928 23.0841
321871 21.4183
322614 21.4286
323358 21.4286
335282 16.6667
336027 21.0526
336769 21.0541
338260 20
344221 33.3408
344966 33.3408
345710 38.4735
346455 38.4615
347200 41.6667
350926 55.5556
351672 55.5556
352416 55.5556
353161 55.5556
353906 60
355396 54.5455
359124 54.5321
359869 54.5321
360611 54.5455
361356 54.5455
362101 54.5455
363591 53.8462
364339 58.3203
365830 77.7778
366574 77.7894
367320 77.743
368065 77.743
368810 77.743
