3728.44 3728.44
12667.1 8938.7
14160.3 10431.8
26827.2 14160.1
29062.4 14902.2
36510 9682.75
37256.1 8193.64
37999.1 8936.7
47686.9 11176.9
48431.9 11175.9
49175 11175.9
49920 11920.9
61097.9 13411
61843 13411
62586 13411
63331.1 13411
74511 13413
75254 14156.1
75999.1 14156.1
76746.1 14160.1
77487.2 14156.1
89409.1 13410
90157.2 13411
90902.2 13415
103566 13409
104310 13408
117721 14155.1
118466 14156.1
119210 14900.2
131877 14156.1
132622 14156.1
133367 14156.1
134112 14901.2
149017 17139.3
149762 17139.3
150503 17136.3
151248 17136.3
160935 11917.9
161681 12664
162428 12666
172856 11174.9
173604 11922.9
174349 11920.9
187013 13409
187757 13408
200423 13410
201168 13411
201916 14159.1
212344 11175.9
213089 11172.9
225010 12666
225755 12666
226499 13410
236186 11175.9
236931 10431.8
248106 11920.9
248852 11920.9
261518 13411
262263 13411
263007 14155.1
275674 14156.1
276422 14159.1
288340 12666
289085 12663
301009 12669
302495 13410
303241 14156.1
312928 11918.9
314416 11920.9
324848 11920.9
326338 11921.9
334534 9685.75
336768 10430.8
338258 11919.9
341985 7450.58
344222 7453.58
344967 6709.52
345708 7450.58
349435 7450.58
350180 5958.46
350923 5956.46
351669 5960.46
356141 6705.52
356886 7450.58
357629 7448.58
358374 7450.58
359864 8195.64
364337 8195.64
365082 8195.64
365825 8938.7
366570 8940.7
368060 9685.75
368805 8940.7
374022 9685.75
374767 9685.75
375512 9687.75
376259 10434.8
377750 11179.9
378493 10432.8
379240 10434.8
