1935.27 1496.27
1936.27 1
4927.8 2991.53
4928.8 1
5659.56 730.76
7921.33 2261.77
8642.79 721.462
13528.9 4886.12
20564.7 7035.81
20565.7 1
32485.6 11919.9
33227.7 742.058
39933.2 6705.52
39934.2 1
40678.3 744.058
50364 9685.75
51109.1 745.058
51110.1 1
52597.2 1487.12
61539.9 8942.7
62288 748.058
63033 745.058
63773.1 740.058
63774.1 1
73459.8 9685.75
74205.9 746.058
74949 743.058
75694 745.058
77184.1 1490.12
77185.1 1
86870.9 9685.75
87619.9 749.058
88365 745.058
103263 14898.2
115184 11920.9
115185 1
124870 9684.75
126358 1488.12
137535 11176.9
137536 1
153181 15645.2
154670 1489.12
165847 11176.9
166592 745.058
166593 1
177023 10429.8
177768 745.058
179257 1489.12
179258 1
191928 12670
192671 743.058
192672 1
206829 14157.1
207572 743.058
209059 1487.12
221730 12671
221731 1
235137 13406
235882 745.058
235883 1
249294 13410
251533 2239.17
262705 11171.9
263450 745.058
273880 10430.8
273881 1
274626 744.058
289531 14905.2
301448 11916.9
301449 1
313369 11919.9
314858 1489.12
323799 8941.7
323800 1
324544 744.058
333485 8940.7
334230 745.058
334231 1
335719 1488.12
340936 5216.41
342426 1490.12
343915 1489.12
344664 749.058
344665 1
349131 4466.35
351366 2235.17
352856 1489.12
353605 749.058
354351 746.058
354352 1
358817 4465.35
361797 2980.23
363286 1489.12
364035 749.058
373722 9686.75
375207 1485.12
375208 1
375956 748.058
378938 2981.23
380423 1485.12
381173 750.058
381918 745.058
382658 740.058
