2000 2000
3728.44 1728.44
3728.44 0
11185.3 7456.88
11185.3 0
12667.1 1481.82
14160.3 1493.12
26824.2 12664
29062.4 2238.17
29062.4 0
36511 7448.58
37255.1 744.058
37999.1 744.058
37999.1 0
44705.6 6706.52
45450.7 745.058
46194.7 744.058
46939.8 745.058
55881.5 8941.7
55881.5 0
56626.6 745.058
57370.6 744.058
58115.7 745.058
67802.4 9686.75
68547.5 745.058
68547.5 0
81213.5 12666
82702.6 1489.12
82702.6 0
83448.7 746.058
92389.3 8940.7
94624.5 2235.17
95369.6 745.058
96113.6 744.058
96113.6 0
105055 8941.7
109529 4473.35
110274 745.058
119959 9685.75
122937 2977.23
123682 745.058
123682 0
128898 5216.41
131877 2979.23
132622 745.058
133367 744.058
133367 0
140075 6708.52
143801 3726.29
144543 742.058
145287 744.058
146033 745.058
157954 11921.9
158703 748.058
159448 745.058
172111 12663
172856 745.058
173600 744.058
173600 0
189992 16392.3
189992 0
190740 748.058
203403 12663
204148 745.058
204892 744.058
204892 0
219052 14160.1
219797 745.058
220538 741.058
231715 11176.9
231715 0
232463 748.058
242146 9682.75
242891 745.058
243635 744.058
243635 0
256305 12670
257047 742.058
257791 744.058
272696 14905.2
272696 0
282379 9682.75
282379 0
283868 1489.12
292810 8941.7
294299 1489.12
295789 1490.12
295789 0
306966 11176.9
308459 1493.12
309945 1486.12
310692 747.058
310692 0
323357 12665
324846 1489.12
326341 1494.12
327086 745.058
327827 741.058
336768 8941.7
336768 0
337513 745.058
338259 745.058
