2388 2000
2998.38 610.381
2999.38 1
8219.14 5219.76
8220.14 1
10450 2229.82
11942.1 1492.12
23113.9 11171.9
35035.9 11921.9
35036.9 1
42486.5 7449.58
44725.6 2239.17
52917.3 8191.64
52918.3 1
55151.4 2233.17
64093.1 8941.7
65584.3 1491.12
65585.3 1
67817.4 2232.17
78998.3 11180.9
81233.5 2235.17
81978.5 745.058
84208.7 2230.17
84209.7 1
96134.6 11924.9
99113.9 2979.23
100602 1488.12
108801 8198.64
111780 2979.23
113268 1488.12
113269 1
119972 6703.52
125936 5963.46
133384 7447.58
139343 5959.46
139344 1
147540 8195.64
151264 3724.29
152009 745.058
160951 8941.7
160952 1
165420 4468.35
166165 745.058
175852 9686.75
176596 744.058
176597 1
178831 2234.17
180323 1492.12
187773 7449.58
188517 744.058
189264 747.058
201928 12664
201929 1
202678 749.058
213850 11171.9
215341 1491.12
225026 9684.75
225775 749.058
233970 8195.64
233971 1
234711 740.058
244397 9685.75
245142 745.058
245143 1
246633 1490.12
257063 10429.8
257808 745.058
258553 745.058
260044 1491.12
260045 1
268984 8938.7
270474 1490.12
271219 745.058
271965 746.058
272710 745.058
272711 1
282395 9683.75
284634 2239.17
285379 745.058
286121 742.058
286867 745.058
287612 745.058
287613 1
297300 9687.75
298041 741.058
298787 746.058
299532 745.058
312197 12665
312943 745.058
312944 1
313689 745.058
325613 11923.9
325614 1
333804 8190.64
333805 1
334549 744.058
343490 8940.7
344981 1491.12
345729 748.058
345730 1
355411 9680.75
356156 745.058
