4473.5 4473.5
10433 5959.46
12667.1 8193.64
21608.8 11175.9
23097.9 12665
25338.1 12671
26828.2 14161.1
35763.9 14155.1
37259.1 15650.2
40239.3 13411
46940.8 9681.75
48433.9 8194.64
56626.6 9685.75
58119.7 9685.75
58865.7 10431.8
70036.6 13410
71530.7 13411
72276.8 13411
73765.9 14900.2
87177.9 17141.3
88667.1 17136.3
89412.1 17135.3
90902.2 17136.3
100586 13408
101330 14152.1
102075 13408
102823 13411
104313 13411
112507 11920.9
113999 12669
114745 13415
115490 13415
116235 13412
117724 13411
126663 14156.1
128152 11916.9
128897 12662
130390 12666
137842 11178.9
140076 11923.9
140818 11920.9
142311 11920.9
149015 11172.9
150505 12663
151997 11920.9
152739 11920.9
154233 11921.9
161681 12666
163174 12669
163916 13411
165408 13411
176582 13408
177327 14153.1
178820 14904.2
179565 14157.1
189993 13411
192972 13407
193717 14152.1
203404 13411
207873 14156.1
217560 14156.1
220539 12666
228736 11175.9
230228 12668
233205 12666
242892 14156.1
243637 13409
244382 14154.1
246616 13411
255558 12666
257050 13413
268224 12666
268969 13411
270461 13411
283125 14156.1
283870 13409
295046 11920.9
296538 12668
297281 13411
306967 11920.9
308457 11918.9
315163 8195.64
317401 8943.7
324104 8941.7
324849 7448.58
325596 8194.64
333045 8940.7
333790 8940.7
334535 8939.7
335281 9685.75
343476 10430.8
344967 11176.9
345711 11175.9
346457 11175.9
354652 11175.9
355397 11920.9
357632 12665
358377 12666
359124 12667
367318 12666
