3728.44 3728.44
9687.9 5959.46
11177 7448.58
20863.8 11175.9
22353.9 12666
23843 12666
24592.1 13415
34278.8 13415
36510 15646.2
39494.2 14902.2
44706.6 10427.8
46194.7 9684.75
47684.9 8190.64
49180 9685.75
54392.4 9685.75
55880.5 9685.75
57370.6 9685.75
59609.8 10429.8
61099.9 11919.9
67802.4 13410
69291.5 13411
70781.7 13411
73020.8 13411
75256 14156.1
84197.7 16395.3
85687.8 17885.4
86428.9 17137.3
87923 17141.3
90157.2 17136.3
92388.3 17132.3
103568 13411
105054 14897.2
105803 13415
106549 14161.1
116980 13412
118465 13411
119210 13407
119955 13406
129645 12665
131131 14151.1
131880 13415
141566 11920.9
143052 11920.9
143801 11920.9
153484 11917.9
154978 11925.9
155723 11921.9
156463 12662
166898 13414
167640 12662
168384 12661
169129 12666
170619 14156.1
181054 14156.1
181796 14156.1
182540 14156.1
183285 14156.1
184776 14156.1
195210 14156.1
195956 14902.2
196701 14905.2
197442 14901.2
209366 13410
210113 14156.1
210853 14151.1
211598 14156.1
221284 11917.9
222029 11916.9
222774 11920.9
223519 12666
224264 12666
234698 13414
235444 13415
236190 13416
236935 13416
237680 14161.1
239165 14901.2
248856 11920.9
249597 12662
251086 13406
252581 13416
261518 12662
262263 12666
263752 12666
264500 13414
265247 12666
274929 13411
275674 13411
277168 13416
277913 13413
278658 14158.1
279403 14156.1
288344 13415
289829 11170.9
290575 11916.9
292064 12661
299515 11171.9
301755 11925.9
302500 11924.9
303990 11925.9
