3728.44 3728.44
9687.9 5959.46
11177 7448.58
20863.8 11175.9
21608.8 11920.9
22353.9 11176.9
23097.9 11920.9
34274.8 13411
35763.9 14900.2
36510 13412
48430.9 14156.1
50665.1 14901.2
51411.2 14901.2
62590 14159.1
64076.1 15645.2
65567.3 14902.2
66312.3 14901.2
75254 12664
76744.1 12668
78232.2 14156.1
79726.4 14159.1
80471.4 14159.1
87171.9 11917.9
89410.1 12666
90154.2 11921.9
90899.2 11172.9
91643.3 11916.9
93133.4 12662
99837.9 12666
102821 13411
104313 14159.1
105055 14156.1
105799 14156.1
107290 15646.2
119211 14898.2
119956 14901.2
120705 14905.2
122191 14901.2
131132 10427.8
132621 10430.8
143053 11920.9
144542 13410
146037 13415
158700 15646.2
160189 15646.2
170620 11920.9
172110 11920.9
182544 11923.9
184030 11920.9
184780 12670
194462 11917.9
195207 11176.9
195951 11171.9
197442 12662
205638 11175.9
206383 11175.9
207127 11175.9
208617 11175.9
216814 11175.9
217559 11920.9
218303 11919.9
219793 12666
220538 11920.9
231715 14901.2
232460 14901.2
233204 15645.2
234698 16395.3
235443 15650.2
236189 15650.2
245126 13411
245871 10427.8
246616 10427.8
248105 11916.9
255557 10430.8
257046 11174.9
257791 11174.9
259281 11175.9
269713 14156.1
271206 15649.2
271951 14905.2
272692 14901.2
274183 14901.2
286107 16394.3
286853 15646.2
287594 16387.3
288339 16387.3
289829 17136.3
290574 16391.3
300261 14153.1
301009 14156.1
301754 14160.1
302495 14156.1
303985 15646.2
305479 15650.2
306223 15649.2
316652 16391.3
318145 17136.3
318890 17136.3
319635 17140.3
321125 17140.3
