2980.38 2980.38
10435 7454.58
11923.1 8942.7
23101.9 12667
25335.1 13412
34276.8 11174.9
36511 11175.9
37256.1 11920.9
45452.7 11175.9
48431.9 11920.9
49177 11920.9
49924 12668
60354.9 14902.2
63333.1 13409
64078.1 14154.1
71529.7 11174.9
74511 11177.9
84939.8 10428.8
86428.9 11917.9
98351.8 13412
99839.9 13411
110273 11920.9
111017 12665
112506 12666
124429 14156.1
125173 14156.1
125917 14900.2
127410 14904.2
140074 15645.2
140819 15646.2
154230 14156.1
154975 14901.2
155719 14900.2
169876 15646.2
170621 15646.2
171366 15646.2
172114 16394.3
184778 14901.2
185523 13409
186267 14153.1
197444 12666
198189 12666
198936 12669
210110 11920.9
210857 11920.9
220540 10430.8
221285 10428.8
222775 11917.9
233207 12667
233951 12666
235440 12666
236185 13410
247363 14156.1
248107 14156.1
249597 14156.1
250341 14156.1
260773 13410
261519 14155.1
263008 12667
274932 14158.1
275677 14158.1
277167 14159.1
289833 12666
291320 14153.1
301007 11173.9
302496 11175.9
307712 6705.52
308455 7448.58
309946 7450.58
316653 8940.7
317396 8940.7
318142 9686.75
319632 9685.75
328574 11920.9
329321 11924.9
330063 11920.9
331553 11920.9
332301 12669
340495 11920.9
341240 11918.9
341987 11923.9
342729 11175.9
350180 8940.7
350925 8938.7
351670 8940.7
360611 10430.8
361356 10430.8
362101 11175.9
362848 11178.9
373279 11177.9
374024 11922.9
374766 11917.9
379985 6705.52
380730 6705.52
381472 6705.52
382217 7450.58
382962 2977.23
383707 2977.23
384455 2983.23
385200 2983.23
