1933.12 0
5658.41 0
8638.64 0
15344.2 1
16834.3 1
17579.3 1
19814.5 2
20559.6 2
28755.2 3
32480.5 3
33225.6 3
40676.1 3
41421.2 3
42911.3 3
51852 3
52597.1 3
54087.2 3
54832.2 3
65263.1 3
66008.1 3
67498.2 3
68988.3 3
78674.1 3
79419.2 3
80164.2 3
81654.3 3
82399.4 3
92830.2 3
93575.3 3
94320.3 3
95810.4 3
105496 3
106241 3
107731 3
108476 3
117417 3
118162 3
119652 3
120397 3
121142 3
130083 3
130828 3
132318 3
133808 3
144984 3
146474 3
147964 3
157650 3
159140 3
160630 3
168081 3
168826 3
180002 3
180747 3
182237 3
192668 3
193413 3
206824 3
207569 3
220235 3
231411 3
232156 3
244822 3
245567 3
259723 3
260468 3
271644 3
284310 3
285800 3
300701 3
302192 3
312622 3
313367 3
314112 3
321563 3
322308 3
329759 3
330504 3
339444 3
340189 3
341680 3
349875 3
351365 3
352855 3
353601 3
361796 3
363286 3
364776 3
365521 3
367012 3
370737 3
372227 3
373717 3
374462 3
375207 3
375952 3
378932 3
380423 3
381913 3
382658 3
383403 3
384148 3
384893 3
385638 3
