228.666 228.666
783.46 554.794
895.219 666.552
1789.29 1005.83
2015.81 1232.35
2128.56 1233.35
2351.08 1455.86
3917.7 2128.42
4024.46 2235.17
4364.74 2348.93
4476.5 2460.69
4588.26 2459.69
4811.77 2683.21
5033.29 2682.21
5256.81 2905.73
7270.47 2458.69
7377.22 2565.45
7491.98 2458.69
7603.74 2346.93
8498.81 1228.35
8606.57 1229.35
8718.33 1226.35
9729.16 1122.59
9835.92 1229.35
9950.67 1232.35
11293.8 1564.62
11405.5 1569.62
11515.3 1564.62
11738.8 1788.14
13193.7 1899.9
13300.4 1894.9
13415.2 1899.9
13640.7 1901.9
13752.5 2013.66
15200.3 2006.66
15312.1 1671.38
15423.9 1671.38
16765 1564.62
16991.5 1679.38
17105.2 1681.38
17215 1791.14
18329.6 1564.62
18669.9 1678.38
18781.6 1676.38
18893.4 1678.38
19114.9 1899.9
20341.2 1447.86
20453 1559.62
20679.5 1564.62
21686.3 1345.1
21908.9 1455.86
22242.1 1562.62
22353.9 1674.38
23474.5 1788.14
23587.2 1678.38
23918.5 1676.38
24030.3 1676.38
24142 1788.14
25039.1 1564.62
25146.9 1559.62
25485.1 1566.62
25708.7 1678.38
25818.4 1676.38
26827.2 1788.14
27051.8 2012.66
27273.3 2126.42
27383 1897.9
28723.1 1671.38
28946.7 1673.38
29059.4 1786.14
29175.2 1792.14
30287.8 1564.62
30623 1447.86
30735.8 1560.62
31854.4 1566.62
32190.7 1567.62
32416.2 1680.38
33198.5 1344.1
33420 1565.62
34313.1 1114.59
34422.8 1224.35
34649.3 1229.35
35877.7 1564.62
35987.5 1564.62
36214 1564.62
36437.5 1788.14
37889.4 2011.66
38001.1 2013.66
38225.6 2011.66
39677.5 1676.38
39902 1900.9
40010.8 1785.14
41689.1 2011.66
41913.7 2011.66
42027.4 2016.66
42137.2 2126.42
43927.3 2238.17
44036.1 2122.42
44147.8 2120.42
44262.6 2125.42
