561.943 561.943
1455.01 893.07
1677.53 1115.59
3243.15 1788.14
3466.67 2011.66
3578.43 1900.9
3805.95 2128.42
7046.95 3468.52
7157.71 3351.76
8388.05 1230.35
9502.64 1114.59
9616.4 1228.35
11067.3 1564.62
11181 1564.62
12855.4 1788.14
12967.2 1899.9
13081.9 1900.9
14978.8 2011.66
15090.6 2008.66
16546.4 1567.62
16655.2 1564.62
16876.7 1786.14
18110.1 1563.62
18221.8 1566.62
18441.3 1564.62
18558.1 1681.38
20010 1899.9
20121.7 1899.9
20233.5 1792.14
21462.8 1341.1
21574.6 1452.86
21794.1 1560.62
23140.2 1677.38
23358.7 1784.14
24701.8 1561.62
24928.3 1569.62
26490 1788.14
26716.5 1788.14
26935 2006.66
28504.6 1788.14
28616.4 1681.38
30066.2 1561.62
30178 1561.62
30404.5 1788.14
31742.6 1676.38
31964.1 1559.62
33083.7 1341.1
33310.2 1346.1
34203.3 1119.59
34537.6 1227.35
34758.1 1447.86
35765.9 1562.62
36102.2 1564.62
36322.7 1564.62
36551.2 1793.14
37777.6 2011.66
38110.9 2008.66
38337.4 2014.66
38449.1 1897.9
39342.2 1564.62
39563.7 1786.14
39792.2 1681.38
40125.5 1788.14
40237.3 1788.14
41242.1 1899.9
41463.6 1899.9
41577.4 2013.66
41803.9 2011.66
42248.9 2123.42
42360.7 2123.42
43480.3 2238.17
43698.8 2235.17
45153.7 1673.38
45267.4 1568.62
45380.2 1681.38
46385 1231.35
46496.8 1343.1
46609.5 1342.1
47726.1 1229.35
47837.9 1341.1
48057.4 1447.86
49291.7 1565.62
49403.5 1565.62
49627 1569.62
49735.8 1678.38
