245 245
843 843
1443 1198
1563 1318
2527 1684
2766 1923
3728 2285
3968 2525
4087 2524
4328 2765
5763 3236
5887 3360
6006 3240
6246 3480
7803 2040
7923 2036
8046 2159
8168 2162
8288 2042
9963 2160
10087 1919
10206 2038
10446 2158
12127 2164
12247 2160
12367 2161
12606 2400
14527 2280
14647 2280
14768 2401
14886 2280
16807 2160
16927 2159
17046 2160
19087 2280
19207 2400
19326 2280
21007 1920
21127 1920
22927 1920
23047 1920
23286 2159
24727 1800
24847 1800
25086 1800
25205 1919
27127 2400
27247 2400
27488 2402
27605 2519
27725 2520
29167 1679
29406 1801
29525 1920
29768 2043
31325 2158
31566 2160
31928 2160
33365 2040
33606 2040
35285 1920
35408 2043
35648 2042
37327 2042
37566 1918
39007 1680
39127 1800
39366 1800
41168 2161
41288 2161
41526 2399
41646 2280
43327 2159
43448 2160
43686 2398
43805 2279
43926 2280
45603 2276
45723 2275
45966 2280
46086 2400
47888 2165
48007 2284
48126 2160
49923 2035
