561.943 2
1455.01 3
1677.53 4
3243.15 5
3465.67 6
3577.43 7
3800.95 8
6707.67 1
9725.16 2
10619.2 3
10953.5 4
12299.6 1
12523.1 2
12857.4 2.5
14530.8 2.9
14645.5 3.24483
15983.6 3.55301
16211.2 3.83446
16429.7 1
17771.8 2
19224.6 2.5
19339.4 2.9
20677.5 3.24483
20905 3.55301
22577.4 3.83446
22692.2 4.09525
23027.4 4.33944
24589.1 4.56988
24700.8 4.78871
24811.6 4.99753
25150.9 1
26380.2 2
26493 3
28165.3 3.33333
28281.1 3.63333
28499.6 3.90856
29394.7 4.16441
29506.4 4.40454
29729 4.63158
31075.1 1
31186.8 2
31410.3 3
31521.1 3.33333
33085.7 3.63333
33197.5 3.90856
33417 4.16441
34985.6 4.40454
35097.4 4.63158
35316.9 4.84749
35432.7 5.05378
36997.3 5.25165
37109 5.44207
37328.6 5.62582
37557.1 1
37780.6 2
39232.5 3
40797.1 3.33333
40908.8 3.63333
41016.6 3.90856
42361.7 4.16441
42473.5 4.40454
42585.2 4.63158
43814.6 1
44039.1 2
44149.8 3
44369.4 3.33333
45939 3.63333
46050.7 1
46157.5 2
47390.8 2.5
47502.6 2.9
48620.2 3.24483
48731.9 3.55301
