240 6000
360 4500
480 3000
600 1500
720 4500
840 3000
960 1500
1080 0
1240 6000
1360 4500
1480 3000
1600 1500
1720 7500
1840 6000
1960 4500
2080 3000
2200 9000
2320 7500
2440 6000
2560 4500
2680 10500
2800 9000
2920 7500
3040 6000
3160 12000
3280 10500
3400 9000
3520 7500
3640 13500
3760 12000
3880 10500
4000 9000
4120 7500
4240 13500
4360 12000
4480 10500
4600 9000
4720 15000
4840 13500
4960 12000
5080 10500
5200 16500
5320 15000
5440 13500
5560 12000
5680 18000
5800 16500
5920 15000
6040 13500
6160 19500
6280 18000
6400 16500
6520 15000
6640 21000
6760 19500
6880 18000
7000 16500
7120 16500
7240 21000
7360 19500
7480 18000
7600 16500
7720 22500
7840 21000
7960 19500
8080 18000
8200 24000
8320 22500
8440 21000
8560 19500
8680 25500
8800 24000
8920 22500
9040 21000
9160 27000
9280 25500
9400 24000
9520 22500
9640 28500
9760 27000
9880 25500
10000 24000
10120 24000
10240 27000
10360 25500
10480 24000
10600 22500
10720 28500
10840 27000
10960 25500
11080 24000
11200 30000
11320 28500
11440 27000
11560 25500
11680 31500
11800 30000
11920 28500
12040 27000
12160 33000
12280 31500
12400 30000
12520 28500
12640 33000
12760 31500
12880 30000
13000 28500
13120 27000
13240 33000
13360 31500
13480 30000
13600 28500
13720 34500
13840 33000
13960 31500
14080 30000
14200 34500
14320 33000
14440 31500
14560 30000
14680 36000
14800 34500
14920 33000
15040 31500
15160 37500
15280 36000
15400 34500
15520 33000
15640 39000
15760 37500
15880 36000
16000 34500
16120 33000
16240 39000
16360 37500
16480 36000
16600 34500
16720 40500
16840 39000
16960 37500
17080 36000
17200 40500
17320 39000
17440 37500
17560 36000
17680 42000
17800 40500
17920 39000
18040 37500
18160 43500
18280 42000
18400 40500
18520 39000
18640 45000
18760 43500
18880 42000
19000 40500
19120 39000
19240 42000
19360 40500
19480 39000
19600 37500
19720 43500
19840 42000
19960 40500
20080 39000
20200 43500
20320 42000
20440 40500
20560 39000
20680 43500
20800 42000
20920 40500
21040 39000
21160 43500
21280 42000
21400 40500
21520 39000
21640 45000
21760 43500
21880 42000
22000 40500
22120 39000
22240 42000
22360 40500
22480 39000
22600 37500
22720 43500
22840 42000
22960 40500
23080 39000
23200 45000
23320 43500
23440 42000
23560 40500
23680 46500
23800 45000
23920 43500
24040 42000
24160 46500
24280 45000
24400 43500
24520 42000
24640 46500
24760 45000
24880 43500
25000 42000
25120 42000
25240 45000
25360 43500
25480 42000
25600 40500
25720 46500
25840 45000
25960 43500
26080 42000
26200 46500
26320 45000
26440 43500
26560 42000
26680 48000
26800 46500
26920 45000
27040 43500
27160 48000
27280 46500
27400 45000
27520 43500
27640 48000
27760 46500
27880 45000
28000 43500
28120 43500
28240 46500
28360 45000
28480 43500
28600 42000
28720 46500
28840 45000
28960 43500
29080 42000
29200 46500
29320 45000
29440 43500
29560 42000
29680 46500
29800 45000
29920 43500
30040 42000
30160 46500
30280 45000
30400 43500
30520 42000
30640 46500
30760 45000
30880 43500
31000 42000
31120 40500
31240 43500
31360 42000
31480 40500
31600 39000
31720 45000
31840 43500
31960 42000
32080 40500
32200 45000
32320 43500
32440 42000
32560 40500
32680 45000
32800 43500
32920 42000
33040 40500
33160 45000
33280 43500
33400 42000
33520 40500
33640 45000
33760 43500
33880 42000
34000 40500
34120 39000
34240 43500
34360 42000
34480 40500
34600 39000
34720 43500
34840 42000
34960 40500
35080 39000
35200 43500
35320 42000
35440 40500
35560 39000
35680 43500
35800 42000
35920 40500
36040 39000
36160 43500
36280 42000
36400 40500
36520 39000
36640 42000
36760 40500
36880 39000
37000 37500
37120 37500
37240 40500
37360 39000
37480 37500
37600 36000
37720 40500
37840 39000
37960 37500
38080 36000
38200 39000
38320 37500
38440 36000
38560 34500
38680 37500
38800 36000
38920 34500
39040 33000
39160 37500
39280 36000
39400 34500
39520 33000
39640 37500
39760 36000
39880 34500
40000 33000
40120 31500
40240 36000
40360 34500
40480 33000
40600 31500
40720 37500
40840 36000
40960 34500
41080 33000
41200 37500
41320 36000
41440 34500
41560 33000
41680 36000
41800 34500
41920 33000
42040 31500
42160 37500
42280 36000
42400 34500
42520 33000
42640 37500
42760 36000
42880 34500
43000 33000
43120 31500
43240 36000
43360 34500
43480 33000
43600 31500
43720 36000
43840 34500
43960 33000
44080 31500
44200 36000
44320 34500
44440 33000
44560 31500
44680 37500
44800 36000
44920 34500
45040 33000
45160 37500
45280 36000
45400 34500
45520 33000
45640 39000
45760 37500
45880 36000
46000 34500
46120 33000
46240 39000
46360 37500
46480 36000
46600 34500
46720 39000
46840 37500
46960 36000
47080 34500
47200 40500
47320 39000
47440 37500
47560 36000
47680 40500
47800 39000
47920 37500
48040 36000
48160 40500
48280 39000
48400 37500
48520 36000
48640 40500
48760 39000
48880 37500
49000 36000
49120 34500
49240 40500
49360 39000
49480 37500
49600 36000
49720 42000
49840 40500
49960 39000
