4172.44 2
13110.1 2
14604.7 2.5
28013.3 2.9
30995.5 3.24483
38444.1 3.55301
39932.2 3.83446
41422.3 4.09525
51110.1 4.33944
52598.2 4.56988
54088.3 4.78871
55578.4 1
66011.3 1
67503.4 2
68989.5 3
81657.5 3.33333
82401.5 3.63333
83145.6 3.90856
92087.3 4.16441
92832.3 4.40454
93576.4 4.63158
104008 4.84749
104753 5.05378
105497 5.25165
106987 5.44207
119655 5.62582
120402 5.80357
121144 5.97588
122634 6.14322
123383 6.306
136791 6.46458
137537 6.61927
138280 1
139025 1
139774 2
140519 3
149457 4
150203 4.25
150946 4.48529
162126 4.70824
162869 4.92064
163612 5.12386
164357 5.31903
175534 1
176280 2
177027 3
177772 3.33333
179258 3.63333
188945 3.90856
189690 4.16441
191179 4.40454
203847 4.63158
204592 4.84749
205335 5.05378
206825 1
218003 2
218748 3
219495 3.33333
220236 3.63333
230668 3.90856
231414 4.16441
232157 4.40454
244827 4.63158
245572 1
246313 2
247062 3
257490 3.33333
258236 3.33333
258979 3.63333
267177 3.90856
267922 4.16441
268665 4.40454
279097 4.63158
279843 4.84749
280586 1
282080 2
292508 3
293254 3.33333
304429 3.63333
305918 3.90856
306665 4.16441
319330 4.40454
320819 1
321566 2
322313 3
334231 3
335720 3.33333
337210 1
346900 2
348386 2.5
354348 2.9
355837 3.24483
361799 3.55301
363287 3.83446
364034 4.09525
371487 4.33944
372973 4.56988
373722 4.78871
375212 4.99753
380428 5.19763
