673.701 2
1566.77 3
1905.05 4
3354.91 5
3689.19 6
4136.22 7
4247.98 8
6260.64 1
6823.43 2
9388.88 3
9500.64 4
10506.5 4.25
10734 4.48529
10957.5 4.70824
11181 4.92064
12411.4 5.12386
12633.9 1
12853.4 2
13861.2 3
13972 3.33333
15090.6 3.63333
15316.1 3.90856
15539.6 4.16441
16543.4 4.40454
16766 4.63158
16992.5 4.84749
17216 5.05378
18331.6 5.25165
18665.9 5.44207
18892.4 5.62582
19115.9 5.80357
19339.4 1
20455 2
20789.3 3
20901 3.33333
21012.8 3.63333
22353.9 3.90856
22580.4 4.16441
22689.2 4.40454
23807.8 4.63158
24033.3 4.84749
24146 1
24256.8 2
25484.1 3
25706.7 3.33333
27047.8 3.63333
27274.3 3.90856
27497.8 4.16441
29063.4 4.40454
29394.7 4.63158
29621.2 1
29734 2
30739.8 3
31074.1 3.33333
32189.7 3.63333
32304.4 3.90856
32526.9 4.16441
33530.8 4.40454
33642.5 4.63158
33868 4.84749
34091.6 1
35096.4 2
35210.1 3
35432.7 3.33333
36548.2 3.63333
36660 3.90856
36885.5 4.16441
38225.6 1
38451.1 2
38782.4 3
38894.2 3.33333
40794.1 3.63333
41020.6 1
41245.1 2
42696 2.5
42920.5 2.9
44260.6 3.24483
44593.9 3.55301
45715.5 3.83446
45825.2 4.09525
46161.5 4.33944
47391.8 4.56988
47503.6 4.78871
47614.4 4.99753
47837.9 5.19763
49063.2 5.39003
49180 5.57555
49290.7 5.75491
49514.3 5.92867
49734.8 6.09735
