2997.23 0
7467.58 0
10447.8 0
11937.9 0
20133.6 1
20878.6 1
23113.8 1
25349 1
35034.7 1
36524.8 1
37269.9 1
43975.4 1
46210.6 1
46955.7 1
47700.7 1
56641.4 1
59621.6 1
60366.7 1
61111.8 1
67072.2 1
67817.3 1
72287.6 1
73032.7 1
73777.7 1
78993.2 1
80483.3 1
81228.3 1
87188.8 1
87933.9 1
94639.4 1
99854.8 1
101345 1
102090 1
105815 1
111031 1
112521 1
113266 1
114756 1
117736 1
122207 1
123697 1
124442 1
126677 1
128167 1
137108 1
138598 1
140833 1
142323 1
151264 1
153499 1
155734 1
157224 1
158714 1
166165 1
167655 1
169145 1
170635 1
172125 1
172870 1
179576 1
181066 1
184791 1
185536 1
193732 1
195222 1
197457 1
207143 1
208633 1
210123 1
218319 1
220554 1
222789 1
234710 1
237691 1
249611 1
251847 1
262277 1
263022 1
265258 1
274943 1
275688 1
277179 1
278669 1
289845 1
291335 1
292080 1
302511 1
304746 1
305491 1
314432 1
315922 1
318157 1
318902 1
326352 1
327843 1
329333 1
330823 1
341999 1
343489 1
344234 1
353920 1
355410 1
356155 1
