1510.27 1496.27
1511.27 1
4502.8 2991.53
4503.8 1
5234.56 730.76
5978.61 744.058
13103.9 7125.29
16411.4 3307.52
16627.4 215.927
17899.5 1272.19
31314.6 13415
32800.7 1486.12
32801.7 1
38764.2 5962.46
39508.2 744.058
40251.3 743.058
40252.3 1
49194 8941.7
49939 745.058
50682.1 743.058
51427.2 745.058
60370.9 8943.7
60371.9 1
62603 2231.17
73035.8 10432.8
73780.9 745.058
74524 743.058
83466.7 8942.7
83467.7 1
84211.7 744.058
84954.8 743.058
96132.6 11177.9
96133.6 1
96879.7 746.058
106563 9683.75
107309 745.058
108054 745.058
108055 1
118484 10429.8
119972 1488.12
120720 747.058
121463 743.058
121464 1
134131 12667
134878 747.058
135619 741.058
146799 11179.9
147542 743.058
147543 1
157227 9684.75
157228 1
157974 746.058
168403 10428.8
169148 745.058
180324 11175.9
181069 745.058
181070 1
194480 13410
195225 745.058
196713 1488.12
196714 1
207891 11176.9
208636 745.058
219812 11175.9
219813 1
220559 746.058
230988 10428.8
231733 745.058
233221 1488.12
243656 10434.8
243657 1
245142 1485.12
254087 8944.7
254088 1
254830 742.058
264515 9684.75
265261 746.058
266749 1488.12
266750 1
278672 11921.9
279417 745.058
280905 1488.12
281653 748.058
281654 1
290593 8938.7
292081 1488.12
293575 1494.12
294319 744.058
295061 742.058
302514 7452.58
302515 1
303259 744.058
304747 1488.12
305492 745.058
306237 745.058
315927 9689.75
316670 743.058
316671 1
318158 1487.12
318903 745.058
319648 745.058
320393 745.058
329336 8942.7
