1490.12 0
5215.41 0
8940.7 0
13411 1
15646.2 1
17136.3 1
18626.5 2
20861.6 2
27567.1 3
32037.5 3
32782.6 3
41723.3 3
43213.4 3
43958.4 3
55134.3 3
57369.5 3
68545.3 3
70035.5 3
81956.4 3
83446.5 3
84936.6 3
97602.6 3
98347.7 3
111014 3
112504 3
122935 3
124425 3
134110 3
136346 3
148267 3
151247 3
151992 3
162423 3
163913 3
164658 3
166148 3
172853 3
174344 3
175089 3
176579 3
185519 3
187010 3
188500 3
189245 3
190735 3
199676 3
201166 3
202656 3
203401 3
211596 3
213832 3
214577 3
223517 3
224262 3
225753 3
226498 3
235438 3
236183 3
237674 3
238419 3
239164 3
249594 3
251085 3
252575 3
253320 3
254065 3
255555 3
267476 3
269711 3
271201 3
277907 3
280887 3
288337 3
291318 3
301003 3
302494 3
304729 3
316650 3
318140 3
318885 3
321120 3
329316 3
333041 3
334531 3
341982 3
345707 3
347197 3
356883 3
357628 3
359863 3
366569 3
367314 3
368804 3
372529 3
373274 3
374764 3
378489 3
379235 3
380725 3
381470 3
382960 3
383705 3
384450 3
385195 3
