240 6000
360 4500
480 3000
600 1500
720 4500
840 3000
960 1500
1080 0
1240 6000
1360 4500
1480 3000
1600 1500
1720 7500
1840 6000
1960 4500
2080 3000
2200 9000
2320 7500
2440 6000
2560 4500
2680 10500
2800 9000
2920 7500
3040 6000
3160 12000
3280 10500
3400 9000
3520 7500
3640 13500
3760 12000
3880 10500
4000 9000
4120 7500
4240 13500
4360 12000
4480 10500
4600 9000
4720 15000
4840 13500
4960 12000
5080 10500
5200 16500
5320 15000
5440 13500
5560 12000
5680 18000
5800 16500
5920 15000
6040 13500
6160 19500
6280 18000
6400 16500
6520 15000
6640 21000
6760 19500
6880 18000
7000 16500
7120 16500
7240 21000
7360 19500
7480 18000
7600 16500
7720 22500
7840 21000
7960 19500
8080 18000
8200 24000
8320 22500
8440 21000
8560 19500
8680 24000
8800 22500
8920 21000
9040 19500
9160 25500
9280 24000
9400 22500
9520 21000
9640 27000
9760 25500
9880 24000
10000 22500
10120 21000
10240 25500
10360 24000
10480 22500
10600 21000
10720 27000
10840 25500
10960 24000
11080 22500
11200 28500
11320 27000
11440 25500
11560 24000
11680 30000
11800 28500
11920 27000
12040 25500
12160 31500
12280 30000
12400 28500
12520 27000
12640 33000
12760 31500
12880 30000
13000 28500
13120 27000
13240 33000
13360 31500
13480 30000
13600 28500
13720 34500
13840 33000
13960 31500
14080 30000
14200 34500
14320 33000
14440 31500
14560 30000
14680 34500
14800 33000
14920 31500
15040 30000
15160 36000
15280 34500
15400 33000
15520 31500
15640 37500
15760 36000
15880 34500
16000 33000
16120 31500
16240 37500
16360 36000
16480 34500
16600 33000
16720 39000
16840 37500
16960 36000
17080 34500
17200 39000
17320 37500
17440 36000
17560 34500
17680 39000
17800 37500
17920 36000
18040 34500
18160 39000
18280 37500
18400 36000
18520 34500
18640 40500
18760 39000
18880 37500
19000 36000
19120 34500
19240 37500
19360 36000
19480 34500
19600 33000
19720 39000
19840 37500
19960 36000
20080 34500
20200 40500
20320 39000
20440 37500
20560 36000
20680 40500
20800 39000
20920 37500
21040 36000
21160 40500
21280 39000
21400 37500
21520 36000
21640 42000
21760 40500
21880 39000
22000 37500
22120 36000
22240 42000
22360 40500
22480 39000
22600 37500
22720 43500
22840 42000
22960 40500
23080 39000
23200 43500
23320 42000
23440 40500
23560 39000
23680 43500
23800 42000
23920 40500
24040 39000
24160 45000
24280 43500
24400 42000
24520 40500
24640 45000
24760 43500
24880 42000
25000 40500
25120 39000
25240 45000
25360 43500
25480 42000
25600 40500
25720 45000
25840 43500
25960 42000
26080 40500
26200 45000
26320 43500
26440 42000
26560 40500
26680 45000
26800 43500
26920 42000
27040 40500
27160 46500
27280 45000
27400 43500
27520 42000
27640 48000
27760 46500
27880 45000
28000 43500
28120 42000
28240 48000
28360 46500
28480 45000
28600 43500
28720 48000
28840 46500
28960 45000
29080 43500
29200 49500
29320 48000
29440 46500
29560 45000
29680 49500
29800 48000
29920 46500
30040 45000
30160 49500
30280 48000
30400 46500
30520 45000
30640 51000
30760 49500
30880 48000
31000 46500
31120 45000
31240 49500
31360 48000
31480 46500
31600 45000
31720 51000
31840 49500
31960 48000
32080 46500
32200 51000
32320 49500
32440 48000
32560 46500
32680 49500
32800 48000
32920 46500
33040 45000
33160 49500
33280 48000
33400 46500
33520 45000
33640 49500
33760 48000
33880 46500
34000 45000
34120 45000
34240 48000
34360 46500
34480 45000
34600 43500
34720 48000
34840 46500
34960 45000
35080 43500
35200 48000
35320 46500
35440 45000
35560 43500
35680 48000
35800 46500
35920 45000
36040 43500
36160 48000
36280 46500
36400 45000
36520 43500
36640 48000
36760 46500
36880 45000
37000 43500
37120 42000
37240 45000
37360 43500
37480 42000
37600 40500
37720 45000
37840 43500
37960 42000
38080 40500
38200 45000
38320 43500
38440 42000
38560 40500
38680 45000
38800 43500
38920 42000
39040 40500
39160 45000
39280 43500
39400 42000
39520 40500
39640 45000
39760 43500
39880 42000
40000 40500
40120 39000
40240 43500
40360 42000
40480 40500
40600 39000
40720 43500
40840 42000
40960 40500
41080 39000
41200 42000
41320 40500
41440 39000
41560 37500
41680 42000
41800 40500
41920 39000
42040 37500
42160 42000
42280 40500
42400 39000
42520 37500
42640 42000
42760 40500
42880 39000
43000 37500
43120 36000
43240 40500
43360 39000
43480 37500
43600 36000
43720 40500
43840 39000
43960 37500
44080 36000
44200 42000
44320 40500
44440 39000
44560 37500
44680 43500
44800 42000
44920 40500
45040 39000
45160 42000
45280 40500
45400 39000
45520 37500
45640 40500
45760 39000
45880 37500
46000 36000
46120 34500
46240 40500
46360 39000
46480 37500
46600 36000
46720 40500
46840 39000
46960 37500
47080 36000
47200 40500
47320 39000
47440 37500
47560 36000
47680 40500
47800 39000
47920 37500
48040 36000
48160 39000
48280 37500
48400 36000
48520 34500
48640 39000
48760 37500
48880 36000
49000 34500
49120 34500
49240 37500
49360 36000
49480 34500
49600 33000
49720 39000
49840 37500
49960 36000
