4489.5 2
12687.1 2
14921.3 2.5
29079.4 2.9
29823.5 3.24483
39507.2 3.55301
40254.3 3.83446
40998.3 4.09525
50683.1 4.33944
51430.2 1
52174.2 2
52921.3 3
64841.2 3.33333
65586.3 3.63333
66330.3 3.90856
78997.3 1
79742.4 2
80488.4 2
92408.3 2.5
93153.4 2.9
103584 1
104329 2
116995 2.5
117740 2.9
129662 1
131152 2
140092 2.5
141581 2.9
150523 3.24483
152012 3.55301
163189 1
163934 2
165423 2
175111 2.5
176599 2.9
185541 3.24483
187030 3.55301
194481 3.83446
195226 4.09525
196715 4.33944
207148 4.56988
207892 4.78871
208636 4.99753
210127 5.19763
221301 5.39003
222048 5.57555
222793 5.75491
224283 5.92867
225026 6.09735
236203 6.26135
236950 1
237694 2
239186 3
239927 4
240676 4.25
249614 4.48529
251105 4.70824
251848 4.92064
252595 5.12386
263025 5.31903
264516 5.50703
265259 5.68862
266006 5.86441
266751 1
279416 2
280909 3
281654 3.33333
282397 3.63333
290592 3.90856
291337 4.16441
292083 4.40454
302513 4.63158
303258 4.84749
304003 5.05378
304749 5.25165
314434 5.44207
315925 5.62582
316669 5.80357
317414 5.97588
318160 6.14322
327845 6.306
329336 6.46458
330826 6.61927
331570 6.77034
332315 6.91805
333061 7.0626
342749 7.20419
344237 7.343
345727 7.47918
347216 7.61288
347961 7.74424
348707 7.87337
349452 8.00038
356905 1
357650 2
359140 3
361372 4
362117 5
362865 5.2
363610 5.39231
