228.666 228.666
783.46 554.794
895.219 666.552
1789.29 1005.83
2015.81 1232.35
2128.56 1233.35
2351.08 1455.86
3916.7 2127.42
4028.46 2239.17
4363.74 2347.93
4475.5 2459.69
4587.26 2458.69
4811.77 2683.21
5033.29 2682.21
5256.81 2905.73
8275.29 3463.52
8499.81 3466.52
8611.57 3354.76
8723.33 3466.52
9500.64 777.311
10394.7 894.07
10510.5 1009.83
11628.1 1233.35
11850.6 1340.1
13192.7 1564.62
13415.2 1787.14
13529 1678.38
15204.3 2011.66
15316.1 1900.9
15426.9 2011.66
15538.6 2009.66
16993.5 1789.14
17104.2 1788.14
17215 1788.14
17326.7 1788.14
17440.5 1901.9
18553.1 1559.62
18669.9 1565.62
19670.7 1117.59
19782.4 1229.35
19897.2 1227.35
21347.1 1676.38
21458.8 1676.38
21573.6 1676.38
21685.3 1788.14
23140.2 1793.14
23247 1788.14
23361.7 1788.14
23473.5 1788.14
23585.2 1899.9
25146.9 2006.66
25258.6 2011.66
25370.4 2008.66
25485.1 2011.66
25596.9 2011.66
27275.3 2128.42
27498.8 2351.93
27610.6 2351.93
27720.3 2349.93
29058.4 1559.62
29170.2 1559.62
29284.9 1674.38
29508.4 1788.14
30734.8 1676.38
30846.6 1676.38
30961.3 1676.38
31184.8 1676.38
31295.6 1787.14
32411.2 1676.38
32522.9 1676.38
32634.7 1673.38
32861.2 1676.38
32975 1679.38
33084.7 1789.14
34199.3 1788.14
34427.8 1904.9
34539.6 1904.9
34651.3 1790.14
34763.1 1788.14
34872.9 1788.14
36211 1559.62
36322.7 1559.62
36439.5 1676.38
36661 1788.14
37887.4 1447.86
38110.9 1449.86
39452 1564.62
39678.5 1791.14
39902 1791.14
41468.6 2016.66
41798.9 2120.42
41910.7 2232.17
42139.2 2237.17
43029.3 1560.62
43587 1447.86
44817.4 1788.14
44933.2 1903.9
45600.7 2013.66
46717.3 1899.9
46829 1895.9
