2235.17 0
5960.46 0
9685.75 0
11175.9 0
17881.4 0
19371.5 1
22351.7 1
23841.9 1
33527.6 1
35017.7 1
35762.8 1
43213.4 1
44703.5 1
45448.5 1
46193.6 1
55134.3 1
56624.4 1
57369.5 1
58114.5 1
67055.2 1
67800.3 1
68545.3 1
69290.4 1
70035.5 1
80466.3 1
81211.3 1
81956.4 1
82701.4 1
83446.5 1
84191.6 1
94622.4 1
95367.4 1
96112.5 1
96857.5 1
108778 1
109524 1
110269 1
111014 1
121444 1
122190 1
122935 1
123680 1
136346 1
137091 1
137836 1
149757 1
150502 1
160187 1
160933 1
161678 1
173599 1
174344 1
188500 1
189990 1
190735 1
204891 1
205636 1
206381 1
207871 1
216067 1
226498 1
227988 1
239909 1
240654 1
242144 1
254810 1
255555 1
257045 1
257790 1
268221 1
268966 1
269711 1
279397 1
280142 1
280887 1
292063 1
292808 1
293553 1
305474 1
306219 1
316650 1
317395 1
318140 1
330061 1
330806 1
331551 1
332296 1
344217 1
344962 1
350922 1
351667 1
352412 1
359863 1
360608 1
361353 1
362098 1
370294 1
371039 1
371784 1
372529 1
373274 1
379980 1
380725 1
