4473.5 2
10433 3
12667.1 4
21608.8 5
23097.9 2
25338.1 3
26828.2 3.33333
35763.9 3.63333
37258.1 3.90856
40239.3 4.16441
46194.7 4.40454
47685.9 4.63158
48429.9 4.84749
49179 5.05378
55880.5 5.25165
58120.7 5.44207
58860.7 5.62582
59609.8 5.80357
60354.9 5.97588
67801.4 1
71531.7 1
72271.8 2
73021.8 3
73766.9 3.33333
81213.5 3.63333
81957.5 3.90856
83451.7 4.16441
91646.3 4.40454
92388.3 4.63158
93882.5 4.84749
94628.5 5.05378
104310 5.25165
105803 5.44207
107294 5.62582
108037 5.80357
109529 5.97588
119956 1
120701 2
122196 3
122938 3.33333
123685 3.63333
131876 3.90856
132621 4.16441
133369 4.40454
141564 4.63158
143056 1
143799 2
144544 3
154228 3
156468 3.33333
157210 3.63333
167639 3.90856
169879 4.16441
170621 4.40454
181795 4.63158
184035 1
184781 1
185526 2
198192 3
198932 3.33333
207872 3.63333
209366 3.90856
210857 4.16441
219793 4.40454
221283 4.63158
222028 4.84749
222778 5.05378
233204 5.25165
235439 1
236185 2
236935 3
237680 3.33333
246615 3.63333
249601 3.90856
250346 1
260026 2
263752 2.5
274929 2.9
277168 3.24483
286850 3.55301
289829 3.83446
291319 4.09525
300261 4.33944
303245 4.56988
305475 4.78871
306223 4.99753
315907 5.19763
316652 5.39003
318886 5.57555
320380 5.75491
330067 5.92867
330812 6.09735
331556 6.26135
333791 1
334535 2
344968 3
345709 3
346458 4
347202 4.25
353160 4.48529
