2236.17 0
6706.52 0
8196.64 0
14902.2 0
16392.3 0
17882.4 2
28313.2 2
29803.3 3
31293.4 3
40979.2 3
43214.4 3
51410 3
52900.1 3
55135.3 3
64076 3
65566.1 3
67056.2 3
68546.3 3
78232.1 3
79722.2 3
81212.3 3
82702.4 3
83447.5 3
93878.3 3
94623.4 3
96113.5 3
108779 3
109525 3
111015 3
111760 3
122191 3
122936 3
135602 3
136347 3
137092 3
151993 3
152738 3
153483 3
154228 3
169874 3
170619 3
171364 3
184030 3
184775 3
185520 3
187011 3
196696 3
197441 3
198932 3
209362 3
210107 3
211597 3
222773 3
224263 3
225009 3
226499 3
237675 3
239165 3
239910 3
240655 3
242145 3
254811 3
255556 3
257046 3
265242 3
266732 3
275672 3
277163 3
289084 3
290574 3
291319 3
305475 3
306965 3
318141 3
319631 3
332297 3
333787 3
335277 3
344218 3
344963 3
345708 3
346453 3
352413 3
353159 3
354649 3
359119 3
360609 3
361354 3
362099 3
365079 3
367315 3
368060 3
368805 3
369550 3
372530 3
375510 3
376255 3
377000 3
377745 3
378490 3
379236 3
379981 3
