486 0
1086 0
1446 0
2526 0
2886 0
3246 0
3847 0
4926 0
5526 0
6125 0
6722 0
7087 0
7567 0
7927 0
8887 0
9847 0
10807 0
11407 0
12007 0
12487 0
12967 0
13447 0
14047 0
14887 0
15722 0
16807 0
17287 0
18007 0
18367 0
18967 0
19682 0
20287 0
21247 0
22202 0
22686 0
23287 0
23767 0
24722 0
25203 0
26162 0
27007 0
27607 0
27847 0
28447 0
29407 0
29767 0
30847 0
31682 0
32047 0
32407 0
33487 0
33847 0
34927 0
35767 0
36126 0
36967 0
37447 0
38526 0
39367 0
39847 0
40447 0
40927 0
42967 0
43204 0
43447 0
44287 0
44767 0
45126 0
47047 0
47287 0
48007 0
48607 0
48966 0
