367 0
962 0
1324 0
1922 0
2402 0
2764 0
3126 0
3722 0
4322 0
4802 0
5407 0
5765 0
6005 0
6607 0
6967 0
7447 0
7807 0
8407 0
8767 0
9487 0
9722 0
10327 0
10927 0
11162 0
11644 0
11887 0
12367 0
12847 0
13202 0
13327 0
13927 0
14287 0
14767 0
15247 0
15607 0
16202 0
16682 0
17162 0
17527 0
17887 0
18247 0
18847 0
19202 0
19567 0
20163 0
20642 0
21126 0
21607 0
22087 0
22567 0
22927 0
23164 0
23642 0
24126 0
24607 0
25087 0
25567 0
26047 0
26527 0
26887 0
27487 0
27722 0
28327 0
28807 0
29287 0
29642 0
30247 0
30722 0
31087 0
31567 0
31927 0
32287 0
32887 0
33367 0
33722 0
34327 0
34807 0
35287 0
35642 0
36007 0
36487 0
36845 0
37327 0
37927 0
38407 0
38887 0
39247 0
39722 0
40204 0
40323 0
40807 0
41526 0
42007 0
42487 0
42847 0
43327 0
43807 0
44162 0
44646 0
45007 0
45967 0
46447 0
46927 0
47162 0
47527 0
47887 0
48487 0
48847 0
49324 0
49803 0
