451.184 451.184
1121.74 670.552
1343.25 892.07
2573.6 1451.86
2796.12 1674.38
3019.63 1676.38
3131.39 1788.14
5258.81 2685.21
5478.33 2904.73
5701.84 2905.73
5929.36 3133.24
6152.88 3133.24
6261.64 3242
6376.4 3245
6711.67 3580.28
8723.33 3464.52
8946.85 3468.52
9729.16 782.311
10506.5 777.311
10731 1001.83
11850.6 1344.1
12072.1 1341.1
13415.2 1564.62
13636.7 1786.14
13860.2 1788.14
15315.1 1899.9
15536.6 1899.9
15760.1 2123.42
15987.6 2127.42
17552.3 2237.17
17771.8 2235.17
19670.7 2118.42
19895.2 2123.42
20008 2236.17
21352.1 1681.38
21571.6 1676.38
21683.3 1675.38
22911.7 1559.62
23136.2 1784.14
23252 1680.38
23363.7 1680.38
24814.6 1902.9
24928.3 1792.14
25040.1 1903.9
25151.9 1899.9
26602.7 1562.62
26711.5 1671.38
26936 1784.14
28279.1 1676.38
28392.9 1681.38
28616.4 1680.38
28725.1 1789.14
30066.2 1449.86
30178 1561.62
30400.5 1675.38
31407.3 1341.1
31519.1 1341.1
31741.6 1341.1
31856.4 1455.86
32972 1564.62
33083.7 1564.62
33306.2 1564.62
33421 1564.62
33532.8 1676.38
34536.6 1564.62
34648.3 1564.62
34870.9 1564.62
35094.4 1673.38
35210.1 1677.38
36439.5 1902.9
36548.2 2011.66
36663 2014.66
36774.8 1903.9
36882.5 1788.14
38001.1 1338.1
38112.9 1338.1
38223.6 1448.86
38447.1 1564.62
39675.5 1674.38
39789.2 1676.38
39904 1680.38
40123.5 1676.38
40238.3 1791.14
41240.1 1336.1
41464.6 1341.1
41692.1 1453.86
42809.7 1569.62
43255.8 1563.62
44483.1 1673.38
44932.2 1676.38
46050.7 1567.62
46159.5 1676.38
46608.5 1676.38
47724.1 1673.38
47835.9 1676.38
48058.4 1898.9
48396.7 1788.14
49624 1899.9
49735.8 1899.9
