2240.32 2240.32
9690.9 7450.58
11179 8938.7
22355.9 12665
23845 12666
33531.8 11175.9
35020.9 11175.9
35764.9 11919.9
42468.5 8936.7
43961.6 8940.7
44705.6 8940.7
45451.7 9686.75
54389.4 11920.9
55882.5 11920.9
56626.6 11920.9
57371.6 11919.9
66314.3 11924.9
67059.4 12670
68548.5 12666
70038.6 13412
70782.7 13411
81960.5 15646.2
82705.6 15646.2
83451.7 16392.3
84939.8 16391.3
86429.9 16391.3
92387.3 8935.7
93136.4 9684.75
94625.5 9685.75
96115.6 9685.75
102822 10434.8
103567 10430.8
104311 9685.75
105056 10430.8
106546 10430.8
114743 11920.9
115488 11920.9
116232 11920.9
116977 11920.9
117722 12666
119956 13410
130389 15646.2
131134 15646.2
131879 15647.2
132623 15646.2
133369 15646.2
135606 15649.2
137096 17139.3
146036 15646.2
147525 16390.3
148271 16391.3
149015 16391.3
158703 12667
160937 13412
161682 13411
162426 13411
170622 11919.9
172858 11920.9
173603 12666
174347 12665
175092 12666
181049 10426.8
184033 11175.9
184779 11175.9
185523 11919.9
186268 11920.9
187013 11920.9
194465 13416
198190 14156.1
198935 14156.1
199680 14157.1
200424 14156.1
201169 14901.2
201914 14901.2
208616 14151.1
210856 12666
212347 13412
213091 13411
213837 13413
214582 13413
215327 14158.1
216070 14156.1
222778 14161.1
225757 11174.9
226502 11174.9
227246 11918.9
228736 12666
234693 11915.9
237678 11920.9
238423 11920.9
239167 11920.9
240657 11920.9
242147 13411
248850 14156.1
253324 15646.2
254069 15646.2
254814 15647.2
256305 15648.2
257795 15648.2
259285 17138.3
