451.184 24.7701
1121.74 16.6667
1343.25 25.056
2573.6 15.3952
2796.12 20.0239
3019.63 20
3131.39 18.75
5482.33 7.68437
5591.08 7.40741
5705.84 7.68173
5817.6 11.0964
5929.36 7.68173
6041.12 11.0964
7380.22 15.4058
7490.98 7.70822
8720.33 8.33955
8832.09 15.3952
8942.85 23.0928
10620.2 17.6471
10732 11.7647
10842.7 11.7647
10958.5 11.0891
12631.9 11.1111
12743.6 12.521
13973 16.6667
14084.7 23.0769
14307.3 21.4423
15425.9 23.0769
15537.6 23.0769
15760.1 23.0769
15875.9 28.4986
17214 25
17325.7 25
17436.5 26.6667
17548.3 26.7304
17660 31.3201
19002.1 25
19113.9 25
19225.6 18.7395
19340.4 12.4721
19452.2 12.4721
20566.8 9.11315
20678.5 9.11315
20901 15.4271
22243.1 20
22354.9 20
22577.4 20
23696 23.0769
23918.5 21.4423
24034.3 26.619
24253.8 20
25595.9 11.7647
25707.7 12.493
25822.4 12.5
25934.2 17.6471
27161.5 16.6916
27275.3 23.0769
27494.8 14.3223
28725.1 14.2949
28836.9 14.3132
30625 11.7647
30737.8 11.7585
32077.9 15.3846
32190.7 15.3846
32300.4 21.456
33754.3 20
33866 20.0119
33976.8 20
34088.6 25
35654.2 23.5294
35766.9 23.517
35876.7 23.5294
35988.5 23.5294
37555.1 17.6378
37666.8 22.2112
37780.6 22.2002
37892.4 16.6336
38000.1 11.1111
39342.2 0
39457 7.14286
39568.7 14.2493
40571.6 27.2727
40683.3 27.3394
40794.1 27.3618
42248.9 13.3254
42359.7 13.3333
42471.5 18.75
42698 11.74
44262.6 6.23953
44371.4 11.7647
44593.9 17.6843
46272.3 16.6833
46383 16.6667
46605.5 16.6667
48282.9 16.675
48394.7 21.0626
48617.2 15.0067
48731.9 15.7672
