228.666 2
783.46 3
895.219 4
1789.29 5
2015.81 6
2128.56 7
2351.08 8
3912.7 8.125
4024.46 8.24808
4363.74 8.36932
4475.5 1
5258.81 2
7493.98 1
9167.36 2
9947.67 2.5
10288 2.9
11288.8 3.24483
11851.6 3.55301
13193.7 3.83446
13415.2 4.09525
13863.2 4.33944
15317.1 4.56988
15428.9 4.78871
15538.6 1
17100.2 2
17212 3
18664.9 3.33333
18888.4 1
22469.6 2
23695 2.5
23918.5 2.9
25036.1 3.24483
25373.4 3.55301
26493 3.83446
26600.7 1
26714.5 2
27718.3 2.5
27830.1 2.9
28951.7 3.24483
29063.4 3.55301
30177 3.83446
30288.8 4.09525
30514.3 4.33944
31629.9 1
31857.4 2
32080.9 3
32187.7 3.33333
33869 3.63333
33975.8 3.90856
34202.3 4.16441
35429.7 4.40454
35541.4 4.63158
35655.2 4.84749
35766.9 5.05378
36994.3 5.25165
37110 5.44207
37219.8 5.62582
37331.6 5.80357
37443.3 5.97588
38558.9 6.14322
38670.7 6.306
38784.4 6.46458
38896.2 1
39007.9 2
40458.8 3
40574.6 4
40686.3 4.25
40796.1 1
42247.9 2
42359.7 3
43700.8 3.33333
43811.6 3.63333
43925.3 3.90856
45265.4 4.16441
45377.2 1
46833 2
46944.8 3
48174.2 3.33333
48285.9 3.63333
48395.7 3.90856
49067.2 4.16441
49176 4.40454
49287.7 4.63158
49961.3 4.84749
