673.701 2
1566.77 3
1905.05 4
3358.91 5
3689.19 6
4136.22 7
4247.98 8
6594.91 1
9279.12 2
10174.2 3
10398.7 4
11627.1 4.25
11735.8 4.48529
11963.3 4.70824
12074.1 4.92064
13638.7 5.12386
13747.5 5.31903
13975 5.50703
14085.7 5.68862
15764.1 1
15875.9 2
15987.6 3
16210.2 3.33333
16322.9 3.63333
17438.5 3.90856
17550.3 4.16441
17663 4.40454
19228.6 4.63158
19340.4 1
19451.2 2
19563.9 3
21240.3 3.33333
21347.1 1
22691.2 2
24144 2.5
24257.8 2.9
25596.9 1
25705.7 2
26938 2.5
27046.8 2.9
28055.6 3.24483
28280.1 1
29284.9 2
29505.4 2.5
30626 2.9
30958.3 3.24483
32302.4 3.55301
32634.7 3.83446
32862.2 1
34534.6 2
36099.2 2.5
36326.7 2.9
37775.6 3.24483
38003.1 3.55301
39345.2 1
39568.7 2
39791.2 2.5
41240.1 2.9
41467.6 3.24483
42804.7 3.55301
42916.5 1
43028.3 2
44257.6 2.5
44485.1 2.9
45827.2 3.24483
45934 3.55301
47278.1 1
47386.8 2
47614.4 2.5
48839.7 2.9
49622 3.24483
49733.8 3.55301
