1490.27 49.995
5216.56 19.9946
5960.61 33.3333
14160.3 16.6611
14906.3 16.6574
27567.3 11.1144
28312.4 11.1153
43958.6 9.09091
45452.7 8.69362
46943.8 11.9968
61845 12.4965
64080.1 8.69565
77486.2 9.52685
78231.2 10.53
91642.3 5.55556
92387.3 10.5263
107289 9.52381
108783 9.08869
122190 10
122935 14.2857
123680 15.004
133366 20
134860 18.7437
135606 23.5201
136350 23.522
146778 22.2206
149017 21.0511
149757 21.0601
150506 21.0526
151996 23.8095
162424 23.8095
165408 22.7273
166153 22.7203
166898 22.7259
168388 22.7259
169131 26.0885
179559 26.0885
181053 17.6485
181797 22.2255
183288 21.0511
191480 25
192974 25
193718 25
195209 25
195953 29.4141
205637 26.3139
207130 26.3158
207874 26.3158
209365 26.3158
210110 26.3158
210856 29.998
219792 31.5812
222030 30.002
222776 30
224268 29.998
225013 29.996
225758 29.998
235443 28.5623
236933 30.4277
239912 15.7917
240657 20.0027
247359 25.0105
248104 26.6762
251090 26.6619
252579 24.9979
260025 23.5294
260770 23.5294
262265 26.6691
263009 31.2552
264500 31.25
273436 27.7778
274927 26.3158
276421 26.3158
277165 26.3158
277911 29.998
279401 30
286848 33.3333
289088 31.5678
291321 30.002
292066 30
292811 30.002
294302 30
295046 33.3355
303239 31.8182
304733 33.3355
306967 33.3333
308458 31.8162
309202 31.8182
310693 31.8182
311437 31.8182
312182 34.7826
318886 38.0928
320379 38.0952
322613 38.0952
324105 38.0928
324848 38.0952
326341 38.0928
327831 36.3592
328574 36.3636
334536 38.0855
