2984.38 24.9652
7454.73 16.6667
8942.85 25.0084
17139.5 15.3862
18628.6 20.0036
19376.7 21.4224
20121.7 26.6595
32785.7 11.1128
33532.8 11.1111
35019.9 15.003
47686.9 15
48432.9 15.001
49179 15.7861
49924 19.996
60352.9 13.3357
61099.9 18.75
62587 17.6512
72274.8 18.7484
73020.8 18.75
74508 18.75
81959.5 23.0793
82704.6 28.5742
83450.7 28.5742
84938.8 28.5714
93137.4 26.6619
94624.5 25.0021
95372.6 29.4071
96114.6 29.4164
97604.8 29.4118
106547 27.7798
107292 29.4094
108037 29.4164
108784 29.4048
109526 33.3333
119212 20
119957 25
120702 25.0063
121447 25
129643 28.5714
130388 28.5714
131133 28.5687
131880 28.5632
142309 13.3333
143054 18.75
143798 18.7547
157210 15
157955 15
158701 14.999
159445 19.0476
169131 25
170623 23.5257
171367 23.5294
182542 12.5021
183287 17.6498
184777 16.6679
195208 17.6471
195953 17.6471
197443 17.6471
198933 21.0526
210112 19.9973
210857 19.9973
211599 21.0526
212347 22.2173
213092 26.3102
222030 31.2552
222776 15.3878
223520 21.4347
233953 18.7469
234696 18.75
235440 18.75
245872 18.7531
246617 23.5331
247364 23.5257
258540 12.4979
259283 12.5021
260772 16.6704
268969 21.4327
269714 21.4286
271203 21.4286
279400 21.4286
280145 26.6667
280889 26.6691
282379 26.6667
292811 22.2222
293556 22.2222
294300 26.3176
295045 26.3158
296535 26.3158
306222 27.7778
306967 27.7778
307712 27.7757
308456 27.7778
309201 31.5789
310691 31.5789
318888 35.2941
320380 33.3284
321123 33.3333
321868 33.3308
322615 33.3259
323360 36.8343
