2998.38 28.5421
10450 9.99866
11942.1 16.6611
23113.9 11.7666
25354.1 11.1103
35034.9 12.5
36527 13.3369
37274.1 18.7516
43230.5 27.2727
44720.6 27.2794
45469.7 27.2727
46957.8 30.7756
53661.3 28.5714
55896.5 26.6667
56645.6 26.6667
58136.7 26.6595
65583.3 24.9979
67077.4 27.7674
69307.5 27.7778
77506.2 18.7469
78994.3 18.7563
81230.5 18.7469
88682.1 20
90915.2 18.75
92406.3 22.2206
93896.5 23.5294
102838 21.0526
105071 21.0526
105816 22.2239
106561 26.3176
108053 26.3158
119229 22.7273
121463 22.7273
122953 21.7391
123698 21.7391
125192 21.7353
126679 24
133386 31.5789
137858 17.6471
138603 22.2222
139345 23.5294
144561 26.6667
148285 28.5824
149029 28.5851
149779 28.5632
151266 31.25
160951 18.7484
161695 18.7579
163187 18.75
170636 23.0769
172128 21.4245
173618 24.9958
174361 26.6714
182557 25
184792 23.5331
186284 23.5294
187032 27.7716
187774 27.7736
195223 29.4118
197458 29.4118
198948 29.4164
199693 29.4234
200443 29.4048
201930 31.5789
210869 20
211614 20.009
212359 25.0105
213106 26.6667
223535 23.5294
225027 22.2189
225775 22.2139
226517 22.2222
228007 25
237691 26.3158
239931 24.995
240676 25
241418 25
243655 23.8065
244400 27.2694
253342 28.5623
254087 31.5789
254832 31.5789
255577 31.5723
257809 31.5834
258556 31.5789
266748 20.009
268238 23.5387
269733 24.9937
271220 23.5331
279414 23.5294
281654 22.2139
283141 22.2272
285378 21.0497
286123 24.9966
294315 25
297300 23.8095
298787 23.8095
308476 15.7839
312200 15.001
313691 14.998
