1495.27 2
5216.56 2
5964.61 2.5
14160.3 2
15650.4 2.5
27573.3 2.9
29061.4 1
40979.3 2
49920 2.5
50669.1 2.9
60350.9 3.24483
61099.9 3.55301
73020.8 3.83446
73765.9 4.09525
74510 4.33944
89408.1 4.56988
90157.2 4.78871
90901.2 4.99753
91646.3 5.19763
109529 1
110274 2
111019 2
111765 2
112510 3
128900 3.33333
129645 3.63333
130390 3.90856
140821 4.16441
142310 4.40454
143055 4.63158
152742 4.84749
154231 5.05378
154978 5.25165
155721 5.44207
166153 5.62582
166898 5.80357
167642 5.97588
168387 6.14322
169132 6.306
177329 6.46458
178074 1
178818 2
179565 3
180310 4
181055 4.25
190740 4.48529
191485 4.70824
192229 4.92064
193719 5.12386
200426 5.31903
201171 5.50703
201916 5.68862
203405 5.86441
204895 6.03493
211602 6.20063
213091 6.36191
213837 6.51909
215326 1
216818 2
218308 3
226503 4
228737 4.25
229483 4.48529
239915 4.70824
241403 4.92064
242893 5.12386
243639 5.31903
252580 5.50703
253325 5.68862
254814 5.86441
255560 6.03493
256304 6.20063
264501 6.36191
265246 6.51909
266735 6.67249
267481 1
268225 2
268972 3
277168 4
278656 4.25
280146 4.25
286103 4.48529
287597 4.70824
288344 4.92064
289832 5.12386
297279 5.31903
298029 5.50703
298774 5.68862
299517 5.86441
300263 6.03493
306966 6.20063
307710 6.36191
308458 6.51909
309203 6.67249
309948 6.82236
311440 6.96893
318891 7.11243
319636 1
320381 2
321126 3
