241 1
242 2
842 2
843 4
1205 4
1206 8
1802 8
1803 9
2282 9
2283 10
2645 10
2646 11
3004 11
3005 12
3602 12
3603 13
4205 13
4206 14
4681 14
4682 15
5286 15
5287 1
5645 1
5646 2
6125 2
6126 4
6606 4
6607 1
18723 1
18724 2
19205 2
19206 1
20163 1
20164 2
21364 2
21365 1
21966 1
21967 2
22325 2
22326 1
34201 1
34202 2
35043 2
35044 1
37082 1
37083 2
37562 2
37563 1
37926 1
37927 2
38886 2
38887 1
45966 1
45967 2
46325 2
46326 3
47162 3
47163 4
48244 4
48245 5
48723 5
48724 1
49204 1
49205 2
49322 2
49323 1
49681 1
49682 2
