1491.12 0
5216.41 0
5961.46 0
11921.9 0
13412 0
14157.1 0
15647.2 0
26078 0
27568.1 0
29058.3 0
40979.2 0
42469.3 0
43214.4 0
49919.9 0
52155.1 0
53645.2 0
54390.2 0
59605.6 0
62585.9 0
63330.9 0
70036.5 0
73016.7 0
74506.8 0
85682.7 0
87172.8 0
96858.5 0
98348.7 0
99838.8 0
110270 0
111760 0
113250 0
113995 0
124426 0
125916 0
128151 0
128896 0
141562 0
142307 0
154228 0
155718 0
156463 0
168384 0
170619 0
171364 0
172109 0
185520 0
186266 0
187011 0
195206 0
196696 0
205637 0
207127 0
218303 0
219793 0
220538 0
234694 0
236184 0
236929 0
237675 0
248850 0
249595 0
262261 0
263006 0
264497 0
277908 0
279398 0
280888 0
291319 0
292064 0
292809 0
294299 0
303985 0
304730 0
305475 0
306965 0
307710 0
315906 0
316651 0
317396 0
318886 0
319631 0
329317 0
330062 0
331552 0
332297 0
344963 0
345708 0
354649 0
355394 0
356884 0
361354 0
362844 0
364334 0
365825 0
370295 0
372530 0
374020 0
375510 0
376255 0
377745 0
378490 0
379236 0
379981 0
