1510.27 1496.27
5234.56 3724.29
5978.61 4467.35
16411.4 11176.9
17899.5 11920.9
31314.6 14903.2
32800.7 14901.2
40254.3 8939.7
40999.3 8198.64
41741.4 8939.7
50685.1 10430.8
51429.2 10429.8
52172.2 10430.8
52917.3 11174.9
62606 11920.9
63352.1 11922.9
64093.1 11920.9
64838.2 11920.9
76016.1 13410
76762.1 14155.1
77504.2 14152.1
78249.2 14156.1
78994.3 14156.1
87191.9 11175.9
87937 11174.9
88680.1 11916.9
89425.1 11920.9
90170.2 11920.9
90915.2 11920.9
99113.9 11921.9
99857.9 11920.9
100605 11924.9
101350 12669
102095 12670
102836 12666
103581 12666
112525 11174.9
113269 11173.9
114012 11175.9
114757 11175.9
124446 11920.9
125192 11922.9
125933 12663
126678 12666
127423 12666
136368 11921.9
137112 11919.9
137854 11920.9
138599 12665
139344 12666
140089 12666
149033 12665
149778 12666
150524 12670
151269 12670
152014 12670
152755 13410
160952 9682.75
161699 10428.8
162441 10426.8
163931 11175.9
173618 12666
174363 12664
175107 12666
176597 14155.1
177346 13415
189267 15649.2
190012 15649.2
190753 15646.2
191498 14901.2
192243 15645.2
192988 15642.2
203420 14153.1
204167 14155.1
204913 14160.1
205654 14156.1
214596 10428.8
215343 10429.8
216085 10430.8
217575 11919.9
228007 13411
228754 13411
229496 13411
230986 13411
242165 14158.1
242910 14902.2
243652 14898.2
254829 12664
255576 12666
256318 12666
266750 11920.9
267498 11921.9
268243 11924.9
268984 12665
280163 13413
280906 13408
281654 13411
282399 13415
283889 14904.2
295810 14156.1
