4473.5 16.6549
10433 12.5021
12667.1 18.1863
21608.8 13.3333
23097.9 17.6485
25338.1 17.6401
26828.2 21.0452
35763.9 21.0541
37255.1 23.8095
40239.3 16.6667
46939.8 20
49180 18.7437
50669.1 21.4306
52900.3 23.5387
58860.7 25
61100.9 25
62590 25
65569.3 23.5238
67060.4 26.3084
73017.8 26.3139
75257 26.3158
76747.1 26.3139
79725.4 26.3158
89409.1 11.7684
90902.2 15.7906
93138.4 16.6642
102819 16.6679
105054 15.7939
106544 16.6729
108039 20.0013
117725 19.9933
120701 19.0476
122195 19.0428
123685 19.0476
124428 22.73
131879 26.3195
134857 26.3158
135602 27.7861
137096 27.7778
145292 21.4183
146033 21.4286
147527 21.4286
157208 18.7579
157953 18.75
158703 23.522
159448 25
168384 26.6667
169129 26.6667
169878 26.6667
170623 31.25
171369 31.25
181051 29.4094
181795 29.4118
182540 29.4211
183290 29.4094
184035 29.4094
184780 33.3333
193721 21.4286
194461 21.4388
195210 26.6691
196700 25
205637 25.0105
206382 25
207127 25.0084
208621 25
209364 29.4164
220538 16.6667
222028 16.6716
222779 16.6629
231714 20
233208 19.9928
233954 24.9895
234698 25.0021
242145 28.5714
244385 26.6643
245125 26.6786
245874 31.2526
247364 29.4118
254811 29.4118
257796 27.7778
258541 27.7674
259285 27.7778
260775 27.7778
261519 31.5834
267477 35.2941
268222 42.8777
268967 42.8777
269716 42.8571
271206 42.8571
272696 39.9928
273439 43.75
279398 43.75
280888 41.1765
281633 41.1765
282383 41.1732
283873 41.1732
286105 38.8947
286851 38.8889
287599 42.0963
294299 40
