2984.38 24.9652
7454.73 16.6667
8942.85 25.0084
17139.5 15.3862
18628.6 20.0036
19377.7 21.4204
20122.7 26.6571
32788.7 11.1111
33533.8 11.1111
35019.9 15.004
43962.6 20.0036
44709.6 20
46195.7 20
47685.9 23.5294
55882.5 25.0021
56628.6 25.0042
58116.7 25
59606.8 25
69293.5 22.2222
70039.6 26.3139
70782.7 26.3195
72272.8 26.3158
73762.9 26.3158
84194.7 25
84940.8 25
85683.8 28.5751
86432.9 28.5641
87177.9 29.9919
87923 31.57
99096.9 29.998
99841.9 17.6498
100587 22.2255
102075 21.0586
113252 21.0541
114741 20.0027
115488 20
116980 19.9946
118466 22.7273
129646 22.7231
131132 15.7939
132622 15.7895
139329 23.0841
141565 21.4245
142310 23.0722
143053 28.5714
151251 24.9979
154231 23.5294
154976 23.5294
164662 14.2857
165407 14.2857
166150 20.0036
177328 17.6471
178073 17.6471
178816 17.6471
189248 18.7516
189994 23.5294
190737 23.5331
191482 23.5294
201914 23.5294
202660 23.5294
203403 27.7819
216071 15.7884
216816 15.7895
217563 15.785
227992 13.3333
228737 13.3357
239168 13.3333
250344 6.66667
251832 11.7666
263754 11.1119
275675 6.25
276421 11.7638
290576 10
291324 9.99866
301008 14.2843
301752 20
302496 20.0072
312928 18.7516
313673 18.75
314417 23.5313
315162 23.5294
325594 23.5294
326339 23.5294
327083 23.5294
327828 23.5294
328573 27.7778
340498 24.995
341240 25
341985 24.9983
342733 24.9933
343478 24.9933
344219 28.5714
353161 21.4347
353909 21.4286
354654 26.6667
355395 26.6667
362847 30.7661
363594 30.7692
364340 30.7692
365085 30.7565
