2257.32 2
6723.67 2
9704.9 2.5
19393.7 2
21628.8 2.5
33545.8 1
34294.8 2
40253.3 2.5
41740.4 2.9
49192 3.24483
50681.1 3.55301
58877.7 3.83446
60366.9 4.09525
61862 4.33944
72288.8 4.56988
73777.9 4.78871
74525 4.99753
75273 5.19763
86448.9 5.39003
87934 1
88681.1 1
89426.1 2
90174.2 3
101350 3.33333
103582 3.63333
104327 3.90856
111777 1
114013 2
114758 2.5
125934 2.9
126679 3.24483
138600 3.55301
139345 1
140838 2
149776 2.5
151264 2.9
162442 1
163932 2
176601 1
177346 1
187029 2
195969 1
198205 2
210126 1
211619 2
225774 2.5
227260 2.9
239185 3.24483
240671 3.55301
253339 1
254832 1
255576 2
264517 2.5
266003 2.9
276438 3.24483
277924 3.55301
286869 3.83446
287614 4.09525
288355 4.33944
298790 4.56988
299535 4.78871
300276 4.99753
301766 5.19763
309965 5.39003
310710 5.57555
311451 5.75491
312942 5.92867
313692 6.09735
318906 6.26135
319651 6.42106
320392 6.5768
321137 6.72885
321882 6.87746
323372 7.02286
330082 7.16526
330827 7.30482
331568 7.44171
332313 7.57609
333058 1
334553 2
336043 3
343493 3
344238 4
344983 4.25
345724 1
356905 2
357650 2
358395 3
365097 3.33333
365842 3.63333
366586 3.90856
370312 4.16441
371057 4.40454
371802 4.63158
374782 4.84749
376271 5.05378
377018 5.25165
378512 5.44207
380743 5.62582
382982 5.80357
