2241.32 2
6709.67 3
8199.79 2
14906.3 2.5
16394.4 2
28317.4 1
31296.6 2
41727.4 2.5
42472.5 2.9
51413.2 3.24483
52158.2 3.55301
63334.1 3.83446
64079.1 4.09525
64824.2 4.33944
77492.2 4.56988
78979.3 4.78871
79725.4 4.99753
80470.4 5.19763
90898.2 5.39003
92390.3 5.57555
93880.5 5.75491
94626.5 5.92867
95370.6 6.09735
104309 6.26135
105801 6.42106
107292 6.5768
108038 6.72885
108782 6.87746
109527 7.02286
118468 7.16526
119958 7.30482
121448 7.44171
122196 1
122938 2
123686 3
124431 4
134117 4.25
135604 4.48529
136350 4.70824
137094 4.92064
145290 5.12386
146780 5.31903
147525 5.50703
148270 5.68862
156466 5.86441
157955 6.03493
159446 1
160191 2
160937 3
171365 4
172857 4.25
174347 4.48529
187014 4.70824
188503 1
189251 2
190741 3
202657 3.33333
203402 3.63333
204149 3.90856
218308 1
219053 2
219798 2.5
232462 2.9
233207 1
246620 2
259286 2.5
260773 1
271205 2
282378 2.5
283870 2.9
296537 3.24483
298026 3.55301
306223 3.83446
307713 4.09525
308459 4.33944
317399 4.56988
319634 4.78871
320379 4.99753
321868 5.19763
331555 5.39003
334536 5.57555
335280 1
336772 2
337516 3
344968 3.33333
348691 3.33333
350180 3.63333
354649 3.90856
358377 4.16441
359866 4.40454
365085 4.63158
368810 4.84749
369555 5.05378
371042 5.25165
373279 5.44207
374767 5.62582
375515 5.80357
377006 5.97588
377751 6.14322
379986 6.306
