2980.38 24.9988
10435 9.99463
11923.1 16.6629
23101.9 11.7638
25335.1 11.1103
33531.8 14.2871
35021.9 15.383
35765.9 21.4286
40978.3 30.0161
43961.6 25.0028
44706.6 25
45450.7 30.7724
52159.2 26.6547
55882.5 25
56627.6 25
57371.6 25
63330.1 26.6786
64825.2 29.4118
68548.5 29.4118
69293.5 29.4118
70037.6 29.4118
78231.2 25
79726.4 25
81213.5 27.2777
84194.7 28.5714
84939.8 28.5714
85683.8 28.5714
94626.5 27.2661
96114.6 27.2777
96861.7 28.5678
97604.8 31.8182
100588 31.8143
101331 31.8182
102076 31.8162
109524 35.0094
111016 35
119214 15.3767
119954 16.6704
120702 23.0769
130389 20.0018
131130 25.0105
131877 24.9958
133368 23.5294
145291 19.9987
146037 19.9933
146782 19.996
148269 22.7273
159447 16.6679
160188 16.6729
160935 17.6471
170623 19.9982
171369 19.9911
172111 24.9958
173604 23.5238
184029 22.2305
184775 22.2305
197446 11.107
198933 14.998
200423 14.2839
210856 16.6679
211597 17.6498
221286 14.2857
222775 13.3309
232462 13.3333
233953 13.3298
235443 17.6429
246619 6.66667
248106 11.7675
260025 11.1153
268970 8.32961
271206 13.3274
280142 13.3381
282379 13.3369
294302 10.5233
295793 14.2812
297280 15
310694 10
312181 10
324105 11.1111
325593 11.1111
336021 12.5052
337513 16.6704
338260 17.6457
350182 15.7839
351670 11.1119
362103 12.5
363590 12.5
368809 22.2222
370296 27.2827
371044 29.9879
375514 33.3333
376259 37.4811
377002 44.4444
377747 44.4643
380730 57.1429
381475 57.1429
382217 57.1429
382965 57.11
384455 55.5307
385200 83.3333
