2240.32 2240.32
9690.9 7450.58
11179 8938.7
22355.9 12665
23845 12666
33531.8 11175.9
35021.9 11176.9
35764.9 11919.9
40233.3 6701.52
42472.5 7450.58
43961.6 8196.64
44705.6 8940.7
49924 9690.75
52903.3 10430.8
54392.4 10430.8
55139.4 10433.8
61094.9 11170.9
62588 12664
65567.3 12664
66312.3 11919.9
67058.4 11918.9
75251 14156.1
76744.1 14156.1
77491.2 14903.2
80471.4 14904.2
81213.5 14901.2
81958.5 14900.2
92391.3 17140.3
94624.5 13411
95372.6 14159.1
96115.6 14157.1
103567 11175.9
105056 10431.8
113253 9685.75
114742 9685.75
115486 10429.8
125915 12662
127409 12667
128898 13412
137840 11924.9
140075 14160.1
140818 13409
141563 12665
151251 13411
154232 12669
166152 14901.2
166893 15642.2
178073 11920.9
179562 12669
189250 11176.9
190738 11175.9
192228 12666
202660 13410
204149 13411
205641 13413
206385 14157.1
215326 12666
217560 11174.9
224264 8937.7
225012 9685.75
225756 8195.64
235442 11178.9
236188 11175.9
236932 11175.9
237677 11920.9
248851 13408
249599 13411
250343 13411
251088 13411
251833 14156.1
263007 14156.1
263752 14153.1
264499 14156.1
265244 14156.1
265989 14156.1
277167 14160.1
277912 14905.2
278657 14905.2
279402 14903.2
280145 14901.2
289833 11175.9
290577 11174.9
291321 11175.9
292066 11920.9
301005 11171.9
301753 11175.9
302497 11175.9
303242 11175.9
313674 12669
314419 13414
315163 13410
315908 13411
316653 13411
326340 12666
327085 12666
327829 13410
328576 13413
329321 13413
330066 13413
341242 14902.2
