2683.32 2
10131.9 2
11623 2.5
22799.9 1
25033.1 2
34720.8 2.5
35465.9 2.9
42911.5 3.24483
43659.5 3.55301
53345.3 1
54090.3 1
54837.4 2
65266.2 2.5
66756.3 2.9
77934.2 3.24483
80167.4 3.55301
89855.1 3.83446
91344.2 4.09525
93578.4 4.33944
103261 4.56988
104755 4.78871
105499 4.99753
108482 5.19763
117422 5.39003
118911 5.57555
119655 5.75491
121147 1
121891 2
129343 3
130832 3.33333
131576 3.63333
140519 1
142009 2
142754 2.5
150945 2.9
151690 3.24483
162124 3.55301
162871 3.83446
163615 4.09525
174792 4.33944
175537 4.56988
176281 4.78871
177771 4.99753
188943 5.19763
189688 1
190437 2
191928 3
202354 3.33333
203099 3.63333
205337 3.90856
214280 4.16441
215769 4.40454
218003 4.63158
224707 4.84749
225451 5.05378
226945 1
229924 2
235882 3
236627 3.33333
237376 3.63333
248552 3.90856
249298 4.16441
250042 4.40454
260473 1
261218 2
261964 3
263453 3.33333
270900 3.63333
271645 3.90856
273138 4.16441
279840 4.40454
280586 4.63158
282079 4.84749
282820 5.05378
290271 5.25165
291017 5.44207
292510 5.62582
294000 1
294746 2
304432 3
305177 3.33333
306666 3.63333
315605 1
316353 2
317098 2.5
323055 2.9
323800 3.24483
331252 3.55301
332743 3.83446
334233 4.09525
342428 1
344662 1
346152 2
346900 2
357331 3
358076 1
367015 2
367759 2.5
373719 2.9
374464 3.24483
