2257.32 38.2803
6723.67 16.6816
9704.9 20.0081
19389.7 11.7647
21628.8 12.4969
33549.8 10.5233
34290.8 11.7684
43231.5 15.391
43976.6 15.3846
45465.7 20.0018
55897.5 17.6471
56642.6 17.6471
58131.7 17.6471
58878.7 22.2189
69308.5 22.2222
70053.6 22.2222
81229.5 12.5
82718.6 16.6679
83464.7 16.6667
92405.3 20
94640.5 18.7484
95385.6 18.75
96879.7 22.2156
105820 22.2156
108797 12.5042
116996 13.3333
117737 18.7563
120718 18.75
126680 23.0817
127423 23.0769
131148 21.4286
132638 25
138601 25
139344 25
150524 12.4979
151265 17.6498
152754 16.6679
163186 17.6526
163931 17.6471
165420 17.6471
166915 21.0452
175107 25
176597 23.5294
177342 24.9979
178087 26.6762
178831 31.2631
187773 21.4286
188522 21.4204
189267 21.4183
198204 21.4286
198949 21.4368
199693 21.4388
201183 25.0105
210870 23.5294
211615 23.5294
212359 23.5294
213849 23.5294
214596 27.7736
225775 24.9933
226520 24.9933
227260 25
239184 16.6692
239927 16.6716
240671 16.6667
253342 15.7872
254083 11.1103
263026 15.3878
263769 15.3846
272711 15.3846
273454 21.4327
274944 20.0018
285377 17.6471
286124 17.6415
287610 21.0541
288357 22.2189
300277 20.0027
301024 20.0027
302516 19.9933
303258 20
304001 23.8126
314433 26.3158
315178 26.3195
316672 26.3158
317414 26.3158
318157 26.3158
319652 28.5623
327846 33.3284
329338 31.57
330823 31.5901
339024 19.9964
339767 21.4327
341254 21.4286
342749 24.9895
350197 26.6714
350942 26.6667
351685 28.5714
352430 30.7851
359137 33.3371
359885 38.4536
360630 38.4536
