725 16
1685 25
2166 30
3484 33
4084 40
4565 35
5165 31
6005 31
6967 31
7567 26
8047 26
9247 22
9722 22
10327 20
10927 19
11887 18
12487 18
13204 17
14287 17
14767 17
15607 17
16087 17
16447 16
17047 15
17887 16
18367 16
19087 17
19927 17
20287 18
21367 17
21722 18
22686 18
23047 19
23767 18
24607 18
25087 18
25447 16
26527 16
27007 16
27847 17
28202 17
28682 17
29527 18
29887 16
31087 17
31682 17
32287 16
32767 16
33247 16
33967 18
35166 19
35526 20
36007 20
36365 17
36847 21
37327 25
38886 28
39485 30
39847 31
40326 28
40447 26
40927 24
41047 25
41407 21
43087 19
43567 18
44287 17
45007 16
45487 14
45967 14
46327 14
47887 16
48367 16
48847 16
49684 17
