2998.38 28.5421
10450 9.99866
11942.1 16.6611
23113.9 11.7666
25354.1 11.1103
35034.9 12.5
36525 13.3393
37274.1 18.7516
45465.7 9.09535
46210.7 16.6741
57390.6 12.4958
58135.7 12.4958
70057.6 11.7638
70802.7 16.6654
72292.8 15.7884
83467.7 16.6679
84212.7 12.501
94643.5 13.3333
95388.6 13.3333
107306 11.7684
108055 16.6667
109546 15.7884
119231 18.7421
120719 13.3369
131151 12.501
133386 11.7638
143817 11.7647
144558 16.6716
146799 16.6642
156479 12.5
158718 12.5021
168404 12.4958
170638 12.5
172128 16.6679
183305 15
186287 14.2839
187774 14.2857
188521 18.1796
198948 19.0525
201931 19.0501
208633 15.3846
210129 19.9911
213104 20.0054
219809 20
221304 20
225030 18.7421
225773 23.5238
232480 23.5201
233225 25
237696 23.5294
238441 23.5257
239928 26.3176
245886 27.7881
246631 27.7881
250360 29.4164
251107 29.4118
252597 29.4048
258552 29.4118
260042 31.5789
263772 20.0018
265260 23.535
271219 23.5276
273455 22.2189
277928 21.0526
279416 21.0526
285379 21.0467
286867 23.808
288357 25
293573 23.811
295065 23.805
298045 29.4118
299535 29.4048
300281 33.3259
301768 33.3333
306236 33.3582
306981 40.0269
308473 36.377
309221 39.9839
314432 36.3636
315924 33.3259
317414 33.3333
318157 38.4695
319649 35.7246
324862 35.7143
327103 33.3244
328590 33.3333
329333 33.3333
330825 35.2885
331571 37.4969
338274 33.3333
340514 33.3333
342001 33.3333
343491 31.5745
350942 21.4327
351690 23.0698
352432 28.5714
353177 30.7692
359883 33.3333
360628 33.3408
361373 33.3296
