4473.5 4473.5
10433 5959.46
12667.1 8193.64
21608.8 11175.9
23097.9 12665
25338.1 12671
26828.2 14161.1
35763.9 14155.1
37258.1 15649.2
40239.3 13411
46939.8 11175.9
55880.5 8940.7
57374.6 10434.8
67801.4 11920.9
69295.5 11920.9
78237.2 10435.8
78977.3 11175.9
80471.4 11175.9
89409.1 11171.9
90153.2 11175.9
91647.3 12670
92388.3 11916.9
102820 13411
103564 13411
105058 13411
106548 14160.1
107295 14906.2
119956 17136.3
120701 17136.3
122196 17137.3
124430 17881.4
134857 12661
136347 14151.1
137841 13411
147528 12671
149758 13411
151253 13412
151998 14157.1
160190 12662
163169 11170.9
163914 11915.9
173601 13411
177325 14156.1
178815 14901.2
188506 14905.2
189995 16394.3
193721 16396.3
195211 16396.3
201169 12663
206382 11170.9
213090 11920.9
213835 12666
219793 13411
228736 15646.2
229481 15646.2
236190 16396.3
237680 17886.4
245127 16391.3
250342 12662
251836 14156.1
258541 13414
265988 14152.1
271204 12663
280146 8941.7
280890 9685.75
292067 11920.9
292811 11920.9
305480 13413
306969 14902.2
318144 12664
320378 13409
330810 12666
333047 12669
333792 13414
346456 15646.2
347203 14156.1
347947 14155.1
348692 14900.2
357634 11177.9
358379 11175.9
362102 4468.35
362847 5213.41
363593 5214.41
366573 4470.35
367320 4472.35
368064 4470.35
368809 5215.41
371044 4471.35
371790 4470.35
372534 4470.35
373279 4470.35
374024 5215.41
374769 3725.29
375514 3724.29
376259 3725.29
377005 3725.29
377750 3725.29
378496 3726.29
379241 4471.35
379986 4471.35
