3745.44 2
11197 2
13431.2 2.5
24606.1 2.9
28334.4 3.24483
35779.9 3.55301
38017.1 3.83446
38762.2 4.09525
44720.6 1
46960.8 2
48450.9 3
49193 3.33333
59623.8 3.63333
60368.9 3.90856
61861 4.16441
73034.8 4.40454
73779.9 4.63158
75272 4.84749
76762.1 5.05378
90169.2 5.25165
90916.2 5.44207
92408.3 5.62582
94642.5 5.80357
95387.6 1
106565 1
107308 2
108801 3
111034 3.33333
119226 3.63333
119973 3.90856
122210 4.16441
130402 4.40454
131149 4.63158
133388 4.84749
134131 5.05378
143818 5.25165
145307 5.44207
146798 5.62582
147542 5.80357
149033 5.97588
154991 1
155734 2
157229 3
157972 3.33333
159464 3.63333
168400 3.90856
169148 4.16441
170639 4.40454
179581 4.63158
180324 1
181070 2
182561 3
190007 3.33333
191500 3.63333
192991 3.90856
200438 4.16441
202676 1
204909 2
213849 3
214597 3.33333
225775 3.63333
226520 1
227264 2
236948 2
237693 2.5
245888 2.9
247378 3.24483
256319 3.55301
258554 3.83446
259299 4.09525
270475 4.33944
272710 4.56988
274203 1
274949 2
283884 3
285378 3.33333
292830 3.63333
293572 3.90856
295807 4.16441
304001 4.40454
304751 4.63158
306986 4.84749
307731 1
316667 2
317412 3
318157 3.33333
327098 3.63333
327843 3.90856
328588 4.16441
337528 4.40454
339023 4.63158
339769 4.84749
340513 1
350944 2
353180 3
353925 3.33333
362861 3.63333
363610 3.90856
365101 4.16441
371057 4.40454
