1490.27 2
5216.56 2
8943.85 2
17141.5 2
20866.8 2.5
32037.6 2.9
32782.7 3.24483
41723.4 3.55301
43217.5 3.83446
43963.6 4.09525
55134.4 4.33944
57374.6 4.56988
58119.7 4.78871
59608.8 4.99753
68545.5 5.19763
69290.5 5.39003
70035.6 5.57555
70784.7 5.75491
78976.3 5.92867
80470.4 6.09735
81216.5 6.26135
81960.5 6.42106
82705.6 6.5768
90898.2 1
93132.4 2
93877.5 3
94622.5 3
95372.6 4
96116.6 4.25
105798 4.48529
106543 4.70824
107293 4.92064
108783 5.12386
119209 1
119954 2
120700 3
122194 3.33333
122938 3.63333
135601 3.90856
137091 4.16441
137839 4.40454
147522 1
149757 2
150505 3
151252 3.33333
165403 3.63333
166148 3.90856
166896 4.16441
178819 4.40454
180308 4.63158
181054 4.84749
181798 5.05378
191480 1
192225 2
192975 2
193720 3
194465 3.33333
205641 3.63333
206386 3.90856
207875 4.16441
215322 4.40454
216067 4.63158
217561 4.84749
219051 5.05378
226498 5.25165
227992 5.44207
228738 5.62582
230227 5.80357
231717 5.97588
240655 6.14322
242889 6.306
243634 6.46458
244383 6.61927
245873 6.77034
252576 6.91805
253321 7.0626
255555 7.20419
256300 7.343
257049 7.47918
258539 7.61288
265242 7.74424
265987 7.87337
266735 8.00038
268966 8.12537
269711 8.24844
270460 8.36968
271950 8.48916
280143 8.60696
280892 1
281636 1
282382 2
284612 3
285357 4
286102 5
287597 5.2
292810 5.39231
295788 5.57776
296538 5.75704
297283 5.93074
298773 6.09935
