2998.38 2
10450 2
11942.1 2.5
23113.9 2.9
25354.1 3.24483
35034.9 3.55301
36527 3.83446
37274.1 4.09525
43975.6 4.33944
45465.7 4.56988
46214.7 4.78871
46960.8 1
54411.4 2
56646.6 3
57390.6 3.33333
65582.3 3.63333
66331.3 3.90856
67819.4 4.16441
77508.2 4.40454
78995.3 4.63158
80485.4 4.84749
81233.5 5.05378
92404.3 5.25165
93899.5 5.44207
94643.5 5.62582
95386.6 5.80357
96876.7 5.97588
105820 6.14322
108053 6.306
108800 6.46458
109543 6.61927
111033 6.77034
120722 1
122211 2
123702 2
124447 3
125192 4
126679 4.25
134132 4.48529
134877 4.70824
136365 4.92064
137111 1
144558 2
146054 3
147541 3.33333
157973 3.63333
159462 3.90856
160208 4.16441
170639 1
172130 2
172876 3
173621 3
184050 1
184796 2
186284 2.5
195226 2.9
196714 3.24483
207892 1
209383 2
210129 2.5
221303 2.9
222048 3.24483
232479 3.55301
233224 3.83446
233967 4.09525
245145 4.33944
245890 4.56988
246633 4.78871
247378 1
258556 2
259301 3
260047 3.33333
270477 3.63333
271222 3.90856
271967 4.16441
283143 4.40454
284631 4.63158
285378 4.84749
286121 5.05378
300280 1
301771 2
302515 3
303261 3.33333
304003 3.33333
314436 3.63333
315181 1
315926 2
324866 2.5
326355 2.5
336787 2.9
339023 3.24483
345728 3.55301
347216 3.83446
347963 4.09525
353925 4.33944
355412 4.56988
356160 4.78871
356902 4.99753
362861 5.19763
363608 5.39003
