673.701 16.5888
1566.77 12.514
1905.05 18.1523
3354.91 6.25
3689.19 10.5313
4136.22 5.00896
4247.98 4.77003
7941.02 0
8047.78 0
8942.85 12.486
9612.4 16.6916
9947.67 22.2443
10954.5 16.6542
11515.3 7.12919
12629.9 6.67065
12857.4 11.7462
14753.3 10.5263
14865.1 11.1332
16317.9 14.2857
16545.4 6.6508
16770 11.7338
18329.6 11.1111
18669.9 11.7647
19894.2 7.14286
20234.5 7.14286
21905.9 6.68661
22017.6 12.5351
23805.8 11.7647
24029.3 11.1111
25370.4 14.2857
25597.9 18.7082
25821.4 18.7082
26823.2 23.0769
27163.5 21.4149
27270.3 26.7304
27497.8 26.6667
28723.1 17.6471
29170.2 16.7082
29281.9 16.6667
29509.4 16.6667
29617.2 15.8193
31186.8 11.7338
31409.3 11.7647
31632.9 11.0891
32970 12.5351
33081.7 6.68261
34427.8 7.66593
34650.3 14.2493
35988.5 7.16116
36212 7.15658
37553.1 8.33333
37779.6 14.2584
39005.9 15.3846
39344.2 14.2857
40462.8 15.3424
40685.3 19.9643
40908.8 21.4286
42024.4 21.4697
42135.2 23.1247
42249.9 21.4286
42361.7 23.0769
43142 30
43252.8 30
44259.6 20
44485.1 24.9628
44597.9 24.9257
45712.5 23.0769
45935 23.1247
46046.7 23.1406
46273.3 26.6826
47165.3 30.7692
47503.6 21.3739
47615.4 14.2493
47838.9 14.2766
48062.4 18.7395
48953.5 18.75
49736.8 6.67463
49960.3 5.88855
