2981.23 0
7451.58 0
8941.7 0
17137.3 0
18627.5 0
19372.5 0
20117.6 0
30548.4 2
32038.5 5
32783.6 5
33528.6 5
35018.7 5
43214.4 5
43959.4 5
45449.5 5
46939.7 5
52900.1 5
53645.2 5
55135.3 5
56625.4 5
63330.9 5
64076 5
64821.1 5
66311.2 5
68546.3 5
77487 5
78232.1 5
78977.2 5
79722.2 5
81212.3 5
84192.6 5
95368.4 5
96113.5 5
96858.5 5
97603.6 5
98348.7 5
99838.8 5
102819 5
114740 5
115485 5
116230 5
116975 5
117720 5
118465 5
119210 5
121445 5
132621 5
133366 5
135602 5
136347 5
145287 5
146032 5
146777 5
157953 5
158698 5
159443 5
171364 5
172109 5
183285 5
184030 5
195206 5
195951 5
206382 5
207127 5
219793 5
220538 5
221283 5
231714 5
232459 5
233204 5
234694 5
246615 5
247360 5
248105 5
249595 5
259281 5
260771 5
262261 5
271202 5
272692 5
274927 5
281633 5
282378 5
283868 5
292064 5
292809 5
294299 5
302495 5
303240 5
304730 5
305475 5
313670 5
314416 5
315906 5
316651 5
317396 5
324101 5
324846 5
325591 5
326336 5
330807 5
331552 5
