2257.32 1946.32
2258.32 1
6149.97 3891.65
6150.97 1
6723.67 572.702
9704.9 2981.23
16132.3 6427.38
19389.7 3257.37
21628.8 2239.17
33549.8 11920.9
40253.3 6703.52
40254.3 1
48446.9 8192.64
49936 1489.12
58132.7 8196.64
58133.7 1
59621.8 1488.12
72288.8 12667
73037.8 749.058
85699.8 12662
85700.8 1
97620.8 11919.9
99110.9 1490.12
109546 10434.8
109547 1
112522 2975.23
119974 7452.58
121462 1487.12
121463 1
125189 3726.29
134133 8943.7
135618 1485.12
137108 1490.12
140093 2985.23
140094 1
148285 8190.64
149774 1489.12
150524 750.058
152759 2235.17
154244 1485.12
154245 1
164676 10430.8
165421 745.058
166165 744.058
167655 1490.12
169150 1495.12
169892 742.058
169893 1
179577 9683.75
180322 745.058
181066 744.058
185542 4475.35
195223 9681.75
195968 745.058
196713 745.058
198953 2239.17
210129 11175.9
211614 1485.12
211615 1
220555 8940.7
222044 1489.12
222792 747.058
231731 8939.7
231732 1
233220 1488.12
233965 745.058
245146 11180.9
246631 1485.12
246632 1
256318 9685.75
257063 745.058
257807 744.058
266004 8196.64
266749 745.058
266750 1
267493 743.058
277925 10431.8
278670 745.058
279414 744.058
279415 1
280904 1489.12
293571 12667
294316 745.058
295061 745.058
296550 1489.12
297297 747.058
297298 1
309221 11922.9
309222 1
309963 741.058
310706 743.058
318158 7451.58
318903 745.058
319647 744.058
330824 11176.9
330825 1
331569 744.058
342004 10434.8
342745 741.058
344234 1489.12
344235 1
354666 10430.8
