2500 2000
3745.44 1245.44
3746.44 1
10236.3 6489.88
10237.3 1
11197 959.702
13431.2 2234.17
28334.4 14903.2
28335.4 1
35784.9 7449.58
36530 745.058
42485.5 5955.46
42486.5 1
43232.5 746.058
51428.2 8195.64
52173.2 745.058
52174.2 1
52920.3 746.058
61859 8938.7
62604 745.058
63349.1 745.058
64096.1 747.058
64097.1 1
77505.2 13408
78253.2 748.058
78997.3 744.058
88681.1 9683.75
89426.1 745.058
90173.2 747.058
90174.2 1
101347 11172.9
102092 745.058
114758 12666
115503 745.058
115504 1
127424 11919.9
128169 745.058
128916 747.058
142323 13407
142324 1
143070 746.058
143815 745.058
157971 14156.1
158717 745.058
158718 1
172876 14158.1
173621 745.058
174365 744.058
187027 12662
187028 1
187774 746.058
188521 747.058
200438 11916.9
201185 747.058
201186 1
201932 746.058
202677 745.058
213109 10431.8
213851 742.058
216089 2238.17
225027 8937.7
225772 745.058
226517 745.058
236203 9685.75
236204 1
250362 14158.1
250363 1
259297 8934.7
260044 747.058
268983 8938.7
270477 1494.12
270478 1
283889 13411
283890 1
298790 14900.2
299532 742.058
312196 12664
312197 1
312942 744.058
321884 8942.7
322629 745.058
322630 1
323376 746.058
333803 10426.8
334550 747.058
335295 745.058
336042 747.058
336043 1
345729 9685.75
347218 1489.12
347961 743.058
348708 747.058
349453 745.058
349454 1
359140 9685.75
360627 1487.12
361375 748.058
362119 744.058
371061 8941.7
371806 745.058
371807 1
372550 743.058
