224.592 0
336.351 0
448.109 0
559.868 0
671.627 0
783.385 0
895.144 0
1006.9 0
1118.66 0
1230.42 0
1342.18 0
1453.94 0
1565.7 0
1677.46 0
1789.21 0
1900.97 0
2012.73 0
2124.49 0
2236.25 0
2348.01 0
2459.77 0
2571.52 0
2683.28 0
2795.04 0
2906.8 0
3018.56 0
3130.32 0
3242.08 0
3353.84 0
3465.59 0
3577.35 0
3689.11 0
3800.87 0
3912.63 0
4024.39 0
4136.15 0
4247.91 0
4359.66 0
4471.42 0
4583.18 0
4694.94 0
4806.7 0
4918.46 0
5030.22 0
5141.98 0
5253.73 0
5365.49 0
5477.25 0
5589.01 0
5700.77 0
5812.53 0
5924.29 0
6036.04 0
6147.8 0
6259.56 0
6371.32 0
6483.08 0
6594.84 0
6706.6 0
6818.36 0
6930.11 0
7041.87 0
7153.63 0
7265.39 0
7377.15 0
7488.91 0
7600.67 0
7712.43 0
7824.18 0
7935.94 0
8047.7 0
8159.46 0
8271.22 0
8382.98 0
8494.74 0
8606.5 0
8718.25 0
8830.01 0
8941.77 0
9053.53 0
9165.29 0
9277.05 0
9388.81 0
9500.56 0
9612.32 0
9724.08 0
9835.84 0
9947.6 0
10059.4 0
10171.1 0
10282.9 0
10394.6 0
10506.4 0
10618.2 0
10729.9 0
10841.7 0
10953.4 0
11065.2 0
11176.9 0
11288.7 0
11400.5 0
11512.2 0
11624 0
11735.7 0
11847.5 0
11959.3 0
12071 0
12182.8 0
12294.5 0
12406.3 0
12518 0
12629.8 0
12741.6 0
12853.3 0
12965.1 0
13076.8 0
13188.6 0
13300.4 0
13412.1 0
13523.9 0
13635.6 0
13747.4 0
13859.2 0
13970.9 0
14082.7 0
14194.4 0
14306.2 0
14417.9 0
14529.7 0
14641.5 0
14753.2 0
14865 0
14976.7 0
15088.5 0
15200.3 0
15312 0
15423.8 0
15535.5 0
15647.3 0
15759.1 0
15870.8 0
15982.6 0
16094.3 0
16206.1 0
16317.8 0
16429.6 0
16541.4 0
16653.1 0
16764.9 0
16876.6 0
16988.4 0
17100.2 0
17211.9 0
17323.7 0
17435.4 0
17547.2 0
17659 0
17770.7 0
17882.5 0
17994.2 0
18106 0
18217.7 0
18329.5 0
18441.3 0
18553 0
18664.8 0
18776.5 0
18888.3 0
19000.1 0
19111.8 0
19223.6 0
19335.3 0
19447.1 0
19558.8 0
19670.6 0
19782.4 0
19894.1 0
20005.9 0
20117.6 0
20229.4 0
20341.2 0
20452.9 0
20564.7 0
20676.4 0
20788.2 0
20900 0
21011.7 0
21123.5 0
21235.2 0
21347 0
21458.7 0
21570.5 0
21682.3 0
21794 0
21905.8 0
22017.5 0
22129.3 0
22241.1 0
22352.8 0
22464.6 0
22576.3 0
22688.1 0
22799.9 0
22911.6 0
23023.4 0
23135.1 0
23246.9 0
23358.6 0
23470.4 0
23582.2 0
23693.9 0
23805.7 0
23917.4 0
24029.2 0
24141 0
24252.7 0
24364.5 0
24476.2 0
24588 0
24699.7 0
24811.5 0
24923.3 0
25035 0
25146.8 0
25258.5 0
25370.3 0
25482.1 0
25593.8 0
25705.6 0
25817.3 0
25929.1 0
26040.9 0
26152.6 0
26264.4 0
26376.1 0
26487.9 0
26599.6 0
26711.4 0
26823.2 0
26934.9 0
27046.7 0
27158.4 0
27270.2 0
27382 0
27493.7 0
27605.5 0
27717.2 0
27829 0
27940.8 0
28052.5 0
28164.3 0
28276 0
28387.8 0
28499.5 0
28611.3 0
28723.1 0
28834.8 0
28946.6 0
29058.3 0
29170.1 0
29281.9 0
29393.6 0
29505.4 0
29617.1 0
29728.9 0
29840.6 0
29952.4 0
30064.2 0
30175.9 0
30287.7 0
30399.4 0
30511.2 0
30623 0
30734.7 0
30846.5 0
30958.2 0
31070 0
31181.8 0
31293.5 0
31405.3 0
31517 0
31628.8 0
31740.5 0
31852.3 0
31964.1 0
32075.8 0
32187.6 0
32299.3 0
32411.1 0
32522.9 0
32634.6 0
32746.4 0
32858.1 0
32969.9 0
33081.7 0
33193.4 0
33305.2 0
33416.9 0
33528.7 0
33640.4 0
33752.2 0
33864 0
33975.7 0
34087.5 0
34199.2 0
34311 0
34422.8 0
34534.5 0
34646.3 0
34758 0
34869.8 0
34981.6 0
35093.3 0
35205.1 0
35316.8 0
35428.6 0
35540.3 0
35652.1 0
35763.9 0
35875.6 0
35987.4 0
36099.1 0
36210.9 0
36322.7 0
36434.4 0
36546.2 0
36657.9 0
36769.7 0
36881.4 0
36993.2 0
37105 0
37216.7 0
37328.5 0
37440.2 0
37552 0
37663.8 0
37775.5 0
37887.3 0
37999 0
38110.8 0
38222.6 0
38334.3 0
38446.1 0
38557.8 0
38669.6 0
38781.3 0
38893.1 0
39004.9 0
39116.6 0
39228.4 0
39340.1 0
39451.9 0
39563.7 0
39675.4 0
39787.2 0
39898.9 0
40010.7 0
40122.5 0
40234.2 0
40346 0
40457.7 0
40569.5 0
40681.2 0
40793 0
40904.8 0
41016.5 0
41128.3 0
41240 0
41351.8 0
41463.6 0
41575.3 0
41687.1 0
41798.8 0
41910.6 0
42022.3 0
42134.1 0
42245.9 0
42357.6 0
42469.4 0
42581.1 0
42692.9 0
42804.7 0
42916.4 0
43028.2 0
43139.9 0
43251.7 0
43363.5 0
43475.2 0
43587 0
43698.7 0
43810.5 0
43922.2 0
44034 0
44145.8 0
44257.5 0
44369.3 0
44481 0
44592.8 0
44704.6 0
44816.3 0
44928.1 0
45039.8 0
45151.6 0
45263.4 0
45375.1 0
45486.9 0
45598.6 0
45710.4 0
45822.1 0
45933.9 0
46045.7 0
46157.4 0
46269.2 0
46380.9 0
46492.7 0
46604.5 0
46716.2 0
46828 0
46939.7 0
47051.5 0
47163.2 0
47275 0
47386.8 0
47498.5 0
47610.3 0
47722 0
47833.8 0
47945.6 0
48057.3 0
48169.1 0
48280.8 0
48392.6 0
48504.4 0
48616.1 0
48727.9 0
48839.6 0
48951.4 0
49063.1 0
49174.9 0
49286.7 0
49398.4 0
49510.2 0
49621.9 0
49733.7 0
49845.5 0
49957.2 0
