111.759 0
673.701 1500
785.46 0
1566.77 1500
1678.53 3000
1790.29 1500
1902.05 0
3690.19 0
3917.7 0
6931.19 0
8495.81 1500
8607.57 0
9948.67 0
11517.3 1500
11629.1 0
12966.2 0
13188.7 0
14755.3 1500
14867.1 1500
14978.8 0
16546.4 0
16765 0
18107.1 0
18218.8 0
20118.7 1500
20230.5 0
21906.9 0
22018.6 0
23583.2 1500
23695 0
25151.9 0
25263.6 0
26712.5 0
26824.2 1500
26936 0
28388.9 0
28504.6 0
28723.1 1500
28834.9 0
30289.8 1500
30401.5 0
30623 0
32080.9 1500
32192.7 1500
32304.4 0
33976.8 0
34092.6 0
35429.7 0
35541.4 1500
35653.2 0
36882.5 0
36994.3 0
37216.8 1500
37328.6 0
38223.6 0
38446.1 0
38558.9 1500
38670.7 0
39900 1500
40011.8 0
40234.3 0
41464.6 0
41687.1 0
41915.7 0
43029.3 0
43141 1500
43252.8 1500
43364.5 0
44258.6 0
44370.4 0
44592.9 1500
44704.6 1500
44816.4 0
45715.5 0
45827.2 1500
45939 1500
46050.7 0
47165.3 0
47277.1 1500
47388.8 0
48394.7 0
48506.4 1500
48618.2 0
49627 3000
49738.8 1500
49850.5 0
