3728.44 19.9831
9687.9 12.5021
11177 20.0054
20863.8 13.3333
22353.9 17.6471
23843 17.6471
24592.1 22.2156
34278.8 22.2156
36510 23.8095
39494.2 14.999
45451.7 20.0054
47685.9 20
49175 23.0888
50670.1 26.6667
55137.4 30.7692
58865.7 26.6571
66312.3 13.3345
67803.4 17.6471
72275.8 16.6679
81214.5 11.1111
85687.8 11.1103
94624.5 11.1119
96113.6 14.2926
96862.7 20.0018
107291 17.6471
108782 17.6443
119211 7.14354
119957 13.3333
131136 12.4958
131878 12.5
144544 11.1136
145289 15.7928
146778 15.002
160191 10
161679 10
174347 10.5263
175840 10.5226
177325 14.2857
187758 12.5031
188503 13.3309
198934 13.3333
199679 13.3333
213093 10.5241
213838 14.997
215323 14.2875
227246 15.7928
227991 15.7928
229479 19.0537
240657 11.7647
242145 11.7647
242894 16.6617
255561 14.997
257046 15
258540 14.2857
266733 20.0072
268222 23.5387
277164 14.2857
277910 19.9982
279398 20
289086 18.7484
289831 18.75
291319 18.75
292068 23.522
303987 20
304732 20
306225 19.9933
319633 10
320381 14.283
321866 14.2903
334537 14.997
335282 15
336022 15.7895
336767 20
345713 26.6667
346458 26.6667
347203 26.6547
352417 25.0084
353162 33.3433
354649 30.0201
360612 27.2727
361357 27.2727
362844 27.2727
363594 33.3147
368065 39.9893
368810 39.9893
369550 44.4444
370295 44.4776
371040 50.0336
371785 100.134
372530 100.134
373275 100
374020 100
374765 100
375510 100
376255 100
377001 100
377746 100
378496 99.8883
379241 99.8883
379986 99.8883
