4473.5 16.6549
14901.3 7.14491
16391.4 12.5031
30552.5 9.52077
31297.6 9.99665
38745.2 18.1885
39490.2 18.1885
40978.3 23.0888
49176 21.4286
49920 21.4306
51409.2 21.4286
52158.2 26.6571
61095.9 25.0021
61841 25
63330.1 25
64075.1 25.0084
73020.8 24.9916
73765.9 29.4025
74506 29.4141
75251 31.25
75996.1 31.25
86427.9 27.7861
87172.9 27.7861
87917 31.5901
88662.1 31.5789
89407.1 31.5789
90897.2 30
102819 27.2727
103568 27.2661
104313 27.2644
105053 30.4348
105798 30.4348
107289 29.1667
108034 30.4348
120705 29.1601
121446 29.1732
122190 29.1748
122940 29.1585
123685 29.1585
124430 31.9914
125175 33.324
125920 33.324
133368 47.07
134112 25.0112
134857 25.0112
136346 28.5851
141563 36.3636
143051 33.3371
143797 38.4615
145286 35.7177
146781 35.7006
151993 35.7177
153487 35.6972
154232 35.7006
155722 35.6972
157207 37.5
158698 37.5126
166149 21.4368
167638 25.0105
168387 26.6571
169873 26.6667
178073 24.9937
179559 25
180309 24.9979
181054 29.4094
182539 29.4118
193720 23.808
194461 24.9983
195205 25.0084
195950 25.0084
196695 28.5806
197441 30
210112 27.2727
210853 27.2727
211598 27.2711
212342 27.2727
223523 17.6415
224264 17.6471
225013 22.2156
233953 15.3783
234694 15.391
243636 15.3894
244381 21.4347
245874 19.9928
253321 23.0793
255559 15.3862
265243 12.499
268225 11.7647
281636 5.55556
283122 10.0027
296537 10
298028 9.99665
308458 7.14354
309944 12.5052
319634 13.3333
321120 13.3333
332300 11.7647
333786 15.7939
335281 15.7839
346456 15.7895
