2241.32 2241.32
6709.67 4468.35
8199.79 5958.46
14906.3 8196.64
16394.4 9684.75
28317.4 13411
31298.6 14904.2
41728.4 13411
42472.5 11173.9
51413.2 8940.7
52158.2 9685.75
61844 10430.8
62589 10430.8
75255 13411
76000.1 14156.1
76744.1 14155.1
92391.3 17136.3
93136.4 17136.3
93880.5 17880.4
94628.5 17884.4
113253 20861.6
113998 19369.5
131134 17136.3
131879 17881.4
143800 12666
144545 12666
156466 11920.9
157211 12666
169877 13411
170622 13411
181798 11175.9
182543 11920.9
192974 11175.9
194463 11919.9
202660 9685.75
204149 11174.9
205639 11175.9
214581 11920.9
216070 11920.9
217560 13411
219053 13414
230227 15646.2
230972 14902.2
244383 14156.1
245128 14156.1
245872 14900.2
257049 12666
257794 12666
258539 12667
269717 11922.9
270462 11922.9
280892 11174.9
290579 9686.75
291322 10429.8
301008 10428.8
301753 10430.8
310693 9685.75
312182 11174.9
312931 11177.9
321871 11177.9
322616 10433.8
323361 11178.9
328577 5960.46
329317 6700.52
330064 6702.52
333792 5215.41
334537 5220.41
335279 5215.41
336024 5960.46
339003 5210.41
339748 5210.41
340493 5213.41
341240 5215.41
342730 6705.52
344968 5965.46
346455 6707.52
347198 6705.52
347943 6703.52
349435 6705.52
351674 6705.52
352419 7450.58
353906 7450.58
355396 8197.64
356139 8195.64
357631 8195.64
359864 8190.64
360609 8190.64
362101 9682.75
362844 8938.7
364337 8940.7
365827 9687.75
367317 9685.75
369555 9690.75
370300 9690.75
371790 9688.75
372535 10433.8
373280 10435.8
374770 10433.8
377006 11178.9
378496 11178.9
