1933.12 0
5658.41 0
8638.64 0
15344.2 1
16834.3 1
17579.3 1
19814.5 2
20559.6 2
28755.2 3
32480.5 3
33225.6 3
41421.2 3
42166.3 3
53342.1 3
54087.2 3
55577.3 3
64518 3
65263.1 3
66753.2 3
68243.3 3
77929 3
78674.1 3
80164.2 3
82399.4 3
83889.5 3
91340.1 3
92085.1 3
93575.3 3
95810.4 3
97300.5 3
98790.7 3
104751 3
105496 3
106986 3
109221 3
110712 3
118162 3
120397 3
121887 3
122633 3
131573 3
133808 3
144984 3
146474 3
147964 3
159140 3
160630 3
171806 3
173296 3
174787 3
184472 3
187453 3
197138 3
200864 3
212785 3
214275 3
217255 3
229176 3
232156 3
242587 3
251528 3
253018 3
261958 3
263448 3
274624 3
276114 3
276860 3
289526 3
291016 3
291761 3
292506 3
306662 3
308152 3
308897 3
320073 3
321563 3
322308 3
332739 3
333484 3
346150 3
346895 3
348385 3
356581 3
357326 3
358071 3
358816 3
363286 3
364031 3
364776 3
365521 3
368502 3
369247 3
369992 3
370737 3
372227 3
374462 3
375207 3
375952 3
376697 3
378187 3
378932 3
381913 3
382658 3
383403 3
