2984.38 2984.38
7454.73 4470.35
8942.85 5958.46
17139.5 9684.75
18628.6 11173.9
19377.7 10434.8
20122.7 11179.9
32785.7 13408
33533.8 13411
35019.9 14897.2
44707.6 11921.9
45452.7 11918.9
46944.8 11924.9
47689.9 12670
55140.4 10432.8
56626.6 8936.7
57370.6 9680.75
64078.1 8937.7
65567.3 8940.7
67057.4 9686.75
75254 11175.9
75999.1 11920.9
77488.2 11920.9
78978.3 11920.9
88665.1 13411
89410.1 13411
90154.2 14155.1
91644.3 14156.1
93138.4 14160.1
101332 12667
102076 12666
102820 12666
103569 11924.9
104314 12670
105800 12662
115488 14156.1
116232 11917.9
116980 12666
118466 12666
130389 13409
131133 14153.1
132622 14156.1
143800 13411
144544 13411
146034 13411
146778 14155.1
157956 14156.1
158701 14156.1
160194 14160.1
160939 14161.1
162425 15647.2
173603 15646.2
175091 14152.1
176585 14160.1
187759 14156.1
188506 13415
197444 9684.75
198189 9682.75
208620 11176.9
209364 11175.9
222776 14155.1
223521 14900.2
225010 15645.2
239915 17139.3
240657 17136.3
241401 17880.4
242146 17136.3
251834 11918.9
252578 11920.9
253322 11920.9
254067 11920.9
255557 13411
265990 14156.1
266734 14156.1
267478 14156.1
268223 14156.1
269717 14160.1
271207 15650.2
282380 16390.3
283125 16391.3
286107 14900.2
296536 14156.1
297284 14904.2
298029 14904.2
300261 14153.1
309203 11173.9
310691 12662
311439 11178.9
321124 11920.9
322612 11920.9
323360 11920.9
324105 12666
334534 13410
336024 13412
337513 14153.1
338262 14156.1
339007 14901.2
348690 14156.1
350928 14904.2
352419 14905.2
