3742.29 0
8212.64 0
11192.9 0
13428 0
22368.7 1
23858.9 1
24603.9 1
28329.2 1
35034.7 1
37269.9 1
43230.4 1
44720.5 1
46955.7 1
54406.2 1
55896.4 1
56641.4 1
58876.6 1
66327.2 1
68562.3 1
69307.4 1
70797.5 1
72287.6 1
81228.3 1
82718.4 1
84953.6 1
91659.1 1
93894.3 1
94639.4 1
102835 1
104325 1
105815 1
114756 1
116991 1
118481 1
129657 1
131147 1
131892 1
140833 1
141578 1
143068 1
153499 1
154244 1
155734 1
167655 1
169145 1
169890 1
171380 1
179576 1
181066 1
182556 1
183301 1
184046 1
192242 1
193732 1
195222 1
195967 1
196712 1
197457 1
206398 1
208633 1
210123 1
210868 1
211613 1
212359 1
213104 1
223534 1
226515 1
227260 1
228005 1
234710 1
236945 1
238436 1
239181 1
239926 1
247376 1
249611 1
251847 1
252592 1
253337 1
254082 1
262277 1
263022 1
265258 1
266003 1
266748 1
277924 1
278669 1
279414 1
280904 1
290590 1
292080 1
292825 1
294315 1
295805 1
305491 1
306981 1
308471 1
312941 1
315177 1
315922 1
316667 1
321137 1
324117 1
