228.666 2
783.46 3
895.219 4
1789.29 5
2015.81 6
2128.56 7
2351.08 8
3912.7 1
4364.74 2
4476.5 3
5256.81 4
8271.29 1
9392.88 2
10283 2.5
10394.7 2.9
11740.8 3.24483
11962.3 1
13412.2 2
13524 2.5
14641.5 2.9
14868.1 3.24483
15982.6 3.55301
16322.9 3.83446
16434.7 4.09525
17882.5 4.33944
18334.6 1
18669.9 2
19894.2 3
20453 1
21347.1 2
21570.6 2.5
23023.4 2.9
23247 3.24483
24476.3 3.55301
24816.6 3.83446
24928.3 1
26488 2
26599.7 2.5
28164.3 2.9
28390.9 1
29952.5 2
31517.1 2.5
31743.6 2.9
33193.5 3.24483
33417 1
35098.4 2
36438.5 2.5
36550.2 2.9
37891.4 3.24483
38003.1 3.55301
39456 1
39567.7 2
39679.5 2.5
41245.1 2.9
41355.9 3.24483
42585.2 3.55301
42698 3.83446
42919.5 4.09525
44038.1 4.33944
44149.8 4.56988
44260.6 1
44372.4 2
45714.5 3
47052.6 3.33333
47167.3 3.63333
47278.1 3.90856
48396.7 4.16441
48508.4 1
48619.2 2
49737.8 3
