4473.5 2
11922.1 3
13411.2 4
23843 5
24588.1 6
26077.2 1
26822.2 2
37258.1 3
37999.1 3.33333
38748.2 3.63333
39493.2 3.90856
46939.8 4.16441
47684.9 4.40454
48428.9 4.63158
57370.6 4.84749
58115.7 5.05378
58859.7 5.25165
60349.9 5.44207
70036.6 5.62582
70781.7 5.80357
71525.7 5.97588
73015.8 6.14322
73764.9 6.306
85682.8 6.46458
86431.9 6.61927
87176.9 6.77034
88662.1 6.91805
89412.1 7.0626
90157.2 1
101329 2
102078 3
102823 4
103568 4.25
104308 4.48529
105053 4.48529
114741 4.70824
115485 4.92064
116229 5.12386
116974 5.31903
124427 5.50703
125171 5.68862
125915 5.86441
126660 6.03493
128150 6.20063
136347 6.36191
137092 6.51909
137836 6.67249
138581 1
140076 2
140820 3
149758 4
150503 4.25
151247 4.48529
163914 4.70824
164659 4.92064
165403 5.12386
166893 1
179560 2
180305 3
181050 3.33333
182539 3.63333
193716 3.90856
194465 4.16441
195950 4.40454
205637 4.63158
206382 4.84749
207871 5.05378
208620 5.25165
220542 5.44207
221287 1
222778 2
223522 3
224268 3.33333
237676 3.63333
239164 3.90856
239913 1
251087 2
252576 2
260027 2.5
262262 2.9
271203 3.24483
273436 3.55301
282379 3.83446
283867 4.09525
286106 4.33944
296535 4.56988
298023 4.78871
298769 4.99753
301008 5.19763
309201 1
311435 2
312184 2
314419 3
315161 3.33333
325595 3.63333
326340 3.90856
327826 4.16441
335277 4.40454
336025 4.63158
337516 4.84749
