2984.38 2
7454.73 3
8942.85 4
17139.5 2
18628.6 2.5
19377.7 2.9
20122.7 3.24483
32788.7 3.55301
33533.8 3.83446
35019.9 4.09525
43962.6 4.33944
44707.6 4.56988
46195.7 4.78871
47684.9 4.99753
55883.5 5.19763
56628.6 5.39003
58116.7 5.57555
60355.9 1
70039.6 2
70784.7 2
71529.7 3
72276.8 3.33333
81215.5 3.63333
81960.5 3.90856
83448.7 4.16441
92391.3 4.40454
93136.4 4.63158
94624.5 4.84749
95372.6 5.05378
107293 5.25165
108038 5.44207
109526 1
110274 2
111020 3
121449 3.33333
122194 3.33333
123682 3.63333
134115 3.90856
134860 1
136352 2
149016 2.5
150504 2.9
166152 1
166897 2
178073 2.5
178818 2.9
190739 3.24483
191484 3.55301
206385 3.83446
207130 4.09525
207875 4.33944
219796 4.56988
221284 4.78871
222033 4.99753
222779 1
233952 2
234697 3
235442 3.33333
246618 3.63333
247363 3.90856
248106 4.16441
261520 4.40454
262265 4.63158
263008 4.84749
263753 5.05378
277911 5.25165
278656 1
279401 2
280148 3
280893 3.33333
289832 3.63333
291320 3.90856
292067 4.16441
303243 4.40454
304733 4.63158
305478 4.84749
306221 5.05378
315164 5.25165
317401 5.44207
318146 5.62582
318887 5.80357
319632 5.97588
329322 6.14322
330067 6.306
330808 6.46458
331553 6.61927
332298 6.77034
339008 6.91805
339753 7.0626
340494 7.20419
341239 7.343
341984 7.47918
343474 7.61288
348690 7.74424
349435 7.87337
350183 8.00038
350928 8.12537
351674 8.24844
352419 8.36968
353164 8.48916
