1935.27 49.7945
5659.56 20.0054
8642.79 22.2156
17584.5 12.4958
20564.7 12.499
32485.6 10
33230.7 11.7647
38442.1 14.2967
39931.2 22.2388
47382.8 16.6667
48871.9 16.6667
56323.5 16.6667
57069.6 23.0745
58557.7 23.0769
68989.5 17.6471
69735.5 17.6471
71223.7 21.0556
71972.7 22.2156
85380.8 18.1818
86126.8 18.1818
87619.9 18.1763
88365 18.1807
89110.1 21.7379
102517 21.7391
103263 10.5285
115928 11.1111
117417 15.001
118164 15
127849 18.75
129338 18.75
130833 17.6429
132318 21.0556
141261 22.2206
142750 22.2206
143496 23.535
144984 23.5294
145734 27.7674
153182 31.25
155415 29.4141
156162 29.4118
156910 31.2369
157655 31.25
167338 26.3158
168826 28.5751
170321 29.9899
171066 29.994
171812 30
172557 30
182987 28.566
185223 11.7647
185968 16.6667
195649 17.6526
197886 17.6512
198631 22.2272
200119 21.0601
207570 25
210552 23.5294
211300 23.5238
212785 23.5294
213533 27.7716
223221 23.8034
225453 25
226198 25.005
227686 25
228434 25
229181 28.5678
238118 30.0081
241099 28.5714
241844 28.5714
243337 28.5623
244080 28.5714
244827 28.5714
253019 30
255254 30.4348
258980 20.0013
259725 20.004
267175 21.0526
268664 22.2239
271646 23.5294
272391 23.5294
273884 26.3102
280590 27.7695
282821 26.3139
286547 25
293254 17.6498
295487 17.6471
300704 15.7895
307408 15.7917
309643 15.7895
311137 19.0428
314115 22.2222
322309 13.3381
323798 17.654
326036 18.75
334230 18.75
335720 18.7484
337959 18.7453
339450 22.2173
345410 26.6571
347645 24.9916
