1495.27 2
5216.56 2
5964.61 2.5
14160.3 2
15650.4 2.5
27573.3 2.9
29061.4 3.24483
40234.3 3.55301
41728.4 3.83446
42471.5 4.09525
49925 4.33944
52159.2 4.56988
53648.3 4.78871
54392.4 4.99753
62586 5.19763
64825.2 1
66316.3 2
67058.4 3
76002.1 3.33333
76746.1 3.63333
79726.4 3.90856
90158.2 4.16441
90903.2 4.40454
93882.5 4.63158
102824 4.84749
103564 5.05378
105057 5.25165
107294 5.44207
116975 5.62582
117720 5.80357
119213 5.97588
119959 6.14322
123683 6.306
134117 1
135607 2
137097 3
137842 4
138587 4.25
149758 4.48529
150507 4.70824
151251 4.92064
152741 5.12386
162424 5.31903
163173 5.50703
163917 5.68862
165407 1
166151 2
178819 3
180308 3.33333
195210 3.63333
195955 3.90856
196699 1
206386 2
217563 2.5
218307 2.9
229483 1
230228 2
239914 2.5
240659 2.9
252580 3.24483
253325 3.55301
266736 3.83446
267481 4.09525
268225 4.33944
281638 4.56988
282383 1
283126 2
283873 3
292068 3.33333
292813 3.63333
293557 3.90856
303240 4.16441
303989 4.40454
304733 1
313675 2
314420 3
315166 3.33333
324850 3.63333
325596 3.90856
326340 4.16441
336026 4.40454
336771 4.63158
337515 4.84749
338261 5.05378
350182 5.25165
350927 5.44207
351673 5.62582
352417 5.80357
353162 5.97588
364339 6.14322
365828 6.306
366573 6.46458
367318 6.61927
368065 1
374024 2
375515 3
377006 4
