2257.32 2
6723.67 2
9704.9 2.5
19389.7 2
21628.8 2.5
33549.8 2.9
34290.8 3.24483
43231.5 3.55301
43976.6 3.83446
45465.7 4.09525
55897.5 4.33944
56642.6 4.56988
58131.7 1
58878.7 2
69308.5 3
70053.6 3.33333
81229.5 3.63333
82718.6 3.90856
83464.7 4.16441
92405.3 4.40454
94640.5 1
95385.6 2
96879.7 2
105820 3
108797 3.33333
116996 3.63333
117737 3.90856
120718 4.16441
126680 4.40454
127423 4.63158
131148 1
132638 2
138601 3
139344 3.33333
150524 3.63333
151265 3.90856
152754 4.16441
163186 4.40454
163931 4.63158
165420 4.84749
166915 5.05378
175107 1
176597 2
177342 3
178087 3
178831 3.33333
187773 3.63333
188522 3.90856
189267 4.16441
198204 4.40454
198949 4.63158
199693 4.84749
201183 5.05378
210870 5.25165
211615 5.44207
212359 5.62582
213849 1
214596 2
225775 3
226520 3.33333
227260 3.63333
239184 3.90856
239927 1
240671 2
253342 2.5
254083 2.9
263026 3.24483
263769 3.55301
272711 3.83446
273454 4.09525
274944 4.33944
285377 4.56988
286124 4.78871
287610 4.99753
288357 5.19763
300277 5.39003
301024 5.57555
302516 5.75491
303258 5.92867
304001 6.09735
314433 6.26135
315178 6.42106
316672 6.5768
317414 1
318157 2
319652 3
327846 3
329338 3
330823 4
339024 4.25
339767 4.48529
341254 4.70824
342749 4.92064
350197 5.12386
350942 5.31903
351685 5.50703
352430 5.68862
359137 5.86441
359885 6.03493
360630 6.20063
