725 16
1685 25
2166 30
3484 33
4084 40
4565 40
5162 36
6007 35
6964 34
7567 35
8407 32
8642 31
9126 31
10327 27
10567 26
10927 24
11887 22
12367 22
12967 21
13447 20
13927 20
14527 20
15007 20
15367 18
15847 18
16807 19
17162 19
17767 20
18367 20
18847 20
19327 20
19807 20
20644 21
21007 21
21487 19
22327 20
22807 20
23287 20
23767 20
24126 21
24607 21
25087 21
25682 23
26166 23
27126 23
27607 23
28087 23
28447 21
28927 21
29407 21
29767 22
30126 23
30607 23
31567 23
32047 23
32407 21
32887 21
33367 21
33726 22
34086 23
34567 23
35407 24
35767 25
36247 25
36725 26
37326 25
37926 28
38527 27
39123 26
39607 26
40202 25
40927 24
41162 25
41642 23
42487 21
43567 21
44407 19
44887 19
45367 19
45722 20
46087 20
46447 18
46807 19
48007 20
48487 18
48967 18
49567 17
