1491.12 0
5216.41 0
5961.46 0
11921.9 0
13412 0
14157.1 0
15647.2 0
26078 0
27568.1 0
29058.3 0
40979.2 0
42469.3 0
43214.4 0
50664.9 0
52155.1 0
53645.2 0
54390.2 0
61840.8 0
64076 0
65566.1 0
67056.2 0
74506.8 0
75251.9 0
76742 0
85682.7 0
86427.7 0
87917.9 0
99838.8 0
101329 0
114740 0
116230 0
116975 0
132621 0
134111 0
134857 0
135602 0
149013 0
150503 0
160934 0
161679 0
163169 0
175090 0
175835 0
177325 0
188501 0
189991 0
200422 0
201912 0
213833 0
214578 0
216068 0
229479 0
230224 0
230969 0
239165 0
239910 0
240655 0
248850 0
249595 0
250341 0
259281 0
260026 0
260771 0
262261 0
271947 0
273437 0
274182 0
274927 0
276418 0
286103 0
288338 0
289084 0
297279 0
298024 0
298769 0
306965 0
308455 0
309200 0
318141 0
319631 0
321121 0
321866 0
332297 0
333787 0
334532 0
344963 0
346453 0
353159 0
354649 0
358374 0
359119 0
359864 0
363589 0
365079 0
365825 0
366570 0
370295 0
372530 0
373275 0
374020 0
377745 0
378490 0
379981 0
