1490.12 0
5215.41 0
5960.46 0
10430.8 0
12666 1
14156.1 1
14901.2 1
25332 2
27567.1 2
28312.2 2
45448.5 2
46938.7 2
56624.4 2
67800.3 2
69290.4 2
80466.3 2
82701.4 2
94622.4 2
96112.5 2
96857.5 2
105798 2
108033 2
108778 2
109524 2
119209 2
121444 2
122190 2
122935 2
124425 2
135601 2
136346 2
137091 2
137836 2
139326 2
140071 2
150502 2
151247 2
151992 2
152737 2
163913 2
164658 2
165403 2
166148 2
177324 2
178069 2
178814 2
179559 2
180304 2
192970 2
193715 2
205636 2
206381 2
218302 2
219047 2
233203 2
233948 2
245124 2
246614 2
259280 2
260025 2
260770 2
272691 2
274181 2
286102 2
288337 2
300258 2
301003 2
307709 2
308454 2
315160 2
316650 2
317395 2
325590 2
326335 2
327080 2
328571 2
335276 2
336021 2
336766 2
338256 2
344962 2
345707 2
346452 2
347197 2
348687 2
355393 2
356138 2
356883 2
357628 2
359118 2
359863 2
363588 2
364333 2
365078 2
365824 2
366569 2
367314 2
368059 2
371039 2
372529 2
373274 2
374019 2
374764 2
