4168.29 0
7893.58 0
13109 0
14599.1 0
24284.9 1
25775 1
28010.1 1
30990.4 1
37695.9 1
39186 1
40676.1 1
48871.8 1
50361.9 1
51852 1
53342.1 1
63772.9 1
65263.1 1
66008.1 1
77184 1
78674.1 1
89104.9 1
89850 1
101771 1
102516 1
104006 1
115927 1
116672 1
117417 1
118162 1
127848 1
129338 1
130828 1
142004 1
143494 1
154670 1
156160 1
168826 1
181492 1
192668 1
193413 1
203844 1
204589 1
217255 1
218000 1
219490 1
229921 1
230666 1
232156 1
241097 1
241842 1
243332 1
254508 1
255253 1
256743 1
257488 1
265684 1
267919 1
268664 1
276860 1
279095 1
279840 1
290271 1
291761 1
293251 1
293996 1
305172 1
306662 1
308152 1
320073 1
321563 1
322308 1
329759 1
330504 1
338699 1
339444 1
346895 1
347640 1
349130 1
352855 1
353601 1
355091 1
355836 1
359561 1
361051 1
362541 1
363286 1
364031 1
367757 1
369992 1
371482 1
372227 1
372972 1
373717 1
377442 1
379678 1
380423 1
381168 1
381913 1
382658 1
383403 1
384148 1
384893 1
385638 1
