3745.44 2
11197 2
13431.2 2.5
24609.1 2.9
28334.4 3.24483
35779.9 3.55301
38020.1 3.83446
38762.2 4.09525
46957.8 4.33944
48449.9 4.56988
49193 1
50686.1 1
60368.9 1
61862 2
73034.8 2.5
73779.9 2.9
84955.8 3.24483
85700.8 3.55301
96876.7 3.83446
98368.8 4.09525
99114.9 4.33944
108053 4.56988
108798 1
109543 2
110291 2
119228 3
120721 3.33333
129659 3.63333
130404 3.90856
131896 4.16441
140090 4.40454
141580 4.63158
143072 4.84749
143815 5.05378
152756 5.25165
154991 5.44207
156481 5.62582
157226 5.80357
157973 5.97588
166912 6.14322
169149 6.306
171383 6.46458
172128 6.61927
172873 6.77034
181066 6.91805
181811 7.0626
182560 7.20419
184794 1
186287 2
187029 3
195224 3
195972 4
196717 4.25
197462 4.48529
210874 1
211619 2
212364 3
213853 3.33333
222044 3.63333
222790 3.90856
224284 4.16441
234715 1
235460 1
236951 2
238440 3
249617 1
251852 2
252594 2.5
263768 2.9
265262 3.24483
274944 3.55301
276438 3.83446
277184 4.09525
287610 4.33944
288355 1
289104 2
289850 3
301771 1
302516 2
303261 2.5
315182 2.9
315927 3.24483
325608 3.55301
326353 3.83446
327847 4.09525
337533 4.33944
338279 4.56988
339768 4.78871
340511 4.99753
348706 5.19763
349449 5.39003
350943 5.57555
351687 5.75491
360625 5.92867
361370 6.09735
362119 6.26135
363610 1
365101 2
373296 3
374041 4
