3728.44 19.9831
9687.9 12.5021
11177 20.0054
20863.8 13.3333
22353.9 17.6471
23843 17.6471
24592.1 22.2156
34278.8 22.2156
36510 23.8095
39494.2 14.999
44705.6 21.4368
48433.9 16.6685
54391.4 15.3846
58864.7 14.2857
65567.3 13.3333
67056.4 17.6485
71530.7 17.6471
80468.4 15
81957.5 15
82703.6 19.0464
87176.9 19.0476
99094.9 16
100585 15.9991
101330 16
105803 16
107290 18.5222
119956 12
124431 11.9994
125916 12
134113 15.7895
137097 17.6471
137842 22.2222
148269 13.3381
149017 13.3345
150503 17.654
160939 17.6415
162424 16.6716
163919 16.6605
172856 18.7563
173601 23.5368
184777 12.5
185522 17.6471
187016 16.6617
196697 18.75
198187 13.3393
207873 13.3333
209362 13.3333
222029 10.5263
223520 14.2857
224268 14.996
233950 18.75
236186 17.6471
236934 22.2173
237679 22.2222
248856 19.9946
251087 20
260028 13.3369
271952 6.24843
273437 11.1128
283125 13.3369
284613 13.3333
293555 14.2871
295044 18.7531
295790 19.9982
303986 21.4286
306221 14.2857
315162 13.3333
318142 12.5
327083 8.33333
327832 15.3783
332299 28.566
333047 28.5714
336769 33.3333
337514 42.8571
338260 42.8818
341985 42.8571
343473 37.5126
344220 44.4444
345713 39.9839
348690 44.4444
350178 44.4444
350925 44.4444
353161 40.0161
354651 41.6807
356884 45.4656
358379 45.4268
359121 45.4545
361356 45.4545
363591 41.6667
365080 42.8654
366575 46.13
368060 46.1777
368807 46.1538
371045 46.1396
374025 42.8448
375515 42.8366
376260 46.6458
377751 46.6667
379241 46.6458
379986 46.6541
