2683.32 2
10131.9 2
11623 2.5
22799.9 2.9
25033.1 3.24483
33970.8 3.55301
35460.9 1
36208.9 2
43656.5 2.5
45896.7 2.9
54832.4 3.24483
57812.6 3.55301
65263.2 3.83446
66753.3 4.09525
68992.5 4.33944
75694 4.56988
77188.1 4.78871
77934.2 4.99753
79423.3 1
87615.9 1
89110.1 2
89855.1 3
101026 3.33333
101771 3.63333
102516 3.90856
112202 4.16441
113696 4.40454
114441 4.63158
124123 1
125618 2
126363 3
127108 3.33333
137539 3.63333
138284 3.90856
139773 4.16441
148715 4.40454
149460 4.63158
150204 4.84749
150949 5.05378
158400 5.25165
159141 5.44207
159886 5.62582
160635 1
162126 1
169572 2
171066 3
171812 3.33333
182987 3.63333
183727 3.90856
184472 4.16441
191924 4.40454
193417 4.63158
194163 4.84749
195652 5.05378
203845 5.25165
205338 5.44207
206084 5.62582
207573 5.80357
208317 5.97588
218746 1
220985 1
221725 2
223221 3
223966 3.33333
238867 3.63333
239612 3.90856
240356 4.16441
252273 4.40454
253018 4.63158
253763 4.84749
255257 1
263449 2
264944 3
265689 3.33333
277605 3.63333
278355 3.90856
279844 4.16441
288781 4.40454
289526 4.63158
291020 4.84749
291764 5.05378
302192 5.25165
303686 5.44207
305176 5.62582
305920 5.80357
306665 1
317839 1
320073 1
321563 2
323056 3
331994 3.33333
333488 1
334234 2
343170 2.5
343915 2.9
352856 3.24483
354346 3.55301
364031 3.83446
365527 4.09525
367017 4.33944
