2984.38 2
7454.73 3
8942.85 4
17139.5 2
18628.6 2.5
19377.7 2.9
20122.7 3.24483
32785.7 1
33533.8 2
35019.9 2.5
44707.6 2.9
45452.7 3.24483
53648.3 3.55301
54393.4 3.83446
55136.4 4.09525
63333.1 4.33944
64079.1 4.56988
64822.2 4.78871
65567.3 4.99753
76744.1 5.19763
77489.2 5.39003
78233.2 5.57555
78978.3 5.75491
93136.4 5.92867
93883.5 6.09735
94624.5 6.26135
95369.6 6.42106
96114.6 1
109528 1
110273 2
111020 3
111765 4
112506 4
124428 4.25
125174 4.48529
125917 4.70824
127407 4.92064
137839 5.12386
138584 1
139328 2
140073 3
150506 3.33333
151250 3.63333
151994 1
163172 2
163917 2.5
174348 2.9
175095 3.24483
185523 3.55301
186268 3.83446
187757 4.09525
198935 4.33944
199679 4.56988
201168 4.78871
201912 4.99753
216073 5.19763
216818 5.39003
218304 1
219049 2
228739 3
229481 3.33333
230225 3.63333
238423 3.90856
239167 4.16441
239911 4.40454
249598 4.63158
250343 4.84749
251087 5.05378
252577 5.25165
261519 1
262264 2
263009 3
264502 3.33333
265246 3.63333
277165 3.90856
278655 4.16441
279402 4.40454
292066 4.63158
294301 4.84749
295046 5.05378
296535 5.25165
307712 5.44207
309947 1
310692 2
312185 3
312930 3.33333
325597 3.33333
329322 1
330067 2
338261 2
341240 2.5
348691 2.9
351671 3.24483
360614 3.55301
363591 3.83446
365081 4.09525
370297 4.33944
373280 4.56988
374770 4.78871
375515 4.99753
