4471.35 0
10431.8 0
12667 0
21607.7 0
23097.8 0
25333 0
26823.1 0
35763.8 0
37253.9 0
38744 4
40234.1 4
46939.7 4
48429.8 4
56625.4 4
58115.5 4
58860.6 4
70036.5 4
71526.6 4
72271.6 4
73761.7 4
87172.8 4
88662.9 4
89408 4
90898.1 4
100584 4
101329 4
102074 4
102819 4
104309 4
112505 4
113995 4
114740 4
115485 4
116230 4
117720 4
126661 4
128151 4
128896 4
130386 4
137837 4
140072 4
140817 4
142307 4
149013 4
150503 4
151993 4
152738 4
154228 4
161679 4
163169 4
163914 4
165404 4
176580 4
177325 4
178815 4
179560 4
189991 4
192971 4
193716 4
203402 4
207872 4
217558 4
220538 4
228734 4
230224 4
233204 4
242890 4
243635 4
244380 4
246615 4
255556 4
257046 4
268222 4
268967 4
270457 4
283123 4
283868 4
295044 4
296534 4
297279 4
306965 4
308455 4
315161 4
317396 4
324101 4
324846 4
325591 4
333042 4
333787 4
334532 4
335277 4
343473 4
344963 4
345708 4
346453 4
354649 4
355394 4
357629 4
358374 4
359119 4
367315 4
