2984.38 2
7454.73 3
8942.85 4
17139.5 2
18628.6 2.5
19376.7 2.5
20121.7 2.9
32785.7 3.24483
33532.8 3.55301
44706.6 3.83446
45451.7 4.09525
46196.7 4.33944
57372.6 4.56988
58861.7 4.78871
59607.8 4.99753
60351.9 5.19763
70038.6 5.39003
71527.7 5.57555
72273.8 5.75491
73017.8 5.92867
73762.9 6.09735
83449.7 6.26135
85684.8 1
86429.9 2
87174.9 2
87922 3
88667.1 4
100588 1
103566 2
104311 2.5
105800 2.9
115487 3.24483
116976 3.55301
128153 3.83446
128898 4.09525
130387 4.33944
142311 4.56988
143054 4.78871
143798 4.99753
145288 5.19763
155721 5.39003
156465 5.57555
157209 5.75491
158700 1
160193 2
167642 3
168386 3.33333
169130 3.63333
177328 3.90856
178072 4.16441
178816 4.40454
188504 4.63158
189248 4.84749
189993 5.05378
190737 5.25165
200425 5.44207
201913 5.62582
202659 1
203403 2
204151 3
213836 3.33333
215324 3.63333
216070 3.90856
226501 4.16441
227990 1
228736 2
238422 3
239168 3.33333
251834 3.63333
252579 3.90856
254067 4.16441
265989 4.40454
266735 4.63158
268223 4.84749
269713 5.05378
281636 5.25165
282381 5.44207
283869 5.62582
285359 5.80357
286850 5.97588
298027 1
298772 2
300264 3
301007 3.33333
301751 3.33333
311438 3.33333
312182 3.63333
312927 3.90856
323358 4.16441
324103 4.40454
324848 4.63158
336024 4.84749
337513 5.05378
338260 5.25165
339004 5.44207
351673 5.62582
353163 5.80357
353908 5.97588
354653 6.14322
355398 6.306
