4473.5 2
11922.1 3
13411.2 4
23843 5
24588.1 1
26077.2 1
26823.2 2
37999.1 3
39488.2 1
50669.1 2
52154.2 2.5
61842 2.9
64080.1 3.24483
75253 3.55301
75997.1 3.83446
77486.2 4.09525
90154.2 1
90899.2 2
92392.3 3
93877.5 3.33333
106544 3.63333
107291 3.90856
108034 4.16441
117720 4.40454
118465 4.63158
119209 4.84749
119954 5.05378
131877 5.25165
132625 5.44207
133371 5.62582
134111 5.80357
135601 5.97588
146033 1
146778 2
147524 3
148272 3.33333
149017 3.33333
160938 1
161683 2
162428 2
170620 2.5
171365 2.9
180306 3.24483
181051 3.55301
191482 3.83446
192227 1
193720 2
204896 2.5
206381 2.9
216814 3.24483
219047 3.55301
229481 3.83446
230973 4.09525
233203 1
241401 2
242892 3
244379 3.33333
257048 3.63333
258540 3.90856
259285 4.16441
271203 1
271948 2
272696 2
273441 3
287598 3.33333
288340 3.63333
289083 3.90856
302496 1
303241 2
303989 2.5
313672 2.9
314417 3.24483
325593 3.55301
326338 3.83446
327826 4.09525
339749 4.33944
340494 4.56988
341237 1
341982 2
356143 3
356888 3.33333
361354 3.63333
362102 3.90856
362847 4.16441
366574 4.40454
368059 4.63158
368809 4.84749
369554 5.05378
370294 5.25165
371039 5.44207
371784 5.62582
372529 5.80357
373274 5.97588
374019 6.14322
374764 6.306
375509 6.46458
376254 6.61927
377000 6.77034
377750 6.91805
378495 7.0626
