3728.44 3728.44
9687.9 5959.46
11177 7448.58
20863.8 11175.9
22353.9 12666
23843 12666
24592.1 13415
34278.8 13415
36514 15650.2
39494.2 14902.2
46195.7 11916.9
47684.9 11170.9
48433.9 8939.7
49920 10425.8
55881.5 9685.75
57370.6 9685.75
58120.7 9686.75
59605.8 9685.75
60354.9 10434.8
67802.4 11920.9
68547.5 11176.9
69291.5 11170.9
70781.7 11175.9
72271.8 11916.9
81958.5 14156.1
82703.6 14901.2
83448.7 14901.2
84937.8 15646.2
85682.8 14901.2
87177.9 14906.2
93879.5 11920.9
95373.6 12670
96118.6 13415
97603.8 14155.1
107295 11920.9
108036 11916.9
109530 13411
110274 12670
121447 14152.1
122936 12662
123685 13411
134113 12666
135602 12666
137092 13407
148269 14156.1
149759 15646.2
150507 14905.2
151998 14906.2
158700 10430.8
160935 11175.9
161680 11920.9
169875 11175.9
172859 11923.9
173605 11924.9
184035 14160.1
187012 14153.1
187757 14898.2
189251 15646.2
200427 12670
201168 13411
202657 13406
213089 12662
213834 12666
215323 12666
216818 14161.1
225755 12666
227244 13410
228734 13411
230228 13410
231714 14896.2
239911 14156.1
241405 14161.1
242895 14161.1
245129 14901.2
245874 14160.1
254067 14156.1
254812 14901.2
257795 11920.9
259281 13407
268227 14160.1
268968 14156.1
272696 14901.2
274183 14901.2
282379 14152.1
283124 14897.2
284618 15650.2
288343 15646.2
289829 15646.2
298774 14156.1
302499 14156.1
303244 13415
315165 11920.9
315910 12666
328576 13411
329321 13411
340497 11920.9
341242 12666
342728 13407
354654 14157.1
355399 14157.1
