2998.38 2
10450 2
11942.1 2.5
23113.9 2.9
25354.1 3.24483
35034.9 3.55301
35779.9 3.83446
36525 4.09525
42485.5 4.33944
43977.6 4.56988
44725.6 4.78871
46212.7 4.99753
52916.3 1
55156.4 2
55896.5 3
58135.7 3.33333
67072.4 3.63333
67822.4 3.90856
70056.6 4.16441
80483.4 4.40454
81228.5 4.63158
83467.7 4.84749
84955.8 5.05378
96130.6 5.25165
96874.7 1
98369.8 2
99113.9 3
99859.9 3.33333
108052 3.63333
109541 3.90856
110290 4.16441
119976 4.40454
122212 4.63158
122956 4.84749
123699 5.05378
133384 5.25165
135618 1
136363 2
137113 3
138600 3.33333
146050 3.63333
148284 3.90856
149029 4.16441
155735 4.40454
157969 4.63158
158715 4.84749
160207 5.05378
165421 5.25165
168400 5.44207
169890 5.62582
171383 5.80357
172130 5.97588
178087 6.14322
181811 6.306
184051 6.46458
185539 6.61927
186286 6.77034
193733 6.91805
194478 7.0626
198208 1
201183 2
202678 3
203423 3
210127 3
211615 4
212360 4.25
219812 4.48529
222045 1
222791 2
223536 3
232478 3
235456 3.33333
236202 3.63333
246634 1
249613 2
251104 2.5
262279 2.9
263770 1
271964 2
282395 2.5
283886 1
295063 2
306984 2.5
307729 2.9
318160 1
319652 1
328588 2
339022 2.5
339767 2.9
351688 3.24483
353177 3.55301
361375 3.83446
362118 4.09525
362862 1
369569 2
370314 3
371059 3.33333
374784 3.63333
375529 3.90856
377022 4.16441
