725 16
1685 25
2166 30
3484 33
4084 40
4567 34
5165 31
6005 27
7087 23
7682 20
8643 18
9126 18
9967 16
11164 14
12487 14
13686 13
14162 13
15126 13
15607 13
16087 13
17407 14
18367 14
19567 15
20047 15
20887 15
21247 16
21847 15
22807 15
23887 15
25087 16
25567 16
26047 16
26527 16
27007 16
27847 17
28807 17
30247 17
30722 17
31202 17
31682 17
32287 17
32767 17
33487 18
35047 18
35527 18
36007 18
36487 16
36967 16
37447 16
37807 16
39487 18
39847 18
40447 18
40927 18
41407 18
41887 18
43084 20
43567 20
44047 20
44527 20
45004 20
45367 17
46927 17
47887 15
48247 16
49327 13
49807 13
