341.425 32.733
1010.98 16.6916
1232.49 25.0842
2239.32 18.1966
2461.84 23.1087
2685.36 15.3846
2907.88 20.0119
4700.01 13.6253
4923.53 16.6542
5144.05 16.6667
5367.57 19.2308
7158.71 15
7269.47 15.7746
7490.98 15.7895
8499.81 25
8610.57 30.7904
8832.09 21.456
9058.6 21.3876
9947.67 23.1566
10063.4 23.0769
10285 26.6985
11404.5 23.0136
11516.3 23.0769
11737.8 23.0769
12969.2 21.4286
13080.9 21.4286
13302.4 25.028
13417.2 26.619
14865.1 23.5791
14980.8 23.5294
15092.6 24.9721
15202.3 29.4118
15314.1 29.4583
16770 29.3346
16990.5 27.8054
17104.2 27.7778
17214 27.7778
17325.7 27.7778
17549.3 30
18893.4 31.5789
19228.6 29.9598
19339.4 30
19449.2 25
19560.9 25
19787.4 24.9665
20009 22.718
20681.5 31.25
20902 33.3931
21013.8 26.6985
22021.6 16.6791
22243.1 21.4697
22356.9 23.0452
22466.6 30.7692
23470.5 30.8542
23809.8 28.535
23921.5 28.5714
24033.3 28.535
24254.8 31.25
25375.4 29.3346
25710.7 29.3963
25931.2 27.8054
26044.9 27.7778
26154.7 29.4118
26266.4 27.7778
27498.8 26.3158
27609.6 29.4273
27834.1 29.3654
27944.8 29.4118
28054.6 23.5294
29285.9 15.3952
29398.7 21.4286
29507.4 14.304
29734 19.9643
30958.3 20.0478
31074.1 13.3413
32299.4 0
32415.2 7.67119
32527.9 15.374
34204.3 12.493
34316.1 12.5
35316.9 20.0899
35432.7 20.0179
35654.2 25.056
36881.5 21.4286
36997.3 21.4286
37218.8 21.4286
37442.3 25
38557.9 26.6667
38786.4 24.986
38897.2 26.6349
39118.7 26.6667
40346 25
40457.8 23.5294
40797.1 22.2333
40908.8 22.2222
41130.4 22.2222
42585.2 14.9732
42920.5 5.55556
43145 5.54728
44820.4 6.67065
