367 367
967 467
1367 367
1847 347
2567 567
3047 547
3767 767
4246 746
4847 847
5567 1067
6162 1162
6642 1142
7367 1367
7967 1467
8567 1567
9047 1547
9767 1767
10367 1867
10847 1847
11567 2067
12166 2166
12527 2027
13246 2246
13847 2347
14327 2327
15047 2547
15407 2407
16126 2626
16722 2722
17087 2587
17807 2807
18287 2787
19007 3007
19607 3107
20202 3202
20682 3182
21163 3163
21887 3387
22847 3347
23327 3327
23927 3427
24407 3407
24767 3267
25487 3487
25847 3347
26447 3447
27047 3547
27642 3642
28126 3626
28607 3607
29087 3587
29682 3682
30162 3662
31126 3626
31722 3722
32202 3702
32682 3682
33047 3547
33642 3642
34126 3626
34967 3467
35567 3567
36047 3547
36407 3407
36887 3387
37367 3367
37967 3467
38327 3327
39407 3407
39767 3267
40247 3247
40607 3107
41202 3202
41447 2947
41927 2927
42407 2907
42767 2767
43247 2747
43847 2847
44447 2947
44682 2682
45407 2907
45767 2767
46247 2747
46847 2847
47327 2827
47807 2807
48287 2787
49007 3007
49487 2987
