7634.88 3.99712
13743.9 4.99551
16797.6 6.66122
24426 5.71375
27478.8 6.6657
30530.6 6.66667
36633.1 7.5
39685.8 7.99948
42737.6 8
45789.3 8
51898.4 4.99551
58007.4 4.99551
64110.9 9.32834
70214.4 9.52941
73267.1 6.66594
80895.5 8.0747
83948.3 5.71429
91576.7 5.71429
94629.5 5.71429
97682.2 6.66618
105311 6.66618
108363 6.66618
111415 6.66667
120569 6
123622 6
126674 6
132776 7.5
135829 7.5
138881 8
141933 8
146509 8.00105
149562 8
154139 8
157191 8
160243 8.57143
166346 7.5
169399 7.5
172450 7.5
178553 7.5
181606 7.99948
189234 5.71429
192287 5.71429
201441 5
204494 5
207545 6
216700 6
219753 5
228907 5
231960 5
241114 5
244167 5
247218 6
254847 5.71482
257899 5.71429
267054 5
270107 5
277735 7.90642
280788 5.71429
289942 5
292995 5
296046 6
303675 6.66667
306728 6.66667
309779 6.66667
317408 6.66667
320461 6.66667
323512 6.66667
329615 7.5
332668 7.5
335719 8
338771 8
343348 8.00105
346400 8
350977 8
355555 6.66739
358608 7.5
363184 7.5
367762 7.5
370815 7.5
376917 6.66667
379970 6.66667
387598 5.71429
392176 5.00041
398279 5.71429
401332 6.66618
405909 6.66667
413538 5.00041
418116 5
427271 4.44444
431849 4.44444
444056 2.5
457789 2.22222
473047 2
486780 2.22222
500513 2.22222
515772 2
526453 2.85714
529506 5.2756
537134 5.71429
541712 5.00041
547815 5.71429
552393 5.71429
555446 6.66618
564600 5
567653 5
570705 6
578333 6.66667
581386 6.66667
584438 6.66667
592066 6.66667
595119 5.71429
604273 5
610377 4.00026
616480 5
622584 5
625636 5.99961
634791 5
637843 5
648523 4.44444
651576 4.44444
660731 3.3337
669886 3.33333
680567 2.85714
683620 4.44412
694300 2.85741
706507 2.5
721766 2
724818 4.14695
735499 2.85741
747706 2.5
752283 4.14189
761439 4.44444
766016 4.44444
778223 2.5
781276 3.99974
790430 5
793483 5
802637 5
805690 5.99961
808742 6
817896 5.00041
820949 5
827051 6.66667
830104 6.66667
836207 6.66667
839259 7.49939
842311 8.17599
849940 6.66667
852992 6.66667
856044 6.66667
863672 6.66667
866725 6.66667
869777 6.66667
877405 6.66667
880458 6.66667
883510 6.66667
891138 6.66667
894191 6.66667
897243 6.66667
906397 3.3337
910975 7.26952
917084 4.99551
923193 4.99551
929296 5.88646
933875 5.71375
941504 4.99959
946082 5
953711 5
959815 4.44444
967444 4.44444
975074 4
981177 4.44444
993384 2.5
1.00712e+06 4.36979
1.0178e+06 2.85714
1.02085e+06 4.71751
1.03153e+06 4.44444
1.03458e+06 4.44444
1.04679e+06 4
1.04984e+06 4
1.06205e+06 4
1.0651e+06 4
1.07273e+06 5.71429
1.07578e+06 6.66618
1.07883e+06 6.66667
1.08799e+06 5.00041
1.09104e+06 5
1.09714e+06 6.66667
1.1002e+06 6.66667
1.10783e+06 5.71429
1.11088e+06 6.66618
1.11393e+06 6.66667
1.12156e+06 5.71482
1.12461e+06 5.71429
1.13224e+06 5.71429
1.13529e+06 5.71429
1.14445e+06 5
1.1475e+06 5.99961
1.15055e+06 6
1.17344e+06 3.52232
