673.701 16.5888
1566.77 12.514
1905.05 18.1523
3354.91 12.5
3689.19 10.5313
4139.22 10.0045
4250.98 14.2918
6819.43 6.45161
7154.71 5.88235
7717.5 0
8719.33 11.1555
9725.16 11.1111
10171.2 7.69761
11401.5 6.66667
13189.7 0
13529 0
15089.6 7.16116
16542.4 7.69231
16765 13.3413
18222.8 13.3016
18557.1 12.4721
19783.4 14.3223
20010 12.507
20346.2 12.493
21795.1 11.1111
22017.6 13.3732
23583.2 12.5
23921.5 11.74
25259.6 6.66667
25487.1 11.74
25709.7 12.5
27275.3 6.25
27498.8 6.24651
28946.7 7.71887
29058.4 14.3315
30404.5 15.3319
30623 14.2857
31857.4 15.3846
32079.9 20.0119
32303.4 13.3016
33418 14.3223
33641.5 14.3132
33868 12.5
35094.4 7.69231
35206.1 14.2857
35432.7 14.2857
36663 14.2493
36885.5 13.3095
38001.1 16.704
38335.4 15.4164
39680.5 13.3095
40011.8 6.66667
40239.3 11.74
41692.1 11.1111
42135.2 11.7895
42918.5 18.2263
43252.8 20
44036.1 20
44261.6 24.9628
44593.9 25
45712.5 13.3333
45939 13.3254
46050.7 18.7395
46497.8 11.74
47947.6 5.89166
48062.4 5.55556
48397.7 11.7647
49288.7 16.6667
49514.3 20.0179
49959.3 33.3333
