1495.27 2
5216.56 2
5964.61 2.5
14160.3 2
15650.4 2.5
27573.3 2.9
29061.4 3.24483
40979.3 3.55301
42473.5 3.83446
43219.5 4.09525
51414.2 4.33944
54394.4 1
55137.4 2
56630.6 3
63335.1 3.33333
69293.5 3.63333
70783.7 3.90856
77491.2 4.16441
81959.5 4.40454
84194.7 4.63158
90157.2 4.84749
90902.2 5.05378
93880.5 5.25165
96115.6 5.44207
102074 5.62582
103567 1
105059 1
107292 2
109527 3
116979 3.33333
122938 3.63333
123683 3.90856
129645 4.16441
135604 4.40454
137094 1
144546 2
146037 3
150508 3.33333
158703 3.63333
159448 1
161681 2
171370 2.5
173602 2.9
184034 3.24483
186268 3.55301
194465 3.83446
195210 4.09525
197444 4.33944
207131 4.56988
207876 4.78871
208620 4.99753
210111 1
221287 2
222032 3
222778 3.33333
235443 3.63333
236189 3.90856
236934 4.16441
247364 4.40454
248854 4.63158
249601 4.84749
250344 1
263011 1
263756 2
264501 3
272696 3.33333
274186 3.63333
274932 3.90856
283127 4.16441
284616 4.40454
285361 4.63158
294299 4.84749
295049 5.05378
295794 5.25165
296537 5.44207
303985 5.62582
304730 5.80357
305475 5.97588
306223 6.14322
307713 6.306
314416 6.46458
315909 6.61927
316656 6.77034
317399 6.91805
318144 7.0626
319634 7.20419
327832 7.343
330062 7.47918
330807 7.61288
331555 7.74424
332300 7.87337
333790 8.00038
334534 8.12537
340498 8.24844
343473 8.36968
344218 8.48916
344963 8.60696
345713 1
347203 2
347945 3
