340.425 0
899.219 0
1340.43 0
1787.46 0
2458.01 0
3016.81 0
3463.84 0
4133.39 0
4581.43 0
5251.98 0
5810.77 0
6257.81 0
6928.36 0
7375.4 0
8045.95 0
8604.74 0
9051.78 0
9717.33 0
10164.4 0
10839.9 0
11398.7 0
11845.7 0
12516.3 0
12963.3 0
13632.9 0
14187.7 0
14638.7 0
15086.7 0
15757.3 0
16200.3 0
16874.9 0
17321.9 0
17992.5 0
18327.7 0
18998.3 0
19445.3 0
20115.9 0
20562.9 0
21232.5 0
21568.8 0
22126.5 0
22798.1 0
23245.1 0
23915.7 0
24251 0
24921.5 0
25368.5 0
25815.6 0
26486.1 0
26821.4 0
27492 0
27827.2 0
28274.3 0
28944.8 0
29503.6 0
29950.7 0
30397.7 0
30844.7 0
31403.5 0
32297.6 0
32628.9 0
33303.4 0
33750.5 0
34309.2 0
34868 0
35198.3 0
35646.3 0
36320.9 0
36767.9 0
37438.5 0
37997.3 0
38332.6 0
38891.4 0
39338.4 0
39897.2 0
40232.5 0
40791.2 0
41573.6 0
41797.1 0
42355.9 0
42802.9 0
43473.5 0
43920.5 0
44591 0
45144.8 0
45596.9 0
46267.4 0
46710.5 0
47385 0
47943.8 0
48390.8 0
49061.4 0
49616.8 0
49955.5 0
