1490.12 0
5215.41 0
8940.7 0
13411 1
15646.2 1
17136.3 1
18626.5 2
20861.6 2
27567.1 3
31292.4 3
32782.6 3
39488.1 3
40233.1 3
49173.8 3
50663.9 3
59604.6 3
61094.8 3
61839.8 3
72270.6 3
74505.8 3
75250.9 3
75995.9 3
86426.7 3
87171.8 3
88661.9 3
97602.6 3
99092.7 3
99837.8 3
110269 3
111014 3
112504 3
113249 3
122190 3
122935 3
124425 3
125170 3
125915 3
135601 3
137091 3
138581 3
139326 3
140071 3
141561 3
153482 3
154227 3
154972 3
156462 3
163913 3
165403 3
166893 3
175089 3
176579 3
178069 3
187755 3
189245 3
190735 3
201166 3
202656 3
203401 3
210851 3
212342 3
213087 3
220537 3
222027 3
223517 3
224262 3
233203 3
235438 3
236928 3
237674 3
238419 3
248849 3
249594 3
251085 3
252575 3
253320 3
254065 3
263751 3
264496 3
265986 3
267476 3
279397 3
280142 3
280887 3
282377 3
290573 3
292063 3
300258 3
302494 3
303984 3
312924 3
315905 3
318140 3
318885 3
330061 3
331551 3
333041 3
343472 3
344962 3
355393 3
357628 3
368059 3
369549 3
374764 3
