366 1
367 2
966 2
967 4
1366 4
1367 8
1846 8
1847 9
2566 9
2567 10
3046 10
3047 11
3766 11
3767 12
4245 12
4246 13
4846 13
4847 14
5566 14
5567 15
6165 15
6166 16
6641 16
6642 17
7125 17
7126 18
7846 18
7847 19
8326 19
8327 1
9046 1
9047 2
9645 2
9646 1
10006 1
10007 2
11086 2
11087 3
11806 3
11807 4
12406 4
12407 5
13006 5
13007 6
13486 6
13487 7
14086 7
14087 8
14566 8
14567 1
15286 1
15287 2
15766 2
15767 4
16486 4
16487 5
17086 5
17087 6
17566 6
17567 1
18286 1
18287 2
18766 2
18767 4
19366 4
19367 1
21526 1
21527 2
22006 2
22007 1
22486 1
22487 2
23201 2
23202 1
26806 1
26807 2
27286 2
27287 1
28846 1
28847 2
29682 2
29683 3
30286 3
30287 4
30886 4
30887 5
31366 5
31367 1
34125 1
34126 2
34846 2
34847 1
35926 1
35927 2
36286 2
36287 3
36641 3
36642 4
37006 4
37007 5
37606 5
37607 6
38201 6
38202 1
39165 1
39166 2
39526 2
39527 1
39886 1
39887 2
40486 2
40487 1
40966 1
40967 2
41566 2
41567 3
42526 3
42527 4
42886 4
42887 5
43366 5
43367 6
44086 6
44087 7
44566 7
44567 8
45161 8
45162 9
45641 9
45642 10
46125 10
46126 11
46606 11
46607 12
47086 12
47087 13
47446 13
47447 1
49486 1
49487 2
49966 2
49967 3
