2998.38 2610.38
10450 7451.58
11942.1 8942.7
23113.9 12664
25354.1 13412
35034.9 11920.9
36525 11170.9
37274.1 11918.9
45465.7 10430.8
47705.9 11180.9
48449.9 11175.9
49193 11917.9
59621.8 14156.1
62607 14901.2
63352.1 14902.2
64097.1 14904.2
73032.8 9680.75
73777.9 9680.75
75270 11171.9
82718.6 9685.75
84210.7 10432.8
85700.8 10430.8
94639.5 11920.9
96129.6 13410
96874.7 12664
98366.8 12666
108051 13411
110286 14156.1
111031 14900.2
112523 15648.2
113271 14904.2
123697 15646.2
126677 16391.3
127422 16391.3
137853 11175.9
138598 11919.9
140090 12668
151264 13411
152756 14158.1
154993 14903.2
155738 15647.2
166165 14901.2
166910 14154.1
169150 14157.1
169894 14156.1
170637 14898.2
178832 12667
180326 13416
182560 13410
183305 13411
184048 13411
192987 10426.8
193736 10430.8
194481 10432.8
203423 10435.8
204910 11173.9
205658 11176.9
207145 12663
216084 12661
216833 11922.9
217579 11920.9
227265 10431.8
228009 11174.9
228752 11172.9
239181 11915.9
239930 11920.9
240675 11922.9
242163 13410
252597 13416
254084 14154.1
254831 14156.1
255574 13411
256322 14158.1
266748 14151.1
268243 14159.1
268988 12666
281654 14906.2
282398 14155.1
283141 14153.1
294315 12661
295064 13409
295809 13411
297297 14156.1
306981 12666
308476 13412
309220 14155.1
310711 14902.2
311456 14159.1
319647 12666
321887 10430.8
323374 11916.9
333063 13416
333807 11919.9
335295 11920.9
344238 11174.9
344983 11918.9
346471 12664
352434 7450.58
353179 8194.64
353924 7452.58
