1490.27 1490.27
5216.56 3726.29
5960.61 4470.35
14160.3 8943.7
14906.3 8945.7
27567.3 13407
28312.4 13406
45453.7 17141.3
54390.4 8936.7
64075.1 9684.75
65569.3 11178.9
76001.1 11925.9
78231.2 12662
87918 11916.9
88663.1 12662
90901.2 12670
102823 14905.2
104313 15650.2
105802 17139.3
115485 11171.9
116230 11916.9
128155 12670
128900 12670
140818 12663
153487 12669
154976 14158.1
167639 14152.1
169132 14156.1
178071 10431.8
179563 11923.9
181053 11920.9
191481 13410
192971 13408
193715 14152.1
195209 14156.1
207876 16395.3
210112 17140.3
210857 17141.3
212346 17136.3
213837 18627.5
221284 13408
222028 11916.9
222774 11916.9
230225 8940.7
231717 9688.75
232463 9689.75
240656 10430.8
242894 11176.9
243639 11921.9
244383 11919.9
254067 13411
255559 12665
265988 11920.9
267480 13413
268970 13411
278653 12665
280147 12667
281637 12667
282378 13408
295789 14152.1
296534 14897.2
298028 15650.2
311439 13411
312179 14151.1
320380 8940.7
328574 8193.64
330065 9684.75
337514 8940.7
339006 8940.7
344965 7450.58
345710 8195.64
346455 7449.58
350925 5960.46
352416 6705.52
353161 7450.58
353907 7451.58
358378 7452.58
360613 8197.64
361358 8197.64
362102 8195.64
362847 8940.7
365083 6704.52
365829 5215.41
366573 5214.41
367318 5215.41
368063 5215.41
368808 5960.46
369553 4470.35
370298 4469.35
371043 4470.35
371788 4470.35
372533 4470.35
373278 4470.35
374023 5215.41
374768 5215.41
375513 5215.41
376259 5216.41
377005 5216.41
377750 5216.41
378495 5216.41
