3745.44 22.9571
11197 9.99866
13431.2 15.3846
24606.1 11.1128
28334.4 9.99866
35779.9 13.3357
42485.5 11.1111
43979.6 18.1729
52171.2 15.3846
53665.3 15.3846
64094.1 12.4979
65582.3 16.6667
66329.3 17.6498
78250.2 15.7895
80488.4 14.995
81233.5 19.0415
81977.5 19.0452
93896.5 19.0476
94641.5 21.0571
95388.6 21.0541
96133.6 21.0526
97624.8 23.808
107306 27.7819
108051 27.7819
108798 27.7819
120719 16.6642
122211 15.785
122954 15.7895
135623 14.997
137113 14.999
138602 18.1818
148289 13.3333
149778 17.6485
150521 18.7531
162440 15.7951
163934 15.7895
164680 15.7861
165424 19.9973
178833 18.1796
179581 19.0464
180326 19.0476
181071 19.0464
182560 21.7391
192987 17.654
193732 17.654
195226 17.6471
204910 18.7469
205658 18.7421
206403 23.5201
218319 11.7694
219064 16.6729
220558 15.7906
233970 9.99665
235459 10
245143 13.3369
246635 13.3333
258554 11.1111
259297 15.7917
260791 15.7895
273455 15
274199 15
274948 19.0428
276439 19.0464
284631 26.6667
286123 15.3862
287614 20.0018
295062 21.4286
296555 21.4265
298788 20.0018
306986 14.2857
309219 14.2857
320392 11.1153
322630 11.1111
333058 11.7647
333803 16.6667
335297 17.6457
344984 18.7421
345729 18.7421
346473 23.522
347218 25
351690 44.4444
352435 44.4444
353179 44.4444
353924 44.4444
355414 45.4545
357649 62.5105
358391 62.542
359136 62.5315
359884 62.5
361374 62.5
362864 60
364355 66.6667
365845 59.9759
366591 59.9678
367335 60
368826 59.9919
370312 60.0242
371057 63.6597
372551 63.6286
374041 63.6286
