487 24.6407
1087 40.8859
1487 24.6407
1967 25.6959
2686 34.9854
3162 36.2538
3887 27.0575
4367 27.6817
4967 24.819
5686 30.3541
6287 27.972
6767 28.4136
7487 24.2098
8087 30.2457
8682 28.5375
9166 28.8115
9887 25.4372
10487 24.157
10967 24.4026
11682 27.4977
12287 26.2352
12887 25.1362
13367 25.3485
13967 24.321
14447 24.5198
15166 27.0068
15642 27.2521
16247 26.2104
16722 26.4511
17447 24.4316
17927 24.5986
18527 27.7502
19007 27.9348
19607 27.0357
20202 26.2336
20807 25.4007
21407 24.6551
22007 27.3738
22487 24.0895
23087 23.4179
23682 22.8137
24162 22.9383
24767 22.2989
25246 22.4239
25722 22.5685
26327 21.9493
27287 22.1811
27767 22.2989
28247 22.4179
28722 22.5685
29327 21.9493
29807 22.0646
30407 21.4999
31247 22.4179
31722 22.5685
32202 22.6904
32807 22.0646
33287 22.1811
33646 23.0389
34247 22.4179
34967 24.2284
35447 24.369
35927 24.5112
36527 27.2186
36887 24.8007
37367 24.948
37847 25.0971
38447 24.369
38807 25.4007
39287 25.5552
39767 25.7117
40367 24.948
40847 25.0971
41203 26.2254
41807 25.4007
42164 26.5487
42527 27.7502
43007 27.9348
43607 27.0357
44202 26.2336
44683 26.3902
45287 25.5552
45527 27.7502
45887 24.9394
46367 25.1134
47087 27.2109
47686 26.3653
48047 27.5681
48642 26.7346
48887 24.9394
49247 26.2104
49722 26.4511
