2998.38 28.5421
10450 9.99866
11942.1 16.6611
23113.9 11.7666
25354.1 11.1103
35034.9 12.5
36525 13.3393
37274.1 18.7516
43975.6 25
51426.2 10
52918.3 16.6629
60366.9 16.6667
61857 16.6704
71543.7 13.3321
73037.8 17.6401
74525 17.6443
83468.7 18.7437
84958.8 18.75
86448.9 22.2222
87193.9 23.5238
96134.6 15.3846
96874.7 21.4388
98366.8 20.0054
108051 18.7579
109543 17.6443
111033 17.6471
121462 16.6667
122207 21.0526
122957 22.2173
134873 11.7647
135618 16.6667
136363 16.6729
148284 16.6667
149774 15.7895
150519 15.7895
159465 19.9911
160955 23.5201
162442 23.5257
170635 15.3926
171381 21.4388
172873 21.4286
181811 20
183303 18.7469
184797 18.7453
185537 23.5331
195970 21.0482
198953 11.107
199693 15.7895
209381 16.6667
210871 18.7547
212361 17.6443
224280 15.003
225030 19.0452
226517 19.0476
228010 19.044
236951 23.5201
237696 23.5294
238438 27.784
246632 23.0865
247376 23.0888
248121 23.0817
258553 18.75
260042 17.6471
260787 17.6471
262280 21.0497
272713 21.0467
274944 20
275689 20
277181 20
277929 23.805
286120 27.7861
288357 27.7736
289847 26.3121
290595 27.7716
291337 27.784
300277 26.3158
301768 28.5696
303258 30
305496 28.566
306241 28.5714
306983 28.5714
316668 27.2727
318162 27.2677
318907 30.4295
320394 30.4348
322627 30.4437
330824 18.7563
331569 23.5368
332315 25
334548 25
344235 22.2222
344980 22.2222
345725 22.2239
347959 22.2222
349451 24.9966
358391 17.6471
360625 17.6471
361375 18.7453
368077 23.0769
370316 23.065
