2257.32 1946.32
6723.67 4466.35
9704.9 7446.58
19389.7 12666
21628.8 11923.9
33549.8 11920.9
34294.8 12665
40251.3 6701.52
40996.3 6701.52
48446.9 8195.64
49192 8939.7
50681.1 9684.75
58877.7 10430.8
59622.8 10430.8
61111.9 11918.9
62607 11925.9
73037.8 14160.1
73782.9 14160.1
75273 14161.1
77507.2 14900.2
78252.2 15644.2
87193.9 14156.1
89428.1 11920.9
90174.2 11921.9
98365.8 11171.9
99854.9 10426.8
108797 10430.8
110286 10430.8
122208 13411
123697 13411
124446 14159.1
138603 16395.3
140088 16391.3
141583 17137.3
143068 18621.5
152010 13407
153499 13411
154244 12661
154989 11920.9
161696 9685.75
163190 11178.9
164680 11180.9
165424 11179.9
166165 11175.9
175855 11174.9
176600 11175.9
177341 11175.9
188521 12666
189266 12666
190012 13411
191497 14156.1
200439 10426.8
201932 10434.8
202675 11176.9
212364 11924.9
214594 12662
215343 12668
226516 14152.1
228010 15645.2
230240 15646.2
230989 15646.2
239182 12666
239927 11916.9
241421 13410
242906 12666
248868 8940.7
251104 9682.75
252592 9685.75
258553 9685.75
260789 9685.75
262283 11177.9
263768 11175.9
271964 13411
273458 12669
274944 12661
276439 14155.1
284630 11171.9
286119 11175.9
296551 11920.9
297296 11176.9
309217 12666
309963 12667
311451 14154.1
321142 11924.9
321887 11923.9
323377 11925.9
324862 13410
330826 7448.58
332313 8934.7
333808 8945.7
340510 9683.75
341999 9685.75
343494 9685.75
344979 11169.9
351686 11175.9
352431 10431.8
353175 9680.75
354670 9690.75
356160 11179.9
364352 12666
