2236.17 0
6706.52 0
8196.64 0
14902.2 0
16392.3 0
17882.4 0
28313.2 0
29803.3 0
31293.4 0
41724.3 0
49919.9 0
51410 0
61095.8 0
62585.9 0
73761.7 0
75251.9 0
75996.9 0
89408 0
90153 0
104309 0
105799 0
106544 0
122936 0
123681 0
135602 0
146777 0
148268 0
159443 0
161679 0
172854 0
174345 0
185520 0
187011 0
199677 0
200422 0
214578 0
215323 0
227989 0
228734 0
240655 0
241400 0
252576 0
253321 0
254066 0
266732 0
267477 0
268222 0
268967 0
280888 0
281633 0
282378 0
283123 0
283868 0
295044 0
295789 0
296534 0
305475 0
306220 0
306965 0
307710 0
316651 0
317396 0
318141 0
318886 0
319631 0
328572 0
329317 0
335277 0
336022 0
337512 0
341983 0
342728 0
344218 0
344963 0
347943 0
348688 0
350178 0
350923 0
351668 0
354649 0
356139 0
357629 0
358374 0
359119 0
362099 0
362844 0
364334 0
366570 0
367315 0
368060 0
371040 0
371785 0
372530 0
374020 0
374765 0
375510 0
376255 0
377000 0
377745 0
378490 0
379236 0
379981 0
