1935.27 2
5659.56 2
8642.79 2
17584.5 2
20564.7 2.5
32481.6 1
33226.7 2
42912.5 2.5
43657.5 2.9
56324.5 1
57069.6 2
68990.5 2.5
69735.5 2.9
84636.7 1
85381.8 2
98792.8 1
100286 2
111459 2.5
112952 2.9
124125 3.24483
124872 3.55301
139026 3.83446
139773 1
140519 1
151695 2
162123 1
163615 2
176281 2.5
177767 2.9
186712 3.24483
188198 3.55301
199377 3.83446
200864 4.09525
201614 4.33944
215768 4.56988
216513 4.78871
217255 4.99753
218000 5.19763
228434 5.39003
229179 1
229921 2
230671 3
232156 3.33333
238865 3.63333
239610 3.90856
241097 4.16441
250787 4.40454
251531 4.63158
253018 4.84749
254508 5.05378
263452 5.25165
264199 5.44207
266430 1
267924 2
269414 3
274629 3.33333
275373 3.63333
279096 3.90856
285059 4.16441
285803 4.40454
290272 4.63158
297724 4.84749
298470 5.05378
299956 5.25165
303687 1
311135 1
311881 2
313373 3
314858 3.33333
324548 3.63333
326034 1
326780 2
335722 2.5
337209 2.9
347645 3.24483
348388 3.55301
356584 3.83446
357329 4.09525
358074 4.33944
360306 4.56988
361799 4.78871
362544 4.99753
364031 5.19763
365527 5.39003
367760 5.57555
368505 5.75491
369992 5.92867
370740 6.09735
372232 6.26135
375210 6.42106
375957 6.5768
377443 6.72885
378193 6.87746
378938 7.02286
380423 7.16526
382663 7.30482
383408 7.44171
384153 7.57609
384898 7.70809
385643 7.83782
