2388 2000
2998.38 610.381
2999.38 1
8219.14 5219.76
8220.14 1
10450 2229.82
11942.1 1492.12
23113.9 11171.9
35034.9 11920.9
35035.9 1
42485.5 7449.58
44725.6 2240.17
53661.3 8935.7
53662.3 1
56641.6 2979.23
64838.2 8196.64
65582.3 744.058
65583.3 1
68566.5 2983.23
78993.3 10426.8
81977.5 2984.23
81978.5 1
93149.4 11170.9
93899.5 750.058
103580 9680.75
104325 745.058
104326 1
112521 8194.64
113266 745.058
114758 1492.12
114759 1
122952 8192.64
124444 1492.12
126681 2237.17
127426 745.058
137113 9686.75
137114 1
139343 2229.17
149775 10431.8
150524 749.058
152759 2235.17
158716 5956.46
159461 745.058
159462 1
160207 745.058
166911 6704.52
167656 745.058
168401 745.058
168402 1
169147 745.058
177342 8194.64
178836 1494.12
179577 741.058
180323 746.058
181068 745.058
181069 1
188520 7450.58
192247 3727.29
192248 1
193734 1486.12
199696 5961.46
203423 3727.29
203424 1
211617 8192.64
213850 2233.17
214595 745.058
226516 11920.9
228006 1490.12
238439 10432.8
240676 2237.17
248868 8191.64
248869 1
259298 10429.8
260043 745.058
271968 11924.9
273455 1487.12
273456 1
283140 9683.75
284631 1491.12
286121 1490.12
286122 1
297296 11173.9
298041 745.058
299532 1491.12
300279 746.058
312197 11918.9
312198 1
312943 744.058
314434 1491.12
315179 745.058
327103 11923.9
327848 745.058
327849 1
329335 1486.12
330825 1490.12
331571 746.058
340509 8937.7
341258 749.058
342004 746.058
342005 1
342746 741.058
344981 2235.17
