1490.27 1490.27
5216.56 3726.29
5960.61 4470.35
14160.3 8943.7
14906.3 8945.7
27567.3 13407
28312.4 13406
43963.6 16396.3
45452.7 17140.3
46938.8 18626.5
55879.5 11915.9
57373.6 11920.9
66311.3 10431.8
67804.4 10430.8
77487.2 11175.9
78980.3 11175.9
79726.4 11921.9
92388.3 14901.2
93881.5 14901.2
94627.5 14901.2
96117.6 16391.3
107290 14901.2
109524 13406
111018 14900.2
122191 14901.2
125175 15651.2
127410 16392.3
139326 11915.9
148267 8940.7
149761 10434.8
160933 12666
163172 13411
176584 15651.2
178074 17141.3
187015 8940.7
187760 9685.75
197441 10425.8
198187 10426.8
210107 12666
210853 13412
211601 13414
225008 14901.2
225753 14900.2
226502 15649.2
227248 15647.2
240655 15647.2
241399 14151.1
242148 14900.2
255560 14905.2
256305 14906.2
257049 14901.2
265987 10426.8
266732 11171.9
267480 11174.9
268225 11175.9
274183 8195.64
274928 8195.64
275673 8940.7
276421 8940.7
277166 8940.7
283868 9685.75
285358 10430.8
286103 10430.8
286852 10430.8
287597 11175.9
288342 11175.9
296534 12666
298773 13415
299518 13415
300263 13411
301008 13411
301753 14156.1
302498 14156.1
309945 13411
310690 11916.9
311439 11920.9
312183 11920.9
312929 11920.9
321866 11175.9
322611 11171.9
323356 11172.9
324104 11175.9
333791 11924.9
335280 12669
336026 13415
336770 13414
337515 13411
344967 11175.9
345712 10431.8
346456 10429.8
347201 11174.9
347946 11175.9
349436 11920.9
353905 8937.7
354650 8937.7
355395 8938.7
356143 8941.7
356888 8941.7
358378 10431.8
359868 10431.8
