724 0
1726 0
2202 0
2927 0
3407 0
4126 0
4607 0
5202 0
5927 0
6527 0
7007 0
7726 0
8327 0
8927 0
9407 0
10126 0
10726 0
11202 0
11927 0
12767 0
13487 0
13967 0
14447 0
15407 0
16007 0
16607 0
17206 0
17682 0
18407 0
18887 0
19607 0
20087 0
20682 0
21162 0
21767 0
22246 0
22967 0
23447 0
24047 0
24527 0
25126 0
25607 0
26202 0
26807 0
27287 0
28007 0
28487 0
29204 0
29807 0
30162 0
30767 0
31247 0
31847 0
32807 0
33644 0
34126 0
34607 0
35087 0
35567 0
35927 0
36887 0
37607 0
38206 0
38807 0
39287 0
39642 0
40607 0
41447 0
42164 0
42767 0
43367 0
43847 0
44807 0
45287 0
46126 0
46607 0
47087 0
47682 0
48527 0
49007 0
49967 0
