2980.38 24.9988
10435 9.99463
11923.1 16.6629
23101.9 11.7638
25335.1 11.1103
33531.8 14.2871
35765.9 14.2857
36511 20
41723.4 27.286
44706.6 25
45451.7 25
46195.7 30.7724
53647.3 24.9937
56627.6 25
57372.6 25
58116.7 25
66315.3 23.5257
67059.4 27.7757
70038.6 27.7778
70783.7 27.7778
71530.7 27.7716
78980.3 29.4141
81214.5 21.4286
81959.5 21.4327
87921 25
90900.2 23.0769
91645.3 23.0769
99841.9 18.75
103566 17.6471
104313 22.2189
105055 22.2239
114744 19.9987
118467 20
125920 13.3333
130388 12.5
131133 17.6471
137091 20.009
142309 18.75
143054 18.75
150507 16.6605
151994 19.9973
166153 9.52381
167643 9.52198
168387 13.6347
178819 13.3333
179563 13.3333
189250 14.2857
189994 14.2857
191482 18.7531
203406 15.7895
204150 15.7895
205638 15.7895
206384 19.9987
217561 21.0541
218306 21.0526
227992 14.2857
228737 14.2857
230225 18.7531
240658 17.6471
241403 17.6471
243636 16.6667
254815 15.7884
255559 20
256302 20.0027
257047 22.2222
266735 25.0021
267480 25
268223 29.4164
268968 29.4118
270458 27.7778
279401 29.4118
280146 29.4118
280889 29.4118
281634 29.4118
283127 31.5723
284617 31.5723
292812 33.3333
293557 33.3333
294300 33.3333
304733 18.75
305478 23.5294
306221 23.5331
307711 22.2222
318144 22.2222
318889 22.2222
319632 22.2222
321122 25
321869 26.3121
334535 22.7273
335280 22.7273
336025 22.7245
346456 7.14286
347202 13.3321
356887 14.2857
357632 20
358375 20.0054
365829 24.9972
366574 24.9972
367319 24.9916
368064 30.7597
