2240.32 2
9690.9 2
11179 2.5
22355.9 2.9
23845 3.24483
33527.8 1
35021.9 2
35764.9 2.5
45452.7 2.9
46197.7 3.24483
58861.7 3.55301
59608.8 3.83446
60352.9 4.09525
70037.6 4.33944
70782.7 4.56988
71528.7 4.78871
72273.8 4.99753
84940.8 5.19763
85685.8 1
86428.9 2
87174.9 3
100585 1
102078 2
102820 2.5
113998 2.9
114741 3.24483
122939 3.55301
123682 3.83446
124428 4.09525
134858 4.33944
135603 4.56988
136348 4.78871
137094 4.99753
149759 5.19763
151250 5.39003
151994 5.57555
152740 5.75491
163172 5.92867
163918 6.09735
165406 1
166151 2
166895 3
175838 3
176583 4
178072 4.25
189249 4.48529
189994 4.70824
190738 4.92064
192228 5.12386
202661 5.31903
203406 5.50703
204149 5.68862
204894 5.86441
205639 6.03493
215326 6.20063
216071 6.36191
216815 6.51909
217560 6.67249
218305 6.82236
219795 6.96893
228738 7.11243
229483 7.25303
230226 7.3909
230971 1
231716 2
233208 3
240654 4
241399 4.25
242147 4.48529
242892 4.48529
252579 4.70824
253324 4.92064
254068 5.12386
254813 5.31903
266731 1
267481 2
268226 3
268971 3
269714 3.33333
282377 1
283122 1
283872 2
294298 2.5
295043 2.9
306223 3.24483
307712 3.55301
318889 3.83446
320378 4.09525
321868 4.33944
331556 4.56988
333044 4.78871
333791 4.99753
335279 5.19763
344966 5.39003
346455 5.57555
347202 1
348692 2
349437 3
358377 3.33333
359868 3.63333
