486 0
1086 0
1446 0
2526 0
2886 0
3243 0
3846 0
4926 0
5526 0
5886 0
6485 0
7322 0
7807 0
8407 0
9847 0
10447 0
10927 0
11527 0
12007 0
12607 0
13202 0
14287 0
14527 0
15246 0
16567 0
17047 0
17527 0
18487 0
18726 0
19327 0
19927 0
20887 0
21126 0
21847 0
23287 0
23767 0
24126 0
24607 0
25202 0
25682 0
26047 0
27126 0
27487 0
28087 0
29527 0
29887 0
30367 0
30847 0
31327 0
31807 0
32287 0
33247 0
34202 0
35527 0
35887 0
36367 0
36722 0
37202 0
37682 0
38642 0
39607 0
40807 0
41162 0
41642 0
42126 0
42607 0
43567 0
44527 0
45247 0
45722 0
46206 0
46682 0
47287 0
48367 0
49202 0
49682 0
