2984.38 2984.38
7454.73 4470.35
8942.85 5958.46
17139.5 9684.75
18628.6 11173.9
19377.7 10434.8
20122.7 11179.9
32785.7 13408
33530.8 13408
42472.5 8941.7
43216.5 9685.75
50667.1 8194.64
51412.2 8195.64
60352.9 9685.75
61097.9 10430.8
61842 10429.8
73763.9 13411
74509 13411
75253 14155.1
75998.1 14156.1
87177.9 13414
87920 13411
88664.1 13411
89409.1 13411
90154.2 14156.1
101331 14153.1
102076 14156.1
102820 14156.1
110272 8940.7
111017 8940.7
111761 8940.7
121448 11175.9
122193 11175.9
122937 11919.9
123682 11920.9
135604 14156.1
136349 14156.1
137093 14156.1
137842 14905.2
138587 14905.2
152740 17136.3
153485 15643.2
154230 15643.2
166151 13411
167641 14156.1
168386 14156.1
169134 14904.2
178817 12666
181051 11916.9
189993 11175.9
191482 12665
192976 11924.9
204894 14901.2
207129 14153.1
221288 16394.3
223524 16394.3
235441 11917.9
245127 9685.75
245872 10430.8
254813 9685.75
256302 10429.8
267479 12666
268968 14155.1
270458 14156.1
282380 14901.2
283869 14901.2
285359 16391.3
286850 16391.3
298027 15647.2
299515 15646.2
301006 15646.2
302496 15646.2
303242 16392.3
311438 13411
312927 13411
314421 13415
315907 13411
316653 13411
317397 14155.1
327830 16391.3
328575 15648.2
330063 15642.2
331557 15650.2
332299 15646.2
333044 15647.2
333792 16395.3
341986 14156.1
342731 14156.1
344965 11172.9
345710 11917.9
352418 10431.8
353164 10432.8
355395 10429.8
356144 10433.8
362849 10431.8
363593 11175.9
365085 11920.9
365830 10434.8
366575 10430.8
374025 11175.9
