2624 2000
4489.5 1865.5
4490.5 1
12220.5 7729.99
12221.5 1
12687.1 465.644
14921.3 2234.17
29079.4 14158.1
29823.5 744.058
29824.5 1
39509.2 9684.75
40254.3 745.058
40999.3 745.058
41000.3 1
51430.2 10429.8
52919.3 1489.12
53665.3 746.058
54409.4 744.058
64841.2 10431.8
64842.2 1
66330.3 1488.12
67075.4 745.058
81233.5 14158.1
81977.5 744.058
98368.8 16391.3
98369.8 1
109546 11175.9
110290 744.058
120721 10430.8
120722 1
121466 744.058
133387 11920.9
134132 745.058
134133 1
134876 743.058
144562 9686.75
145307 745.058
146052 744.058
146797 745.058
146798 1
158720 11921.9
159464 744.058
160208 744.058
160953 745.058
161698 745.058
161699 1
172876 11176.9
172877 1
173621 744.058
175109 1488.12
183305 8196.64
184050 745.058
185540 1489.12
186283 743.058
186284 1
195226 8942.7
198953 3726.29
199698 745.058
210874 11175.9
213850 2976.23
222048 8198.64
225026 2977.23
232479 7453.58
235456 2977.23
235457 1
242165 6707.52
245142 2977.23
246634 1492.12
246635 1
254831 8195.64
257063 2232.17
257808 745.058
271219 13411
271220 1
271964 744.058
286866 14901.2
286867 1
300277 13410
300278 1
311452 11174.9
312197 745.058
323377 11179.9
323378 1
324865 1487.12
336788 11922.9
337533 745.058
347218 9684.75
354669 7450.58
354670 1
362117 7447.58
363608 1491.12
372551 8942.7
372552 1
374784 2232.17
377767 2982.23
378512 745.058
378513 1
379255 742.058
380000 745.058
380745 745.058
381490 745.058
382235 745.058
