367 367
967 467
1367 367
1847 347
2567 567
3047 547
3767 767
4246 746
4847 847
5567 1067
6162 1162
6642 1142
7367 1367
7967 1467
8567 1567
9047 1547
9642 1642
10247 1747
10847 1847
11447 1947
11927 1927
12527 2027
13126 2126
13607 2107
14327 2327
14927 2427
15527 2527
16007 2507
16722 2722
17327 2827
17807 2807
18527 3027
19126 3126
19726 3226
20203 3203
20927 3427
21527 3527
22007 3507
22487 3487
23087 3587
23807 3807
24164 3664
24767 3767
25607 3607
26087 3587
26682 3682
27166 3666
27767 3767
28007 3507
28367 3367
29327 3327
29927 3427
30287 3287
30767 3267
31367 3367
31726 3226
32686 3186
33047 3047
33642 3142
34126 3126
34607 3107
35327 3327
35807 3307
36527 3527
37007 3507
37487 3487
38087 3587
38567 3567
39287 3787
39767 3767
40247 3747
40967 3967
41447 3947
42047 4047
42407 3907
42887 3887
43487 3987
43726 3726
44203 3703
44807 3807
45162 3662
46007 3507
46367 3367
46847 3347
47447 3447
47807 3307
48407 3407
48767 3267
49607 3107
49967 2967
