2252.17 0
6722.52 0
9702.75 0
17153.3 1
18643.5 1
19388.5 1
21623.7 1
30564.4 2
33544.6 2
34289.7 2
43975.4 2
44720.5 2
46210.6 2
58131.5 2
58876.6 2
60366.7 2
61111.8 2
72287.6 2
73032.7 2
73777.7 2
83463.5 2
84953.6 2
85698.7 2
86443.7 2
95384.4 2
96874.5 2
97619.6 2
98364.7 2
99854.8 2
106560 2
107305 2
108050 2
118481 2
119226 2
119971 2
129657 2
131147 2
131892 2
133382 2
142323 2
144558 2
145303 2
146793 2
147538 2
156479 2
158714 2
159459 2
160950 2
161695 2
162440 2
171380 2
172125 2
172870 2
181066 2
181811 2
182556 2
184046 2
194477 2
195222 2
195967 2
197457 2
198202 2
210868 2
211613 2
212359 2
225770 2
226515 2
227260 2
240671 2
241416 2
242161 2
243651 2
253337 2
254082 2
254827 2
256317 2
257062 2
268983 2
269728 2
270473 2
271963 2
272708 2
282394 2
283139 2
293570 2
294315 2
295805 2
297295 2
304746 2
306236 2
316667 2
318157 2
318902 2
330078 2
331568 2
333058 2
333803 2
340509 2
341999 2
343489 2
344234 2
344979 2
351684 2
