3728.44 2
12667.1 2
14160.3 2.5
26824.2 2.9
29062.4 3.24483
37255.1 3.55301
38000.1 3.83446
38744.2 4.09525
47685.9 1
48430.9 2
49179 3
49924 3.33333
61096.9 3.63333
61845 3.90856
63331.1 4.16441
73762.9 1
74508 2
76001.1 3
77487.2 3.33333
88664.1 3.63333
89409.1 3.90856
90898.2 4.16441
101330 1
102075 2
102820 3
103568 3.33333
113996 3.63333
114741 3.90856
115485 4.16441
126662 4.40454
127407 4.63158
128151 4.84749
128896 5.05378
142308 5.25165
143056 1
143801 2
144546 3
145291 3.33333
158701 1
159445 2
160190 2.5
171366 2.9
172111 3.24483
184777 3.55301
185522 3.83446
186267 4.09525
197444 4.33944
198932 4.56988
199681 4.78871
200426 4.99753
209364 5.19763
210109 1
210853 2
211598 3
221285 3.33333
222029 3.63333
222774 3.90856
231715 4.16441
232460 4.40454
233204 4.63158
243636 4.84749
244381 5.05378
245125 5.25165
245870 5.44207
256302 5.62582
257047 5.80357
257791 5.97588
258536 6.14322
259281 6.306
272696 6.46458
273441 6.61927
274183 6.77034
274928 6.91805
275673 7.0626
276418 7.20419
284614 7.343
285360 7.47918
286103 7.61288
286849 7.74424
287594 7.87337
288339 8.00038
289084 8.12537
298770 8.24844
299516 1
300260 2
301009 3
301754 4
302499 5
303244 5.2
304730 5.39231
313672 5.39231
314418 5.57776
315161 5.75704
316651 5.93074
318145 6.09935
326338 6.26331
327084 6.42297
327831 6.57866
328576 6.73066
329321 6.87924
