2980.38 2
10435 2
11923.1 2.5
23100.9 2.9
25335.1 3.24483
33527.8 3.55301
35765.9 3.83446
36511 4.09525
43217.5 4.33944
45451.7 4.56988
46196.7 4.78871
46940.8 4.99753
55879.5 5.19763
58864.7 5.39003
59607.8 5.57555
60351.9 1
69290.5 1
70039.6 2
72273.8 3
73018.8 3.33333
85686.8 3.63333
86429.9 3.90856
87173.9 4.16441
98350.8 4.40454
99095.9 4.63158
99839.9 4.84749
100585 5.05378
110272 5.25165
111017 1
111761 2
112509 3
113254 3
124428 3.33333
125173 3.63333
125917 3.90856
140074 4.16441
140819 1
141564 2
156465 1
157957 2
169876 2.5
170621 2.5
183287 2.9
184034 3.24483
195953 3.55301
196698 3.83446
198188 1
207129 2
208619 2.5
218307 2.9
220540 3.24483
227992 3.55301
230226 3.83446
230971 4.09525
238423 4.33944
241402 4.56988
242147 4.78871
242891 4.99753
251085 5.19763
254068 5.39003
254813 5.57555
255557 5.75491
265241 5.92867
266736 6.09735
270459 1
271204 2
271951 3
280891 4
281636 4.25
282377 4.25
292813 4.48529
294300 4.70824
295043 4.92064
296535 5.12386
307714 5.31903
309201 5.50703
309944 1
311439 2
312182 3
321870 3
323357 3.33333
324847 3.63333
333045 3.90856
334533 4.16441
336768 4.40454
341986 4.63158
343474 4.84749
344217 5.05378
345709 5.25165
352417 5.44207
353905 5.62582
354648 5.80357
356140 5.97588
356886 6.14322
365083 1
366574 1
367319 2
368809 3
369552 4
371044 4.25
