4489.5 19.2746
12687.1 9.08869
14921.3 14.2843
29079.4 9.09035
29823.5 9.99933
39507.2 14.2898
48449.9 8.33147
49195 15.3814
59626.8 13.3321
60370.9 13.3333
70799.7 13.3369
71547.7 18.75
72290.8 18.7516
82723.6 18.7453
83468.7 18.75
84211.7 23.5331
85703.8 22.2189
94641.5 25.0063
95388.6 25.0021
105817 13.3333
106562 18.75
107309 18.7516
119228 16.6667
119973 16.6667
132641 5.88142
133388 11.1086
143070 14.2885
143817 14.2871
154993 12.4979
155738 17.6443
156482 17.6485
169895 14.999
170639 15
171384 19.0488
172129 19.0476
184051 21.0526
184797 21.0511
185540 21.0526
186287 21.0497
187775 23.8095
198208 26.3158
198950 17.6512
200441 17.6471
208638 21.4286
209380 21.4286
210872 21.4286
219066 21.4347
219811 26.6738
221302 24.9979
231732 12.5
232477 17.6471
233968 17.6471
246633 15
248126 14.283
249617 14.2839
250362 18.1796
263025 11.1136
263770 15.7928
264516 15.7917
276439 16.6629
277184 16.6629
277927 16.6667
279417 20
288360 25
289102 25.0063
289848 25
291338 25
292084 29.4094
302513 26.3214
303258 26.3158
304004 26.3158
306239 25
306985 25
315922 27.7819
316669 31.5789
317414 31.5789
318907 29.996
321142 29.996
321887 29.998
327103 39.9821
328591 22.2289
329336 30.0081
335295 27.2827
336786 30.7756
337530 33.3371
338276 33.3371
345726 28.5714
347217 28.5714
348707 26.6643
349451 31.25
350199 31.2421
358395 29.4048
359140 31.2448
360628 21.4327
365842 30.0161
366588 30.0121
368079 30
373292 30
374037 36.3636
374786 36.3503
