2388 2000
2998.38 610.381
2999.38 1
8219.14 5219.76
8220.14 1
10450 2229.82
11942.1 1492.12
25354.1 13412
35779.9 10425.8
35780.9 1
43979.6 8198.64
45467.7 1488.12
54406.4 8938.7
54407.4 1
55898.5 1491.12
68567.5 12669
69311.5 744.058
81973.5 12662
82722.6 749.058
82723.6 1
90914.2 8190.64
92409.3 1495.12
93896.5 1487.12
93897.5 1
102090 8192.64
103585 1495.12
104329 744.058
105072 743.058
114756 9683.75
114757 1
116251 1494.12
116995 744.058
117738 743.058
129657 11918.9
130402 745.058
130403 1
131894 1491.12
132639 745.058
133385 745.058
151268 17883.4
152013 745.058
152014 1
152756 742.058
163185 10428.8
163934 749.058
164680 746.058
166167 1487.12
166168 1
175855 9686.75
176600 745.058
177343 743.058
179581 2238.17
181068 1487.12
181069 1
192247 11177.9
195972 3725.29
195973 1
197460 1486.12
204163 6703.52
204908 745.058
205655 747.058
206400 745.058
206401 1
214594 8192.64
215339 745.058
216086 747.058
227260 11173.9
228005 745.058
228750 745.058
239931 11180.9
241418 1487.12
241419 1
242161 742.058
251103 8941.7
252594 1491.12
253342 748.058
253343 1
254829 1486.12
261534 6704.52
263773 2239.17
264518 745.058
266005 1487.12
267495 1490.12
267496 1
274945 7448.58
277929 2984.23
282397 4468.35
290591 8193.64
290592 1
292080 1488.12
295063 2983.23
305496 10432.8
305497 1
308474 2977.23
313692 5217.41
315179 1487.12
318160 2981.23
318161 1
321138 2977.23
322627 1489.12
325611 2983.23
326356 745.058
