2240.32 2240.32
6705.67 4465.35
8198.79 5958.46
15650.4 8944.7
16395.4 9689.75
29057.4 13407
31297.6 14902.2
47683.9 18626.5
49178 17880.4
57369.6 9685.75
59608.8 11924.9
60349.9 11171.9
70039.6 12670
72274.8 12666
73015.8 13407
73763.9 13414
84195.7 14156.1
86430.9 14156.1
87171.9 14156.1
87920 14156.1
88667.1 14903.2
98351.8 14156.1
100587 14156.1
108783 10430.8
109528 11175.9
112504 11916.9
122194 13411
122939 13411
127410 14906.2
128155 15651.2
137840 9684.75
138585 10429.8
148267 10426.8
149760 11919.9
150502 11916.9
160188 11920.9
161681 11920.9
162428 11925.9
163171 12669
174348 14160.1
175837 14156.1
176584 14156.1
177327 14156.1
178817 15646.2
188505 14157.1
189250 13413
189995 13411
190738 13411
198190 8939.7
198931 8935.7
199676 8937.7
208620 10430.8
210110 11178.9
210857 11180.9
211600 11923.9
222777 14156.1
224263 14153.1
225008 14151.1
225756 14156.1
227246 15646.2
236184 13407
238424 14161.1
239169 14161.1
239912 14156.1
250344 11919.9
251089 11919.9
251833 11920.9
262261 11916.9
263010 11920.9
263754 11920.9
264501 12668
274931 12670
275676 11174.9
286106 11175.9
286852 11920.9
287597 11920.9
299518 13412
301007 14155.1
301754 14157.1
302499 14902.2
313675 14156.1
321865 8190.64
330066 8200.64
330811 8945.7
337516 7450.58
338262 8195.64
339750 8938.7
344962 7445.58
345707 7445.58
346452 6702.52
347200 7450.58
350177 5215.41
351671 5963.46
352418 5965.46
353161 5960.46
353906 6705.52
356883 6705.52
359123 7452.58
359863 7445.58
360608 7447.58
