3745.44 2
11197 2
13431.2 2.5
24609.1 2.9
28334.4 3.24483
35039.9 3.55301
37272.1 3.83446
38017.1 4.09525
43230.5 4.33944
45470.7 4.56988
46215.7 4.78871
46959.8 4.99753
53661.3 5.19763
56646.6 5.39003
57388.6 5.57555
58135.7 5.75491
64837.2 5.92867
66327.3 6.09735
68566.5 6.26135
69309.5 6.42106
70054.6 6.5768
78248.2 6.72885
80488.4 6.87746
81233.5 7.02286
82722.6 7.16526
84212.7 7.30482
84955.8 7.44171
93150.4 7.57609
93894.5 7.70809
94639.5 7.83782
95388.6 7.96541
96133.6 8.09095
97623.8 8.21454
99113.9 8.33628
106561 8.45624
108055 8.57449
108801 8.69112
109545 8.80618
110290 1
111035 1
112526 2
114013 3
122212 4
123701 5
124447 5.2
125191 5.2
132637 5.39231
133383 5.57776
134128 5.75704
134877 5.93074
135622 6.09935
145303 6.26331
146798 6.42297
147544 6.57866
148288 6.73066
149033 6.87924
149778 7.0246
161695 7.16696
163935 7.30649
164675 1
165424 1
166170 1
166915 2
168405 3
176596 4
179581 4.25
180321 4.48529
187777 4.70824
188517 4.92064
190752 5.12386
191502 5.31903
198949 5.50703
199698 5.68862
201187 1
201928 2
202673 2
210870 3
211615 3.33333
219065 3.63333
220555 3.90856
222048 4.16441
228755 4.40454
230244 1
231735 2
233965 3
241421 3.33333
245141 3.63333
245886 3.90856
251850 4.16441
256317 4.40454
257811 4.63158
263771 4.84749
265259 5.05378
269733 5.25165
271968 5.44207
277927 5.62582
279419 5.80357
280164 1
283884 1
286867 2
