4172.44 21.2969
13110.1 8.33613
14604.7 14.2838
28013.3 9.99866
30995.5 9.09115
38444.1 10.0027
48876.9 7.14149
50363 12.5021
60050.8 13.3357
62284 12.5
72716.8 11.7647
74204.9 15.7917
76444.1 15.785
84638.7 18.7484
85382.8 19.9964
86125.8 25
88362 25.0063
96559.6 25
97303.7 25
98046.8 25
100283 25
101772 27.7798
110715 26.3176
111460 26.3158
112203 26.3158
114442 26.3102
115187 27.7695
115932 31.57
123381 35.2941
124126 35.2941
127105 20.0054
136049 17.6443
136794 22.2189
138280 21.0556
141261 21.0526
147968 25.0042
148713 25.0042
150205 24.9916
153930 23.5238
154672 27.7778
164359 15.7917
166593 17.6512
167338 17.6471
177024 7.69231
177769 14.2857
187455 14.2857
188200 14.2857
199376 12.5
200121 17.6471
200865 17.6485
212042 17.6471
212787 17.6471
213531 22.2239
214276 22.2222
224709 23.5276
225453 23.5294
226198 23.5276
226946 23.522
227691 27.7695
240355 11.1128
241099 15.7928
242588 15.004
254510 15.7906
255255 15.7895
256744 15.7895
257488 20.0013
271646 17.3913
272391 17.3913
283567 12.5
297723 5.26316
298468 10
313370 5
314115 9.52381
323800 14.2857
325289 13.3345
334231 14.2857
335720 18.7516
337210 18.75
346152 18.75
347642 18.7484
349131 22.2222
349877 23.5276
358073 25
360311 23.5238
361797 23.5294
362543 23.5294
363288 27.7778
367017 41.6527
367759 50.0201
369252 49.9732
370738 45.4601
372228 50.0112
373718 50.0448
375208 50
377445 42.8489
378934 42.8571
380424 44.4444
381173 49.9665
384153 44.4246
385643 44.4179
