4917.5 4095.5
13856.6 8939.13
16090.4 11171.9
30250.5 16393.8
31740.6 15650.2
38442.1 6701.52
40677.3 8935.7
47382.8 8940.7
50363 9685.75
57813.6 10430.8
58558.7 11174.9
61538.9 11175.9
70479.6 12666
71969.7 13411
72714.8 14155.1
75699 14160.1
84639.7 14160.1
88361 12662
89106.1 13406
95813.6 11173.9
100281 11919.9
101026 11919.9
107736 11921.9
108480 12665
112947 12666
113692 12666
121891 14155.1
122636 14156.1
123380 14899.2
127848 14901.2
128593 14901.2
137537 15646.2
138282 15646.2
139029 15649.2
142749 14901.2
144239 16390.3
144984 16391.3
154675 11925.9
156905 12666
157650 13410
159143 14158.1
165847 11171.9
168081 11175.9
169573 11922.9
170321 11178.9
171063 11919.9
177768 11920.9
180747 12666
182987 13414
183732 13411
184474 13411
185965 14900.2
191928 14160.1
195649 14902.2
198634 15646.2
199374 15641.2
200121 15646.2
201611 15646.2
205337 13409
206083 14154.1
210555 14905.2
213530 14896.2
214275 14901.2
215022 14901.2
226196 12666
226941 13410
227686 13411
229178 14156.1
238862 12666
240357 13416
241102 13416
242589 14902.2
243335 14157.1
253768 12666
255255 12666
256001 12666
264194 10425.8
265686 10430.8
266432 10430.8
267921 11918.9
276860 12666
278352 12666
279098 12666
281335 13414
282080 14158.1
288036 11175.9
289526 11173.9
290274 11175.9
296976 8940.7
299959 10433.8
300705 10430.8
308897 11920.9
312627 12668
313371 12666
320823 11925.9
322310 13412
324548 11920.9
325293 11922.9
330505 9681.75
334229 8935.7
