1510.27 1496.27
1511.27 1
4502.8 2991.53
4503.8 1
5234.56 730.76
5978.61 744.058
13103.9 7125.29
16411.4 3307.52
16627.4 215.927
17899.5 1272.19
32804.7 14905.2
32805.7 1
40253.3 7447.58
40998.3 745.058
50684.1 9685.75
50685.1 1
51429.2 744.058
63350.1 11920.9
63351.1 1
76016.1 12665
76761.1 745.058
88683.1 11921.9
88684.1 1
89427.1 743.058
99113.9 9686.75
99857.9 744.058
99858.9 1
100601 742.058
110291 9689.75
112526 2235.17
112527 1
125190 12663
125935 745.058
136366 10430.8
137111 745.058
149777 12666
149778 1
150522 744.058
163933 13411
176599 12666
176600 1
186285 9684.75
187773 1488.12
198953 11179.9
198954 1
210871 11916.9
211616 745.058
222794 11177.9
223537 743.058
223538 1
236951 13413
237696 745.058
239182 1486.12
239183 1
248872 9688.75
249617 745.058
251103 1486.12
251850 747.058
259301 7451.58
259302 1
260047 745.058
261534 1486.12
262279 745.058
268987 6708.52
269732 745.058
269733 1
271219 1486.12
272709 1490.12
273456 747.058
281654 8197.64
282399 745.058
287613 5213.41
295062 7449.58
295063 1
295810 747.058
304748 8937.7
305496 748.058
313691 8194.64
313692 1
314434 742.058
324867 10433.8
327103 2235.17
339021 11917.9
339022 1
346474 7452.58
347219 745.058
353175 5955.46
353176 1
353924 748.058
360625 6701.52
362120 1495.12
362121 1
362864 743.058
370316 7451.58
372551 2235.17
373296 745.058
379257 5960.46
379258 1
380002 744.058
380754 752.133
381498 744.133
382243 745.058
382244 1
