1495.27 2
5216.56 2
5964.61 2.5
14160.3 2
15650.4 2.5
27573.3 2.9
29061.4 3.24483
40979.3 3.55301
42473.5 3.83446
43216.5 4.09525
51410.2 4.33944
53649.3 1
55140.4 2
55882.5 2
63331.1 3
67058.4 3.33333
75252 3.63333
76001.1 3.90856
79724.4 4.16441
88663.1 1
89408.1 2
93137.4 3
94625.5 3.33333
106548 3.63333
108038 1
109530 2
121450 2
124428 2.5
134861 1
137839 2
147525 2.5
149016 2.9
158701 3.24483
160192 3.55301
172857 1
173602 2
175093 2.5
189995 2.9
191483 3.24483
200426 3.55301
202659 3.83446
203404 4.09525
213090 4.33944
215325 4.56988
216816 4.78871
217560 4.99753
228738 1
230974 2
232464 3
233952 3.33333
244384 3.63333
245873 3.90856
247363 4.16441
257795 4.40454
259283 4.63158
260774 1
261519 2
269716 3
271950 3.33333
282382 3.63333
283127 3.90856
283871 4.16441
294301 4.40454
295046 4.63158
295792 4.84749
296537 5.05378
304732 5.25165
305477 5.44207
306222 5.62582
306968 5.80357
307713 5.97588
315908 6.14322
317399 6.306
318143 6.46458
318889 6.61927
319634 6.77034
327827 6.91805
328577 7.0626
330065 7.20419
330810 7.343
331555 7.47918
332300 7.61288
340493 7.74424
341238 7.87337
341983 8.00038
342731 8.12537
343476 8.24844
344221 8.36968
344966 8.48916
350178 8.60696
351672 8.72314
352419 8.83778
353162 8.95093
353907 9.06265
354654 9.17299
355399 9.28201
356144 9.38974
362100 1
362849 2
363594 3
