2984.38 2
7454.73 3
8942.85 4
17139.5 2
18628.6 2.5
19377.7 2.9
20122.7 3.24483
32785.7 3.55301
33533.8 3.83446
35019.9 4.09525
44707.6 4.33944
45452.7 4.56988
46940.8 4.78871
48430.9 4.99753
56630.6 5.19763
57373.6 5.39003
58861.7 5.57555
60351.9 1
67803.4 2
68549.5 3
70037.6 3.33333
71527.7 3.33333
80469.4 3.63333
81958.5 3.90856
83448.7 4.16441
95370.6 4.40454
96859.7 4.63158
98349.8 1
99093.9 2
110272 3
111761 3.33333
125173 3.63333
125918 1
127411 2
139329 2.5
140818 1
150505 2
162426 2.5
163171 2.9
178075 3.24483
178820 1
192974 2
193718 1
204895 2
219051 2.5
219795 2.9
235442 1
236187 2
248854 2.5
249598 2.9
263012 3.24483
263754 3.55301
274188 3.83446
274930 1
276423 2
286105 2.5
288344 2.9
298771 3.24483
300261 3.55301
309947 3.83446
310692 4.09525
312181 4.33944
321868 4.56988
322613 4.78871
323357 4.99753
324102 5.19763
334537 1
335282 2
336027 2
336772 3
337517 3.33333
345711 3.63333
346456 3.90856
347944 4.16441
356889 4.40454
357634 4.63158
359120 4.84749
359869 5.05378
364340 5.25165
365085 5.44207
365826 5.62582
366571 5.80357
367316 5.97588
368061 6.14322
368806 6.306
369551 6.46458
370296 6.61927
371041 6.77034
371786 6.91805
372531 7.0626
373276 7.20419
374021 7.343
374766 7.47918
375511 7.61288
376256 7.74424
377002 7.87337
377747 8.00038
378496 8.12537
379241 8.24844
379986 8.36968
