2981.23 0
7451.58 0
8941.7 0
17137.3 0
18627.5 0
19372.5 0
20117.6 0
30548.4 0
32038.5 0
32783.6 0
33528.6 0
35018.7 0
43214.4 0
43959.4 0
45449.5 0
46939.7 0
55880.4 0
56625.4 0
58115.5 0
67801.3 0
69291.4 0
70781.5 0
78232.1 0
79722.2 0
81212.3 0
90898.1 0
91643.1 0
93133.3 0
93878.3 0
105799 0
106544 0
107289 0
108779 0
109525 0
122191 0
122936 0
123681 0
125171 0
125916 0
126661 0
139327 0
140072 0
140817 0
142307 0
154228 0
154973 0
155718 0
157208 0
158698 0
167639 0
168384 0
169129 0
169874 0
170619 0
171364 0
180305 0
181050 0
181795 0
192971 0
193716 0
194461 0
195206 0
207872 0
209362 0
210107 0
210852 0
212343 0
224263 0
225754 0
226499 0
227244 0
228734 0
230224 0
239910 0
240655 0
241400 0
250341 0
251086 0
251831 0
253321 0
263752 0
264497 0
265242 0
266732 0
277908 0
278653 0
280143 0
292064 0
292809 0
294299 0
303985 0
305475 0
317396 0
318886 0
319631 0
332297 0
333787 0
341983 0
342728 0
350178 0
351668 0
352413 0
