4489.5 2
12687.1 2
14921.3 2.5
29079.4 2.9
29824.5 3.24483
36527 3.55301
37272.1 3.83446
38018.1 4.09525
44725.6 4.33944
45469.7 4.56988
46213.7 4.78871
46958.8 4.99753
54410.4 5.19763
55155.4 5.39003
55899.5 5.57555
56644.6 1
67076.4 2
67821.4 3
68566.5 3.33333
69310.5 3.63333
82722.6 3.90856
83467.7 4.16441
84212.7 4.40454
96878.7 4.63158
98367.8 4.84749
99114.9 5.05378
99857.9 5.25165
109545 5.44207
110290 5.62582
111034 5.80357
111779 5.97588
113269 6.14322
123699 6.306
124446 6.46458
125190 6.61927
125935 6.77034
127425 1
128168 2
139347 3
140092 4
140838 4.25
141581 4.25
151268 4.48529
152013 4.70824
152757 4.92064
153502 5.12386
166169 5.31903
166914 5.50703
167659 5.68862
168403 5.86441
169148 6.03493
181815 6.20063
183304 1
184050 2
184797 2
185542 3
186287 4
194481 4.25
195970 4.48529
196717 4.70824
198206 4.92064
207147 5.12386
207892 5.31903
208637 5.50703
210127 5.68862
219814 5.86441
221302 1
222048 2
222795 3
224283 3.33333
234715 3.63333
236204 3.90856
237694 4.16441
245886 4.40454
247379 4.63158
248870 4.84749
249613 5.05378
260046 5.25165
261536 5.44207
263026 1
263769 2
264518 3
275694 3.33333
277182 3.33333
278673 3.63333
285379 3.90856
286868 4.16441
288358 1
295810 2
297300 3
298044 3.33333
307731 3.63333
308475 3.90856
309964 4.16441
321137 4.40454
321886 1
323377 2
324121 3
334552 3.33333
336042 3.63333
