561.943 2
1455.01 3
1677.53 4
3243.15 5
3465.67 6
3577.43 7
3800.95 8
6711.67 1
9501.64 2
10284 3
10511.5 4
11513.3 4.25
11625.1 4.48529
11847.6 4.70824
12076.1 4.92064
13413.2 5.12386
13528 5.31903
13639.7 5.50703
13752.5 5.68862
14754.3 5.86441
14981.8 6.03493
15092.6 6.20063
15200.3 6.36191
15312.1 1
16769 2
16881.7 3
16993.5 4
17100.2 4.25
18554.1 4.48529
18668.9 4.70824
18781.6 4.92064
19000.1 1
20454 2
20565.8 3
20681.5 3.33333
22130.4 3.63333
22246.1 3.90856
22357.9 4.16441
23809.8 4.40454
23918.5 4.63158
24029.3 4.84749
24252.8 5.05378
25486.1 1
25598.9 2
25710.7 3
25929.2 3.33333
26157.7 3.63333
27274.3 1
27498.8 2
27608.6 2.5
28835.9 2.9
28950.7 3.24483
30290.8 3.55301
30403.5 3.83446
30515.3 4.09525
31965.1 4.33944
32192.7 4.56988
32303.4 4.78871
32522.9 4.99753
33865 5.19763
34203.3 1
34315.1 2
35876.7 3
36882.5 3.33333
36994.3 3.63333
37105 3.90856
38338.4 4.16441
38450.1 1
40011.8 2
40127.5 3
41692.1 3.33333
41803.9 1
42027.4 2
43253.8 2.5
43475.3 2.9
44817.4 3.24483
45039.9 3.55301
46605.5 1
46717.3 2
46829 2.5
48617.2 2.9
48728.9 3.24483
