561.943 561.943
1455.01 893.07
1677.53 1115.59
3243.15 1788.14
3465.67 2010.66
3577.43 1899.9
3800.95 2123.42
6711.67 3468.52
7046.95 3803.8
7270.47 3804.8
7381.22 3915.55
7493.98 3916.55
7605.74 4028.31
7829.26 4028.31
7941.02 4140.07
9505.64 1564.62
10508.5 1002.83
10735 1229.35
11739.8 1231.35
11851.6 1343.1
12185.8 1450.86
12406.4 1671.38
13416.2 1676.38
13528 1676.38
13974 1788.14
15316.1 1788.14
15540.6 2012.66
15985.6 2011.66
17664 1678.38
17999.3 2013.66
19226.6 1562.62
20344.2 1117.59
21685.3 1341.1
21905.9 1561.62
23587.2 1901.9
25038.1 1450.86
25258.6 1671.38
26492 1453.86
26716.5 1457.86
28169.3 1452.86
28387.9 1671.38
29733 1563.62
29955.5 1567.62
31518.1 1562.62
31740.6 1785.14
33082.7 1564.62
33305.2 1564.62
34647.3 1564.62
34869.9 1787.14
34982.6 1677.38
36551.2 1903.9
36769.8 1899.9
36882.5 2012.66
37105 2122.42
38000.1 1448.86
38223.6 1453.86
38335.4 1452.86
39788.2 1564.62
39904 1680.38
40122.5 1787.14
41464.6 1676.38
41576.4 1672.38
41803.9 1681.38
42027.4 1904.9
43366.5 1901.9
43587 1559.62
43700.8 1673.38
44595.9 1229.35
44816.4 1229.35
45039.9 1339.1
45937 1341.1
46157.5 1561.62
46271.3 1454.86
46497.8 1457.86
47278.1 1341.1
47501.6 1344.1
47722.1 1564.62
47835.9 1564.62
48057.4 1559.62
48619.2 1341.1
48954.5 1452.86
49175 1452.86
49403.5 1567.62
49627 1791.14
49735.8 1678.38
