3728.44 19.9831
9687.9 7.6906
11177 13.332
20863.8 7.14212
22353.9 9.99904
23843 9.37455
24592.1 12.1187
34278.8 8.69409
36510 10.2035
39494.2 5.6595
46195.7 4.83848
49925 2.98471
58116.7 2.56401
61846 2.4094
69296.5 2.15035
70781.7 3.15784
73765.9 3.03009
81214.5 2.75219
82702.6 2.70267
84192.7 3.53977
87177.9 3.41856
96116.6 3.10064
97603.8 3.0534
99843.9 2.98489
101329 2.94114
102078 3.64945
111018 3.35558
112505 3.31122
113251 3.28941
114745 3.24658
115489 3.22566
116235 3.84595
126662 3.52935
128156 3.4882
140074 1.06381
141562 1.05262
143052 1.56249
151250 1.4778
151994 1.96076
152738 1.9512
154228 1.93235
163915 1.81816
164660 1.80993
165404 1.80179
166894 2.23213
168389 2.21231
179561 2.07466
180306 2.06609
181050 2.0576
182540 2.0408
183290 2.43894
185526 2.40956
194462 2.29883
195211 2.29
195956 2.2813
205639 1.08694
206383 1.44403
207127 1.43884
207872 1.43368
220539 1.35134
221284 1.34679
222028 1.34227
222774 1.67223
224264 1.66112
236935 1.57229
237680 1.56736
238425 1.56246
239170 1.55759
239910 1.86335
250342 0.892849
251087 0.8902
251831 1.18343
253326 1.17644
264498 1.12675
265243 0.561793
265988 0.840329
275674 0.810804
277168 0.806434
277909 0.804283
286851 0.779212
287595 1.03626
289089 1.03091
299516 0.497507
301005 0.495048
302495 0.738913
311436 0.717698
312927 0.714281
313672 0.712584
324847 0.458713
325593 0.457663
338259 0.440526
339004 0.439558
339749 0.657891
347199 0.643773
348688 0.641024
349434 0.639655
350923 0.849254
358375 0.831596
360614 0.826432
361355 0.824737
