2241.32 33.2419
6709.67 16.6741
8199.79 25.0084
14906.3 18.1796
16394.4 23.0793
28317.4 11.1111
31296.6 9.99933
41728.4 11.1111
43962.6 11.7647
52159.2 9.0898
52903.3 16.6667
62590 14.2857
63334.1 14.2857
75255 11.7656
76000.1 16.6679
76745.1 16.6667
90901.2 10
91646.3 10
105802 10
117723 6.25
131134 5.55556
131879 10.5263
143800 11.7647
157211 5.55556
157956 10.5263
172113 10
172858 10
186269 10.5263
187759 14.2857
188506 14.2839
198190 14.2857
198935 14.2885
210111 12.5
210856 12.5
223522 5.88235
224267 11.1111
236188 11.7647
236933 11.7647
250344 10.5263
251091 14.998
251833 15.001
261517 20.0054
262262 20.009
263009 25.0063
264499 23.5294
276423 19.9933
277166 19.996
277910 20
279400 20
280890 22.7273
291322 25.0034
292067 25
292811 25
294301 25
295791 25
296538 28.5678
302500 39.9928
303243 40
303987 40
304732 42.8571
306222 42.8571
307712 40.0072
308459 43.75
314417 43.7647
315164 43.75
315908 43.75
316653 43.75
318143 43.75
319633 43.75
320380 43.75
326338 43.75
327085 47.0514
327829 47.0625
328574 47.0588
330064 44.4444
330809 47.0588
332302 47.0477
333047 47.0551
340496 42.0993
341241 42.1053
341985 45.003
342730 45
344220 42.8571
350926 35.7143
351672 35.7143
352416 35.7143
353161 35.7143
353906 38.4615
360612 38.4615
361357 38.4615
362101 42.8613
362849 42.8448
363594 42.8448
364340 42.8448
372533 37.5
373280 23.0769
374022 28.5796
375515 26.6667
379241 44.4312
379986 44.4444
