451.184 2
1121.74 3
1343.25 4
2573.6 5
2796.12 6
3019.63 7
3131.39 8
5480.33 1
5929.36 2
6152.88 3
6372.4 4
7602.74 4.25
7714.5 4.48529
7825.26 4.70824
8048.78 1
9282.12 2
9393.88 3
10508.5 3.33333
10621.2 3.63333
10842.7 3.90856
12074.1 4.16441
12185.8 4.40454
12295.6 1
13862.2 2
13974 3
14085.7 3.33333
15762.1 1
15873.9 2
15985.6 2.5
17999.3 1
20122.7 2
21350.1 2.5
21461.8 1
28389.9 2
29957.5 2.5
30067.2 2.9
31408.3 3.24483
31520.1 3.55301
32861.2 1
33086.7 2
33196.5 2.5
34761.1 2.9
34872.9 3.24483
36102.2 3.55301
36214 1
36323.7 2
37778.6 2.5
37890.4 2.9
39455 3.24483
39566.7 1
41578.4 2
41690.1 1
43703.8 2
45042.9 2.5
45154.7 2.9
46272.3 3.24483
46384 3.55301
47613.4 1
47725.1 2
47836.9 2.5
49289.7 2.9
49401.5 3.24483
