3728.44 3728.44
12667.1 8938.7
14160.3 10430.8
26824.2 14157.1
29062.4 14902.2
38000.1 11175.9
38745.2 9682.75
39489.2 10425.8
48430.9 10430.8
49176 10430.8
49920 10430.8
50665.1 11174.9
60351.9 11920.9
61096.9 11920.9
73017.8 12666
73765.9 13413
74511 13414
88664.1 15646.2
89409.1 15643.2
90154.2 15643.2
91647.3 17135.3
102820 12666
103565 13410
105054 13407
114741 11920.9
115486 11920.9
116975 11920.9
117719 12664
130390 15649.2
131132 15646.2
142308 11917.9
143053 11920.9
144542 13409
155719 13411
156464 13411
157953 13411
169878 14159.1
170620 14900.2
171365 14900.2
172859 14905.2
184777 14898.2
186266 13407
187760 14900.2
196698 11921.9
197443 11176.9
198932 11171.9
208619 11920.9
209363 11920.9
210108 12664
211598 12666
222778 14158.1
223520 14156.1
224264 14156.1
225009 14900.2
226499 14901.2
235440 12663
236186 12666
236930 12666
237679 12670
239169 12670
240655 14155.1
251087 15646.2
252576 13407
254066 14896.2
254810 14155.1
262263 11175.9
263753 11176.9
265242 11175.9
265986 11175.9
267477 12666
271948 9685.75
274184 10430.8
275673 10430.8
277163 11176.9
278652 11174.9
279401 11922.9
283869 11920.9
286850 12666
288343 12670
289829 12666
299513 11170.9
300259 11914.9
301754 11924.9
303240 13410
312179 10425.8
313670 10429.8
322610 10430.8
324100 11919.9
325592 11921.9
336021 13411
338262 14161.1
339007 14905.2
340493 14901.2
351668 15646.2
352413 14151.1
353159 14152.1
353904 13411
354653 14159.1
362848 11180.9
363593 11180.9
