4473.5 4473.5
14901.3 10427.8
16391.4 11916.9
30548.5 15647.2
31293.6 14902.2
40234.3 9685.75
51414.2 11179.9
52899.3 12664
61841 10426.8
63330.1 10430.8
75252 13411
76742.1 14900.2
77490.2 14160.1
90902.2 15650.2
93133.4 16391.3
93882.5 17139.3
94627.5 17137.3
104309 13407
105798 12665
116230 11920.9
118469 12671
119214 13415
131876 15646.2
132621 14152.1
133367 14152.1
143797 11920.9
145286 13409
157208 13411
158698 14899.2
159444 14157.1
172114 14905.2
173599 14901.2
174345 14901.2
175834 16389.3
185522 13408
187015 13416
188500 14155.1
198187 11171.9
199676 11175.9
200422 11920.9
210853 12666
212342 12666
213087 12665
225754 14901.2
227243 16389.3
238424 12670
239909 14154.1
241400 14157.1
251832 13408
253320 13411
263008 11175.9
264496 11175.9
273437 10429.8
274927 10430.8
276417 11919.9
286104 12667
287593 12666
289088 12671
290573 14155.1
298025 11920.9
298770 11177.9
301004 11915.9
302499 11925.9
309201 11175.9
309946 11919.9
310689 11918.9
311434 10430.8
312925 10425.8
319632 10430.8
320377 10430.8
321120 11172.9
321865 11175.9
323355 11920.9
324845 11920.9
333043 13411
333788 13411
334531 13411
335276 14155.1
336766 14901.2
337512 14157.1
339748 14902.2
348689 15646.2
349434 15646.2
350177 15646.2
350922 15646.2
359868 11178.9
360610 11175.9
361353 11175.9
362098 11175.9
368808 8939.7
369551 8940.7
375513 6705.52
376259 7450.58
377745 8193.64
381475 5961.46
382220 5960.46
382960 5215.41
383705 5959.46
384455 2980.23
385200 2980.23
