725 16
1685 25
2166 30
3484 33
4087 40
4567 34
5165 36
6004 31
6967 31
7567 26
7927 24
9126 20
9247 17
9722 17
10807 15
11767 14
12724 13
13327 13
14163 13
15487 14
15967 14
16927 14
17767 14
18487 15
18967 15
19807 15
20887 15
21367 15
22327 15
23166 16
23642 16
24126 16
25087 16
26047 16
26527 16
27487 16
28327 17
28807 17
29407 17
30246 17
31087 18
31567 18
32047 18
33007 18
33487 16
33967 16
34686 17
35643 17
36126 17
36607 17
37447 18
37927 18
38767 19
39605 19
40205 19
40686 19
41166 19
41645 19
42487 20
43325 21
44047 20
44642 19
45367 18
46087 17
46682 17
47887 16
48847 16
49327 16
49807 16
