2981.23 0
7451.58 0
8941.7 0
17137.3 0
18627.5 0
19372.5 0
20117.6 0
30548.4 2
32038.5 5
32783.6 5
33528.6 5
42469.3 5
43214.4 5
43959.4 5
52155.1 5
52900.1 5
53645.2 5
54390.2 5
65566.1 5
66311.2 5
67056.2 5
67801.3 5
68546.3 5
81212.3 5
81957.4 5
82702.4 5
83447.5 5
84192.6 5
85682.7 5
96858.5 5
97603.6 5
98348.7 5
109525 5
110270 5
111015 5
111760 5
123681 5
124426 5
125171 5
125916 5
134857 5
135602 5
136347 5
147522 5
148268 5
160934 5
161679 5
163169 5
174345 5
175090 5
176580 5
178070 5
188501 5
189246 5
189991 5
190736 5
200422 5
201167 5
201912 5
202657 5
203402 5
210852 5
211597 5
212343 5
213088 5
213833 5
215323 5
223518 5
224263 5
225009 5
225754 5
226499 5
227244 5
228734 5
237675 5
238420 5
239165 5
240655 5
250341 5
251086 5
252576 5
264497 5
265242 5
277908 5
278653 5
292809 5
293554 5
308455 5
309200 5
309945 5
322611 5
323356 5
333787 5
335277 5
336022 5
347198 5
347943 5
354649 5
355394 5
362099 5
362844 5
370295 5
