2981.23 0
7451.58 0
8941.7 0
17137.3 0
18627.5 0
19372.5 0
20117.6 0
30548.4 2
32038.5 5
32783.6 5
33528.6 5
35018.7 5
43959.4 5
44704.5 5
55135.3 5
55880.4 5
68546.3 5
69291.4 5
70036.5 5
84192.6 5
84937.6 5
97603.6 5
98348.7 5
99838.8 5
110270 5
111015 5
112505 5
113250 5
122936 5
124426 5
132621 5
133366 5
134111 5
143052 5
143797 5
144542 5
155718 5
156463 5
157208 5
157953 5
168384 5
169874 5
170619 5
171364 5
172109 5
182540 5
184030 5
184775 5
185520 5
186266 5
187756 5
197441 5
198932 5
199677 5
200422 5
201167 5
201912 5
203402 5
213833 5
214578 5
215323 5
216068 5
225754 5
227244 5
227989 5
236929 5
239165 5
239910 5
250341 5
251831 5
262261 5
264497 5
265242 5
274182 5
274927 5
283868 5
284613 5
285358 5
296534 5
297279 5
298024 5
298769 5
312925 5
313670 5
314416 5
315161 5
325591 5
326336 5
327081 5
327827 5
329317 5
339002 5
339747 5
340493 5
341238 5
342728 5
343473 5
349433 5
350178 5
350923 5
351668 5
356884 5
