242 0
847 0
1242 0
2327 0
2447 0
3527 0
3646 0
4722 0
5327 0
5447 0
6047 0
7126 0
7247 0
7847 0
8327 0
8927 0
9527 0
10607 0
10722 0
12287 0
12407 0
13487 0
13607 0
15162 0
15287 0
16367 0
16487 0
18047 0
19487 0
19607 0
20686 0
21767 0
22847 0
22967 0
24047 0
24162 0
25246 0
26202 0
27527 0
28367 0
28487 0
28967 0
29927 0
30047 0
31126 0
31967 0
32087 0
33047 0
33162 0
34247 0
34367 0
35327 0
35447 0
35927 0
37007 0
38327 0
38447 0
39047 0
39407 0
40847 0
41683 0
42642 0
43487 0
44567 0
45047 0
45527 0
46487 0
47087 0
48642 0
48767 0
49726 0
