1507.12 0
5232.41 0
5977.46 0
14173.1 1
15663.2 1
16408.3 1
17898.4 1
27584.1 2
31309.4 2
32054.5 3
32799.6 3
41740.3 3
53661.2 3
54406.2 3
66327.2 3
67072.2 3
81228.3 3
81973.4 3
82718.4 3
98364.7 3
99109.7 3
114756 3
115501 3
125932 3
126677 3
139343 3
140088 3
140833 3
154244 3
154989 3
169890 3
181066 3
181811 3
192242 3
201183 3
201928 3
213104 3
213849 3
225025 3
225770 3
226515 3
236200 3
236945 3
237691 3
238436 3
249611 3
250357 3
251102 3
251847 3
252592 3
260787 3
262277 3
263022 3
263768 3
264513 3
265258 3
276434 3
277179 3
277924 3
279414 3
287609 3
288354 3
289100 3
290590 3
299530 3
300275 3
301766 3
312941 3
313686 3
315177 3
316667 3
324117 3
327097 3
335293 3
336038 3
338273 3
346469 3
347214 3
349449 3
350939 3
356900 3
357645 3
358390 3
359135 3
359880 3
362115 3
362860 3
363605 3
364350 3
365095 3
367331 3
368076 3
368821 3
369566 3
370311 3
371056 3
373291 3
374781 3
375526 3
376271 3
377016 3
377761 3
378506 3
380742 3
