3726.29 0
9686.75 0
11176.9 0
20862.6 0
22352.7 0
23842.9 0
24587.9 0
34273.7 0
36508.8 0
37999 0
39489.1 0
46194.6 0
49919.9 0
58115.5 0
61840.8 0
69291.4 0
70781.5 0
73761.7 0
81212.3 0
82702.4 0
84192.6 0
87172.8 0
96113.5 0
97603.6 0
99838.8 0
101329 0
102074 0
111015 0
112505 0
113250 0
114740 0
115485 0
116230 0
126661 0
128151 0
140072 0
141562 0
143052 0
151248 0
151993 0
152738 0
154228 0
163914 0
164659 0
165404 0
166894 0
168384 0
179560 0
180305 0
181050 0
182540 0
183285 0
185520 0
194461 0
195206 0
195951 0
205637 0
206382 0
207127 0
207872 0
220538 0
221283 0
222028 0
222773 0
224263 0
236929 0
237675 0
238420 0
239165 0
239910 0
250341 0
251086 0
251831 0
253321 0
264497 0
265242 0
265987 0
275672 0
277163 0
277908 0
286848 0
287593 0
289084 0
299514 0
301004 0
302495 0
311435 0
312925 0
313670 0
324846 0
325591 0
338257 0
339002 0
339747 0
347198 0
348688 0
349433 0
350923 0
358374 0
360609 0
361354 0
