451.184 24.7701
1121.74 16.6667
1343.25 25.056
2573.6 15.3952
2796.12 13.3493
3020.63 6.66269
3132.39 12.493
5480.33 7.68966
5701.84 7.14514
7491.98 5.55556
7603.74 10.5263
8833.09 16.6667
8944.85 16.6667
10286 15.3846
10397.7 15.3846
10619.2 20.0239
12074.1 18.75
12185.8 18.75
12520.1 11.7585
12743.6 15.782
14199.5 15.7746
14311.3 15.7746
15873.9 6.67463
15985.6 12.514
16097.4 12.514
17662 13.3333
17775.8 13.3174
19115.9 15.374
19226.6 15.4058
19448.2 20.0478
20457 25
20567.8 25
20789.3 25
21012.8 28.5714
22133.4 26.6667
22244.1 26.6667
22577.4 25
22804.9 24.9442
23698 28.5714
23808.8 33.3532
23918.5 26.6985
24030.3 30.7692
24369.5 28.5714
25262.6 28.5714
25373.4 28.5714
25483.1 26.6985
26714.5 15.3952
26826.2 21.4423
26936 14.304
27163.5 13.3016
28390.9 13.3333
28502.6 13.3333
29843.7 15.3846
29955.5 15.3846
30177 20.0239
31408.3 14.2857
31633.9 6.65872
31745.6 7.12464
32861.2 0
33082.7 8.35826
34314.1 15.3846
34535.6 15.3846
35878.7 14.2857
35990.5 15.3635
36100.2 14.2857
37443.3 7.14286
37557.1 0
38450.1 12.514
39790.2 8.33955
40011.8 14.3132
41466.6 13.3333
41799.9 6.25
43366.5 5.88235
43588 10.5362
45603.7 9.99106
45823.2 10
47278.1 13.3493
47389.8 7.13374
47499.6 13.3333
48842.7 14.2857
48954.5 15.3635
