2236.17 0
6706.52 0
8196.64 0
14902.2 0
16392.3 0
17882.4 2
28313.2 2
29803.3 3
31293.4 3
41724.3 3
43959.4 3
50664.9 3
52155.1 3
61840.8 3
63330.9 3
71526.6 3
73016.7 3
74506.8 3
84192.6 3
85682.7 3
87172.8 3
88662.9 3
98348.7 3
99838.8 3
101329 3
110270 3
111760 3
113250 3
113995 3
123681 3
125171 3
127406 3
128151 3
128896 3
140072 3
140817 3
143052 3
143797 3
144542 3
154228 3
155718 3
156463 3
158698 3
160188 3
168384 3
169874 3
171364 3
178815 3
180305 3
190736 3
192226 3
192971 3
207127 3
207872 3
224263 3
225009 3
225754 3
236184 3
236929 3
248105 3
248850 3
259281 3
260026 3
260771 3
274182 3
274927 3
275672 3
276418 3
288338 3
289084 3
289829 3
290574 3
299514 3
300259 3
301004 3
312925 3
313670 3
314416 3
326336 3
327081 3
327827 3
328572 3
337512 3
339002 3
339747 3
340493 3
341238 3
350923 3
353159 3
353904 3
354649 3
355394 3
356139 3
363589 3
364334 3
365079 3
365825 3
366570 3
367315 3
368060 3
372530 3
374020 3
