673.701 2
1566.77 3
1905.05 4
3354.91 5
3689.19 1
4141.22 2
4252.98 3
6823.43 1
10283 2
11848.6 2.5
11959.3 1
13636.7 2
14977.8 2.5
15204.3 1
16766 2
18554.1 2.5
18780.6 2.9
20342.2 3.24483
20454 3.55301
21795.1 3.83446
21906.9 4.09525
22021.6 4.33944
23471.5 4.56988
23583.2 4.78871
23698 4.99753
23809.8 1
25594.9 2
25706.7 1
25818.4 2
27941.8 2.5
28053.6 1
30624 2
31741.6 2.5
31968.1 2.9
33422 3.24483
33753.3 3.55301
35207.1 3.83446
35318.9 4.09525
35653.2 4.33944
36993.3 1
37110 2
37221.8 3
37556.1 3.33333
38557.9 3.63333
38669.7 3.90856
38897.2 4.16441
40122.5 4.40454
40234.3 4.63158
40461.8 4.84749
40682.3 5.05378
41798.9 5.25165
41910.7 1
42139.2 2
42474.5 3
42586.2 3.33333
43698.8 1
43810.6 2
43922.3 2.5
45263.4 2.9
45375.2 1
46604.5 2
48169.2 2.5
48392.7 2.9
49738.8 3.24483
