2240.32 33.2567
6705.67 16.6853
8198.79 25.0084
15650.4 16.6592
16395.4 23.0674
29057.4 11.1144
31297.6 9.99933
47683.9 8
49179 8.33333
58859.7 7.69628
59604.8 14.2926
71525.7 11.7647
72270.8 11.7647
84941.8 11.107
85686.8 15.7839
86431.9 15.7839
97606.8 12.501
98351.8 12.501
110273 11.7647
111018 11.7647
111763 16.6667
123684 16.6667
125173 15.7906
125919 15.7895
126663 20.0013
138585 20
140819 19.0476
141566 19.0464
142309 19.0476
153486 20
154231 23.8095
154976 26.3139
155722 26.3158
166897 12.5
167642 17.6471
168386 17.6498
181054 15.7884
181798 15.7895
182542 15.7895
183287 20
194465 22.2222
195209 22.2222
195954 22.2206
196700 22.2189
198189 25
207130 20
207875 20.0018
209364 20
219796 17.6471
220541 17.6471
221285 22.2239
222778 22.2189
234693 20.0054
235442 20
247364 11.7601
248108 16.6617
248853 16.6679
261521 15.7895
262265 15.7895
263009 15.7895
264501 19.0452
274928 22.2289
276420 12.5021
289088 10.5233
290576 10.5263
291320 15.001
301753 17.6485
303242 12.499
309200 20.0081
309948 22.2189
318144 16.6611
318889 16.6667
319634 23.0769
327830 23.0769
329319 21.4306
330065 21.4286
330809 26.6691
337515 30.7692
339005 30.7692
339750 30.7724
340495 30.7692
347946 28.5714
349436 31.25
350181 33.3304
350925 33.3333
351671 33.3333
358377 35.7143
360612 33.3333
361357 37.5
362103 37.4969
362846 37.5
368809 29.996
369554 36.3592
370297 36.3725
371787 33.3333
375514 44.4444
376259 44.4444
377005 44.4312
377750 49.9866
378495 55.539
