1490.12 0
5215.41 0
5960.46 0
10430.8 0
12666 1
14156.1 1
14901.2 1
25332 2
27567.1 2
28312.2 2
42468.3 2
43213.4 2
43958.4 2
52154.1 2
53644.2 2
63329.9 2
65565.1 2
76741 2
79721.2 2
81211.3 2
93132.3 2
95367.4 2
104308 2
107288 2
108778 2
117719 2
119954 2
128895 2
131130 2
131875 2
141561 2
143796 2
144541 2
145286 2
154972 2
157207 2
158697 2
159442 2
170618 2
171363 2
174344 2
182539 2
184029 2
186265 2
194460 2
195205 2
195950 2
198185 2
209361 2
210851 2
212342 2
219047 2
220537 2
222772 2
230968 2
231713 2
233203 2
235438 2
245869 2
247359 2
248104 2
249594 2
257790 2
258535 2
259280 2
268966 2
269711 2
270456 2
279397 2
280887 2
281632 2
292808 2
293553 2
295043 2
304729 2
305474 2
316650 2
317395 2
329316 2
330806 2
331551 2
339746 2
340492 2
341237 2
342727 2
347197 2
347942 2
348687 2
350177 2
355393 2
356883 2
357628 2
358373 2
359863 2
365078 2
367314 2
368059 2
368804 2
369549 2
370294 2
372529 2
374764 2
376254 2
