1490.27 2
5216.56 2
5960.61 2.5
14160.3 2
14906.3 2.5
27567.3 2.9
28312.4 3.24483
41728.4 3.55301
43217.5 3.83446
44707.6 4.09525
52899.3 4.33944
53644.3 4.56988
55138.4 4.78871
55884.5 4.99753
65565.3 5.19763
67059.4 5.39003
68549.5 5.57555
69290.5 5.75491
79721.4 5.92867
81215.5 6.09735
81961.5 6.26135
83450.7 6.42106
84940.8 6.5768
94622.5 1
96112.6 2
96857.7 3
97607.8 4
98352.8 4.25
99096.9 4.48529
108779 4.70824
109524 4.92064
110269 5.12386
111763 5.31903
122935 1
124430 2
125175 3
125920 3.33333
126664 3.63333
140076 1
140821 2
141566 2.5
151247 2.9
151992 3.24483
161678 3.55301
163172 3.83446
163918 4.09525
175094 4.33944
177329 4.56988
178069 4.78871
179563 4.99753
188500 5.19763
190739 5.39003
191485 5.57555
192974 5.75491
201166 5.92867
202660 6.09735
203406 6.26135
204150 6.42106
205640 6.5768
213833 6.72885
215326 1
216067 2
216812 2
217562 3
219051 4
226498 4.25
228738 4.48529
230227 1
231718 2
238419 2
241399 3
251085 3.33333
254810 3.63333
255555 3.90856
263752 4.16441
266731 4.40454
267476 4.63158
276417 4.84749
277907 5.05378
280146 5.25165
280887 5.44207
292068 5.62582
294303 5.80357
295792 1
297283 1
298028 1
308459 2
309948 2
316652 3
317396 3.33333
324847 3.63333
325592 3.90856
326337 4.16441
334533 4.40454
336025 4.63158
336771 4.84749
337515 5.05378
346457 5.25165
347943 5.44207
348688 5.62582
