3728.44 2
9687.9 3
11177 4
20863.8 5
21608.8 6
22353.9 1
23097.9 2
34274.8 3
35767.9 3.33333
36510 3.63333
37254.1 3.90856
49176 4.16441
49921 4.40454
50665.1 4.63158
61096.9 4.84749
61842 5.05378
62587 5.25165
63331.1 5.44207
73762.9 5.62582
75252 5.80357
75998.1 5.97588
76742.1 1
77487.2 2
90154.2 3
91647.3 3.33333
92392.3 3.63333
103565 3.90856
104310 4.16441
105054 4.40454
116976 4.63158
117721 4.84749
118465 5.05378
119210 5.25165
131877 1
132622 2
133368 3
134116 3.33333
134861 3.63333
146779 3.90856
147527 4.16441
148272 4.40454
156464 4.63158
157209 4.84749
157953 5.05378
159444 5.25165
169130 5.44207
169875 5.62582
170619 1
171365 2
172859 3
185525 3.33333
186270 3.63333
187756 3.90856
198188 4.16441
198933 4.40454
200422 4.63158
210112 4.84749
210854 5.05378
211598 5.25165
213088 1
222775 2
223520 3
224268 3.33333
225754 3.33333
235440 3.63333
236186 3.90856
237675 4.16441
248109 4.40454
248852 4.63158
250341 4.84749
251830 1
260027 2
260772 3
262266 3.33333
271948 3.63333
272693 3.90856
274183 4.16441
286850 4.40454
287595 4.63158
289084 4.84749
289828 1
303241 2
304734 2
306220 1
315907 1
324102 2
333788 2.5
335277 2.9
345712 3.24483
347198 3.55301
354650 3.83446
355395 4.09525
356139 4.33944
362103 4.56988
362848 4.78871
363589 4.99753
365080 5.19763
368062 5.39003
368807 5.57555
369554 5.75491
