4473.5 2
10433 3
12667.1 4
21608.8 5
23097.9 2
25338.1 3
26828.2 3.33333
35763.9 3.63333
37255.1 1
40239.3 2
47684.9 2.5
49925 2.9
57371.6 3.24483
58860.7 3.55301
67057.4 3.83446
68550.5 4.09525
70040.6 4.33944
80472.4 4.56988
82707.6 4.78871
83452.7 4.99753
84941.8 5.19763
92389.3 5.39003
93133.4 5.57555
93878.5 5.75491
95372.6 5.92867
96113.6 6.09735
105055 6.26135
106548 6.42106
107295 6.5768
108784 6.72885
109525 6.87746
110270 7.02286
119956 1
121451 2
122196 3
123686 3
125176 3
125921 4
126665 4.25
137837 4.48529
138582 4.70824
139331 1
140822 2
149758 2
150503 3
160189 3.33333
161679 1
162424 2
172860 2.5
175090 2.9
184031 3.24483
186266 3.55301
195207 3.83446
196700 4.09525
198932 4.33944
209367 4.56988
210857 4.78871
211599 1
213833 1
223520 2
225010 3
236931 1
239170 2
240659 2.5
254812 2.9
256305 3.24483
268972 3.55301
270458 1
271207 2
281638 2.5
283127 2.9
293555 1
295045 2
306221 2.5
306966 1
315162 2
325594 2.5
327086 2.9
339750 1
341243 1
347945 2
354651 2.5
356141 2.9
362846 3.24483
365084 3.55301
369555 3.83446
370300 4.09525
371044 4.33944
371789 4.56988
372534 4.78871
373279 4.99753
374024 5.19763
374769 5.39003
375514 5.57555
376259 5.75491
377005 5.92867
377750 6.09735
378495 6.26135
379240 6.42106
379986 6.5768
