607 0
1607 0
2087 0
2807 0
3287 0
4007 0
4487 0
5087 0
5807 0
6407 0
6887 0
7607 0
8087 0
8686 0
9287 0
9887 0
10246 0
10967 0
11327 0
11684 0
12164 0
12767 0
13847 0
14327 0
14807 0
15407 0
15887 0
16246 0
16967 0
17447 0
18047 0
18527 0
19126 0
19607 0
19967 0
20447 0
21527 0
22007 0
22726 0
23327 0
23927 0
24407 0
25126 0
25724 0
26927 0
27287 0
27767 0
28246 0
28722 0
29447 0
29927 0
30642 0
31126 0
31847 0
32327 0
33407 0
34126 0
34607 0
35203 0
35567 0
36162 0
36642 0
37967 0
38447 0
39166 0
39642 0
40367 0
40847 0
43007 0
43367 0
44567 0
45047 0
45642 0
46246 0
46847 0
47327 0
47927 0
48646 0
49126 0
49847 0
