2683.32 2242.32
10131.9 7448.58
11623 8938.7
22799.9 12668
25035.1 13412
33970.8 8935.7
34720.8 9684.75
39932.2 5961.46
40676.3 5955.46
48127.9 8195.64
49621 9687.75
50367 9690.75
57813.6 9685.75
59302.7 9681.75
60047.8 10425.8
60796.9 10429.8
70479.6 12666
72713.8 13411
73458.8 13411
74207.9 13411
74953 14155.1
86129.8 15650.2
88360 15646.2
89105.1 15646.2
89850.1 15642.2
90600.2 15647.2
91344.2 16390.3
103266 13416
104006 14155.1
104751 14151.1
105500 14156.1
112948 9681.75
114441 10434.8
115187 10435.8
115931 11178.9
117421 11920.9
124869 11920.9
126358 11916.9
127108 11920.9
127853 11921.9
129342 13410
130086 12665
139769 11915.9
141263 11920.9
142007 12664
142753 12667
150945 11175.9
153183 11919.9
153928 11920.9
154674 11920.9
162866 11920.9
164360 13414
166594 13411
167339 13411
168085 13411
178512 15646.2
180752 16392.3
181497 17136.3
183730 17136.3
184477 17138.3
185223 17137.3
195653 17141.3
197142 16390.3
198633 13410
206826 11172.9
209064 11921.9
209804 12661
211300 12667
220982 14156.1
223216 14151.1
234391 13409
235886 14903.2
238122 14906.2
249293 13406
250787 12665
262704 13411
264198 13411
276115 13411
276860 14155.1
277609 13411
286545 10430.8
287291 10430.8
288036 11174.9
288785 11175.9
299211 12666
300706 13415
301452 13416
302197 13412
302942 14156.1
313368 14156.1
315608 13411
316348 13406
325288 11920.9
327524 11175.9
334976 9687.75
337213 9689.75
343917 8940.7
345409 10431.8
346900 9686.75
351365 7448.58
