2624 2000
4489.5 1865.5
4490.5 1
12220.5 7729.99
12221.5 1
12687.1 465.644
14921.3 2234.17
29079.4 14158.1
38765.2 9685.75
38766.2 1
46959.8 8193.64
48448.9 1489.12
57390.6 8941.7
57391.6 1
58879.7 1488.12
70056.6 11176.9
70801.7 745.058
70802.7 1
72290.8 1488.12
86447.9 14157.1
87192.9 745.058
101349 14156.1
101350 1
102838 1488.12
112525 9686.75
114014 1489.12
114760 746.058
114761 1
125191 10429.8
126680 1489.12
127426 746.058
128170 744.058
128171 1
138602 10430.8
140091 1489.12
140837 746.058
141581 744.058
142326 745.058
153504 11177.9
153505 1
154992 1487.12
155737 745.058
156482 745.058
166912 10429.8
166913 1
167660 747.058
168403 743.058
177343 8939.7
178088 745.058
178834 746.058
178835 1
179579 744.058
189264 9684.75
190009 745.058
190754 745.058
191500 746.058
191501 1
192245 744.058
203420 11174.9
204910 1490.12
207893 2983.23
207894 1
219811 11916.9
222046 2235.17
222795 748.058
223538 743.058
233969 10431.8
233970 1
235458 1488.12
236203 744.058
246633 10430.8
248869 2235.17
249614 745.058
258556 8942.7
260789 2233.17
261535 745.058
261536 1
272710 11174.9
275691 2980.23
276436 745.058
277181 745.058
277182 1
288357 11174.9
291337 2980.23
292827 1490.12
293575 748.058
294318 743.058
301770 7451.58
301771 1
304748 2977.23
306238 1490.12
306983 745.058
307729 746.058
315182 7452.58
321139 5957.46
321884 745.058
321885 1
324863 2978.23
329335 4471.35
330080 745.058
330825 745.058
333804 2979.23
