2500 2000
3745.44 1245.44
3746.44 1
10236.3 6489.88
10237.3 1
11197 959.702
13431.2 2234.17
24609.1 11177.9
28334.4 3725.29
28335.4 1
35034.9 6699.52
37272.1 2237.17
38020.1 748.058
38021.1 1
44720.6 6699.52
46960.8 2240.17
47702.9 742.058
49195 1492.12
56641.6 7446.58
56642.6 1
59621.8 2979.23
60368.9 747.058
61861 1492.12
69312.5 7451.58
70801.7 1489.12
70802.7 1
73036.8 2234.17
74527 1490.12
75270 743.058
82718.6 7448.58
84208.7 1490.12
85702.8 1494.12
85703.8 1
87192.9 1489.12
88681.1 1488.12
89429.1 748.058
97624.8 8195.64
104330 6705.52
105072 742.058
111777 6704.52
111778 1
115503 3725.29
116248 745.058
122208 5959.46
123701 1493.12
125934 2233.17
125935 1
127426 1491.12
134129 6702.52
135622 1493.12
137855 2233.17
150519 12664
152759 2240.17
152760 1
160205 7444.58
163187 2982.23
164679 1492.12
172871 8191.64
172872 1
176598 3726.29
178088 1490.12
186282 8193.64
187776 1494.12
187777 1
202673 14896.2
203418 745.058
204167 749.058
216829 12662
217579 750.058
228006 10426.8
228750 744.058
228751 1
241416 12665
242161 745.058
242910 749.058
242911 1
257063 14152.1
257812 749.058
271963 14151.1
272708 745.058
272709 1
282395 9685.75
283888 1493.12
284634 746.058
297300 12666
297301 1
304751 7449.58
305496 745.058
312942 7445.58
312943 1
313687 744.058
322627 8940.7
323372 745.058
323373 1
324117 744.058
332313 8195.64
333807 1494.12
334548 741.058
335297 749.058
335298 1
343491 8192.64
344983 1492.12
