4473.5 2
11922.1 3
13411.2 4
23843 5
24588.1 6
26077.2 1
26822.2 2
38748.2 3
40238.3 3.33333
41723.4 3.63333
43213.5 3.90856
52156.2 4.16441
53644.3 4.40454
55134.4 4.63158
64077.1 4.84749
65565.3 1
66311.3 2
68550.5 3
75998.1 3.33333
77486.2 3.63333
78976.3 3.90856
86428.9 4.16441
87917 4.40454
89407.1 4.63158
99842.9 4.84749
101328 5.05378
102074 5.25165
103563 1
111760 2
113254 3
113995 3
115484 3.33333
123681 3.63333
124426 3.90856
125915 4.16441
134112 4.40454
134857 4.63158
136346 4.84749
137841 5.05378
146778 5.25165
147523 5.44207
149012 5.62582
151252 1
152742 2
163169 3
163914 3.33333
164659 3.63333
173601 3.90856
175089 1
175835 1
186266 2
200423 2.5
201912 2.9
214579 3.24483
216812 1
225010 2
226498 2.5
236931 2.9
238419 3.24483
248852 3.55301
250340 3.83446
251830 4.09525
262263 1
263752 2
264497 3
265246 3.33333
274183 3.63333
274928 3.90856
275672 4.16441
285358 4.40454
286103 4.63158
286848 1
288343 2
300260 3
301009 1
313671 2
314416 2.5
326341 2.9
327826 3.24483
334534 3.55301
335281 3.83446
336026 4.09525
341240 4.33944
341985 4.56988
342727 4.78871
344217 4.99753
350180 5.19763
350925 5.39003
351668 5.57555
353158 5.75491
360611 5.92867
361356 6.09735
362101 6.26135
363588 6.42106
364334 6.5768
371044 6.72885
372534 6.87746
373279 7.02286
374024 7.16526
374769 7.30482
