2981.23 0
7451.58 0
8941.7 0
17137.3 0
18627.5 0
19372.5 0
20117.6 0
30548.4 0
32038.5 0
32783.6 0
33528.6 0
35018.7 0
44704.5 0
45449.5 0
46939.7 0
48429.8 0
55135.3 0
55880.4 0
57370.5 0
58860.6 0
64821.1 0
65566.1 0
66311.2 0
67801.3 0
69291.4 0
77487 0
78232.1 0
78977.2 0
79722.2 0
81212.3 0
83447.5 0
93133.3 0
93878.3 0
94623.4 0
95368.4 0
96113.5 0
96858.5 0
98348.7 0
106544 0
107289 0
108034 0
108779 0
109525 0
110270 0
111760 0
113250 0
120700 0
121445 0
122936 0
123681 0
125916 0
134111 0
134857 0
136347 0
137092 0
139327 0
148268 0
149013 0
150503 0
151248 0
162424 0
163914 0
164659 0
165404 0
175090 0
177325 0
178070 0
178815 0
189991 0
190736 0
191481 0
201167 0
201912 0
202657 0
203402 0
213833 0
214578 0
215323 0
216068 0
216813 0
228734 0
229479 0
230224 0
230969 0
239910 0
240655 0
241400 0
251086 0
251831 0
252576 0
253321 0
265987 0
266732 0
267477 0
280888 0
281633 0
282378 0
283123 0
294299 0
295044 0
295789 0
306220 0
