1935.27 49.7945
5659.56 20.0054
8642.79 22.2156
17584.5 12.4958
20564.7 12.499
32481.6 10.0027
33226.7 11.7684
42912.5 14.2857
43657.5 14.2857
44401.6 20.0018
54088.3 20
54837.4 19.9928
55582.4 19.9911
57067.6 23.5294
66754.3 23.5294
67499.4 23.5368
68248.4 23.5294
69733.5 23.5294
79424.3 13.3333
80909.4 17.654
81658.5 18.7437
89106.1 23.0865
90595.2 23.0769
92090.3 21.4265
93575.4 25.0084
101027 25
102516 25
104011 25
105496 25
106991 27.7674
115183 26.3158
116672 26.3158
118162 26.3251
119657 26.3065
121892 25.0017
129339 26.3158
130084 30
130833 31.5678
131578 33.3209
142751 17.6457
143495 22.2222
144239 22.2305
144989 22.2222
158396 19.0488
159146 10.5263
160631 14.2903
172554 11.1136
174043 11.1103
183729 13.3333
193415 7.69231
194903 13.3357
206825 11.1119
208314 11.1111
223221 9.08869
224706 12.5007
225452 13.0427
239609 13.6389
241843 13.0427
242588 16.6657
244077 16.0009
252275 23.5294
254509 23.5294
255254 23.5294
255998 25
256743 29.4118
263451 33.3333
265685 33.3333
266430 33.3333
267174 33.3333
267919 33.3333
269409 35.2941
276862 33.3333
279845 31.57
280586 31.5789
281330 31.5789
282075 31.5789
283565 31.5789
284314 34.9906
291763 35
294001 36.8421
294742 36.8421
295491 36.8291
296236 36.8291
305173 21.4286
305918 26.6667
306662 26.6786
307407 26.6786
318584 22.2222
319329 22.2222
320073 22.2222
320818 22.2222
322308 25
334975 22.7273
335720 22.7273
336464 22.7273
337209 22.7273
337959 23.8019
338705 27.2644
347641 35.2941
348386 35.2941
