2240.32 2240.32
9690.9 7450.58
11179 8937.7
22355.9 12665
23847 12668
34276.8 10429.8
42473.5 8196.64
43217.5 8939.7
54391.4 11917.9
55138.4 11920.9
66312.3 11920.9
67057.4 12665
67803.4 12665
81961.5 15649.2
82703.6 15646.2
83448.7 16390.3
98352.8 15649.2
99097.9 16393.3
99842.9 16394.3
111764 11920.9
112506 12662
121447 9682.75
122192 9685.75
132622 11175.9
134113 11920.9
134861 12668
147524 14901.2
149017 14904.2
149759 14898.2
151252 16390.3
161680 10427.8
162425 11171.9
172856 11175.9
174347 12666
175094 12669
185520 12664
186267 11919.9
187012 11917.9
188503 13408
199681 14161.1
201169 14902.2
201916 14904.2
202659 14156.1
203404 14900.2
212342 12661
213089 11919.9
213835 11918.9
214580 11920.9
215325 11920.9
223518 11175.9
224263 11919.9
225010 11920.9
225758 11922.9
226503 11922.9
227246 11920.9
236189 10430.8
236931 11171.9
237676 11172.9
239167 11920.9
247364 11175.9
248853 11921.9
249600 11923.9
251088 13411
251835 12668
260770 13406
261516 12663
262263 12663
270458 9687.75
271949 10433.8
272693 10430.8
281634 11175.9
283125 11175.9
283869 11918.9
284615 11921.9
296538 14904.2
298026 14901.2
298770 14901.2
299516 15646.2
300264 15648.2
311439 14901.2
312928 14901.2
324850 13411
326338 14897.2
327083 14155.1
336766 11915.9
339007 12669
339749 12666
340495 13411
350927 14161.1
352416 13409
353160 13411
353908 13413
355396 14900.2
362848 11920.9
364336 10427.8
365827 10430.8
369554 6705.52
371786 7450.58
373276 7449.58
374020 8192.64
