2984.38 24.9652
7454.73 16.6667
8942.85 25.0084
17139.5 15.3862
18628.6 20.0036
19376.7 21.4224
20121.7 26.6595
32785.7 11.1128
33532.8 11.1111
35019.9 15.003
49177 13.6364
49922 13.638
50669.1 14.283
51414.2 18.1785
61843 13.3357
62588 13.3357
72273.8 14.2857
73018.8 20
73762.9 20.0018
83449.7 20
84194.7 20
84938.8 20
85683.8 25
98350.8 20
99095.9 20
99839.9 20
100585 20
101330 23.8095
111762 27.7778
112507 27.7778
113252 27.7757
113996 27.7778
114744 27.7716
125918 26.3158
127407 28.5733
128153 16.6692
128897 21.0571
138586 23.5257
140073 23.5294
140819 23.5294
141563 23.5294
149760 26.6714
151249 26.6667
151995 31.2474
152739 31.2526
153484 31.25
161683 31.2448
163916 29.4094
164661 29.4118
165405 33.3358
166150 33.3333
166895 33.3333
175094 33.3333
177327 33.3333
178072 33.3333
178816 33.3333
179561 33.3333
180306 36.8421
181051 36.8421
189245 36.8551
191483 36.8421
192230 36.8369
192972 36.8421
193717 36.8421
194462 36.8421
195207 40
195952 40
203401 42.1053
204891 44.4544
205639 44.4511
206383 44.4444
207128 44.4444
207873 44.4444
208621 44.4345
209366 44.4345
210857 44.9909
216067 52.9412
219050 47.3584
219797 47.3617
220539 47.3684
222029 33.3423
226499 35.7109
228738 38.4536
229481 38.4695
230225 38.4615
230970 41.6667
236185 38.4615
239167 35.7211
239912 40.0072
240656 40.0036
241401 40
242891 37.5
248105 37.5
251830 35.3025
252578 35.2941
253323 38.8889
254070 38.8802
254815 38.8802
256305 38.8802
262261 36.8447
