3728.44 19.9831
9687.9 12.5021
11177 20.0054
20863.8 13.3333
22353.9 17.6471
23843 17.6471
24592.1 22.2156
34278.8 22.2156
36514 23.8034
39494.2 14.999
46199.7 18.75
47684.9 20.009
49180 23.0769
50665.1 26.6786
58861.7 23.5368
60350.9 23.5294
61846 23.5294
63331.1 23.5294
64080.1 27.7695
72272.8 27.7778
73017.8 29.4094
75252 27.7881
76747.1 27.7674
77491.2 27.7778
86428.9 26.3158
87173.9 30
88663.1 28.5733
89408.1 31.5789
90898.2 31.5901
91647.3 31.5789
102075 28.5714
102820 28.5714
104309 30.4366
105058 31.8104
105803 31.8104
107295 31.8085
108039 31.8182
117721 33.3333
119210 31.8201
120701 31.8182
122196 33.324
130387 23.5294
131876 26.3176
133367 26.3158
134117 27.7674
134862 29.4118
143057 29.4025
144542 29.4118
145288 31.2474
146033 31.2631
146783 31.25
148273 33.3333
156468 33.3333
157953 33.3333
160193 18.7516
161679 22.2305
168386 25.0063
169874 25
172859 23.5294
174350 23.5201
181797 22.2222
187013 11.7675
188503 15.7928
197447 14.283
201172 15.7861
203404 15
210113 17.6471
211598 21.0601
214583 22.2222
216815 22.2222
221286 26.6714
223520 24.9979
224265 29.4094
227249 29.4118
230228 27.7736
234697 27.7778
237680 26.3084
238425 26.3084
240657 27.784
242145 30.0101
245874 28.5714
250344 28.5714
253322 28.5787
254067 28.5787
256303 28.5714
257048 29.996
257791 33.3333
268223 21.0526
270459 21.0526
271204 21.0526
271949 21.0497
284615 11.1111
285360 15.7895
286849 15.002
296536 18.75
297281 18.75
298024 20
298769 25
309950 22.2173
310695 22.2173
