4473.5 16.6549
10433 12.5021
12667.1 18.1863
21608.8 13.3333
23097.9 17.6485
25338.1 17.6401
26828.2 21.0452
35763.9 21.0541
37255.1 23.8095
40239.3 16.6667
47684.9 18.75
49925 17.6415
51415.2 20
53645.3 22.2305
62591 13.3333
63336.1 18.75
66314.3 17.6429
73766.9 20
74508 20.0072
77490.2 20
79727.4 22.2189
86427.9 23.5387
87172.9 23.5313
99839.9 11.1103
100589 11.107
111765 12.4958
112510 17.6415
113254 17.6485
124427 17.6526
125172 17.6526
125917 17.6512
127411 21.0511
137093 23.5294
138586 22.2173
150504 11.1111
151997 14.997
153487 15
165405 15
166895 15.003
167640 15.7928
168389 19.9987
179561 12.5
180306 17.6471
181051 17.6526
192972 11.7647
193717 11.7647
207132 10.5233
208621 9.99799
209367 14.2821
219794 17.6526
220539 18.7547
221284 18.7563
222778 22.2239
230970 26.6667
232460 25
233205 25
234698 25
244381 22.2222
245874 24.995
247364 24.995
248109 24.995
249600 25
260028 23.808
262267 22.7259
263012 26.0854
263757 27.2711
264502 27.2711
265991 27.2727
273438 16.6741
274184 23.0865
275677 23.0769
277167 26.6667
284614 26.6667
286107 24.9937
287598 25
289088 25
298029 22.2156
299515 25
301009 25
302500 24.9983
303243 26.3176
312182 26.3214
314421 24.9933
315910 27.2677
321868 23.0769
322613 27.2827
323361 33.3333
330064 20
330809 20.0081
339005 16.6667
340497 21.4245
341240 21.4286
349438 21.4224
351674 19.9982
352419 24.9979
353163 24.9958
357634 36.3636
358379 44.4444
359124 44.4444
359869 44.4378
