111.759 0
340.425 1500
452.184 0
895.219 1500
1006.98 3000
1118.74 1500
1230.49 0
1901.05 1500
2012.81 0
2127.56 1500
2239.32 3000
2351.08 1500
2462.84 3000
2574.6 1500
2686.36 0
4028.46 1500
4140.22 0
4475.5 0
4587.26 1500
4699.01 0
8164.53 0
8941.85 1500
9053.6 0
9951.67 0
10287 0
11288.8 1500
11400.5 0
11627.1 0
12970.2 0
13191.7 1500
13303.4 0
13415.2 0
14865.1 0
15088.6 0
15204.3 0
16546.4 1500
16658.2 1500
16770 0
17887.5 1500
17999.3 3000
18111.1 1500
18222.8 0
19452.2 0
19899.2 1500
20011 0
21240.3 0
22356.9 1500
22468.6 0
23474.5 0
23694 0
24927.3 1500
25039.1 0
25261.6 0
26604.7 0
26940 0
28164.3 0
28499.6 1500
28611.4 0
29617.2 0
29957.5 3000
30069.2 1500
30181 0
31297.6 0
31745.6 0
31857.4 0
32078.9 0
33193.5 1500
33305.2 1500
33417 0
34869.9 0
34981.6 0
35093.4 0
36326.7 0
36549.2 1500
36661 1500
36772.8 0
37891.4 0
38222.6 0
39680.5 1500
39792.2 0
40013.8 0
41132.4 0
41468.6 0
42921.5 0
44258.6 1500
44370.4 0
45711.5 0
45826.2 0
47167.3 1500
47279.1 1500
47390.8 0
48843.7 0
49067.2 0
