3728.44 2
9687.9 3
11177 4
20863.8 5
21608.8 6
22353.9 1
23097.9 2
34274.8 3
35767.9 3.33333
36510 3.63333
37254.1 3.90856
50666.1 4.16441
51411.2 4.40454
52155.2 4.63158
62587 4.84749
63335.1 5.05378
64080.1 5.25165
64821.2 5.44207
75253 5.62582
75998.1 1
76742.1 2
77491.2 3
78977.3 3.33333
89412.1 3.33333
90157.2 3.63333
91643.3 3.90856
102078 4.16441
102820 1
104309 2
113249 3
113996 3.33333
123680 3.63333
124427 3.90856
125916 4.16441
135601 4.40454
136348 4.63158
137837 4.84749
138585 5.05378
149014 1
149759 2
151252 3
152738 3
153486 3.33333
166150 3.63333
167639 3.90856
169133 4.16441
177326 4.40454
178071 4.63158
179560 4.84749
181054 5.05378
189992 5.25165
190737 5.44207
192226 5.62582
193719 1
195210 2
204893 3
205638 3.33333
207127 3.33333
219052 3.63333
219797 3.90856
221283 4.16441
230973 4.40454
231715 4.63158
232459 4.84749
233204 5.05378
243634 5.25165
244381 1
245125 2
245874 3
247360 3.33333
254810 3.63333
255557 3.90856
256301 4.16441
265241 4.40454
265988 4.63158
266732 4.84749
268222 5.05378
279397 5.25165
280144 5.44207
280888 1
282382 2
283126 3
295788 1
296535 2
298028 2.5
308459 2.9
310694 3.24483
317397 3.55301
318886 3.83446
320380 4.09525
326338 4.33944
327828 4.56988
329317 4.78871
330811 4.99753
335281 5.19763
338261 5.39003
339751 5.57555
341242 5.75491
344220 5.92867
344965 6.09735
