3424.38 25.2102
10877 9.99732
12365.1 16.6667
23544.9 11.7628
26525.2 10.5233
34715.8 13.3393
35464.9 16.6685
36208.9 23.0817
44401.6 23.0769
45150.6 23.0769
45894.7 23.0769
46639.7 28.5714
57067.6 23.5294
57816.6 23.5294
58560.7 23.5294
59305.7 23.5294
69733.5 23.5294
70478.6 27.7778
71226.7 27.7798
71971.7 27.7778
72716.8 27.7778
84638.7 24.9933
85383.8 24.9933
86129.8 28.5623
86872.9 28.5714
99539.9 15.7895
100285 20
101031 20
112951 11.7647
113696 11.7656
115185 15.7917
125617 17.6471
126362 17.6471
127851 17.6471
137539 18.7484
138284 23.5276
139027 23.5313
139772 25
149460 25
150204 25.0021
150948 29.4164
151693 29.4118
153183 27.7778
162121 29.4234
162866 29.4211
163614 29.4118
164359 29.4118
165849 31.5789
167339 31.5789
175536 33.3234
176277 33.3333
177027 33.3284
177772 33.3284
179260 33.3333
180003 36.8473
188202 26.6691
188943 26.6786
190436 26.6667
191179 26.6667
201613 22.2222
202354 22.2222
203849 22.2189
204590 26.3195
205337 26.3121
218745 15.005
219491 15
220236 15.002
233650 14.996
235139 14.2839
247061 11.1111
256747 7.69231
257489 14.2898
268668 12.5
270157 11.7628
283569 10
284311 14.2885
285058 15
299216 14.2848
299957 14.2857
300703 18.1818
301452 18.1796
314114 11.1111
314859 11.1144
316351 15.002
324544 21.4286
326037 19.9964
327527 20
335719 20.0018
336465 25
337957 25
340191 23.5331
349880 21.0452
350621 21.0526
351370 24.9933
352859 25
354349 26.3121
360306 25.014
361799 25
362542 27.2794
367012 33.3333
