2683.32 33.2271
10131.9 10.0027
11623 16.6685
22794.9 11.7675
25033.1 11.1119
33970.8 13.3333
42911.5 8.33333
43656.5 15.3846
54832.4 12.5
56322.5 11.7647
66008.3 13.3333
67502.4 17.6415
68992.5 17.6415
79424.3 16.6605
80913.4 16.6667
81659.5 21.0511
83148.6 21.0526
92830.3 22.2305
94324.5 22.2222
95070.5 22.2222
96559.6 22.2222
98049.8 25
106246 27.7674
107736 27.7778
108477 27.7881
109971 27.7778
111457 27.7861
112202 31.5879
117418 40.0143
118909 40.0072
119652 40
121147 40
123383 37.4843
124128 37.4843
124872 41.1635
130084 41.1765
132320 38.8889
133063 38.8889
134558 38.8889
135304 43.75
136048 43.7537
136794 43.7463
142751 41.1732
143495 44.4444
145731 44.4444
147224 42.0934
148714 42.1053
156162 23.5276
156907 27.7757
158400 29.4048
159891 29.4094
161380 29.4118
170321 26.3102
172554 17.6512
174046 17.6471
182238 18.7563
185220 17.6471
185963 18.7563
186712 23.5294
194160 24.9979
197886 23.5294
198629 23.5294
199374 23.5368
200123 27.7778
209060 25.0017
213532 23.8095
215024 22.7217
215765 22.7273
216514 22.7273
223963 24.9983
224707 28.5714
228433 30
229926 29.998
230671 29.9899
231415 30
243334 16.6704
244079 16.6704
244822 21.0601
245572 21.0511
253765 16.6629
254510 23.0722
255257 23.0793
264939 20.0036
265686 20
266431 20.0036
267178 25
278355 22.2139
279844 21.0497
280587 21.0526
281334 21.0526
282079 25
293996 23.8171
295490 23.8095
296235 23.8065
296980 23.8095
297725 23.8095
309647 23.8019
310392 27.2644
311137 28.5696
311882 28.5696
