3745.44 2
11197 2
13431.2 2.5
24606.1 2.9
28334.4 3.24483
35779.9 3.55301
36527 3.83446
37272.1 4.09525
43975.6 4.33944
45469.7 4.56988
46215.7 4.78871
46959.8 4.99753
55151.4 5.19763
56645.6 5.39003
57390.6 5.57555
58135.7 5.75491
67074.4 1
68567.5 2
69309.5 2
70057.6 2
70802.7 3
79743.4 3.33333
80485.4 3.63333
81977.5 3.90856
88684.1 4.16441
90173.2 4.40454
91663.3 4.63158
98364.8 4.84749
99858.9 5.05378
100602 5.25165
102094 5.44207
111781 5.62582
113270 5.80357
114013 5.97588
114758 6.14322
116250 1
126682 2
128172 3
129662 4
130404 4
131151 4.25
143813 4.48529
144560 4.70824
145307 4.92064
146798 5.12386
157229 5.31903
157971 5.50703
158717 5.68862
160209 5.86441
161699 6.03493
170640 6.20063
172130 6.36191
172873 6.51909
173620 6.67249
175110 6.82236
176600 6.96893
186282 7.11243
187776 7.25303
188521 7.3909
189266 7.5262
190011 1
191502 2
199698 3
201188 4
202677 4.25
203420 4.48529
204167 4.70824
215339 1
216834 2
217576 3
218321 3.33333
228752 3.63333
229497 3.90856
230242 4.16441
241421 4.40454
242910 4.63158
243653 4.84749
244398 5.05378
256317 5.25165
257811 5.44207
259301 5.62582
260044 5.80357
260791 5.97588
268238 6.14322
269732 1
271223 2
271965 2
272713 3
280904 4
282394 4
283888 4.25
293570 4.48529
295060 4.70824
296554 4.92064
298044 5.12386
309221 5.31903
311456 5.50703
313692 5.68862
315182 5.86441
315924 6.03493
