4473.5 4473.5
11922.1 7448.58
13411.2 8937.7
23843 11920.9
24588.1 12666
26077.2 12666
26822.2 13411
38748.2 14905.2
40233.3 16390.3
41723.4 17135.3
43213.5 18625.5
43959.6 17882.4
45453.7 19376.5
46943.8 20121.6
49178 22355.7
52901.3 14153.1
54389.4 14156.1
55879.5 14156.1
64821.2 11919.9
66315.3 13414
67060.4 12671
67805.4 11925.9
76742.1 9681.75
77487.2 9681.75
89408.1 12666
90153.2 13411
91642.3 14155.1
105799 16391.3
106544 16391.3
107290 17136.3
108039 16396.3
123685 16395.3
124426 16387.3
125915 17876.4
137837 14152.1
138582 14156.1
149758 11920.9
150503 11920.9
163169 13411
163914 13411
165403 14900.2
173600 10430.8
174345 10430.8
175834 10430.8
176583 11179.9
186266 12666
187011 12666
188500 12666
189245 12662
201912 15646.2
202657 16391.3
203401 16390.3
204151 15651.2
204896 15651.2
214582 12670
215323 11171.9
216067 11170.9
225754 11171.9
226499 11175.9
227248 11180.9
238421 11921.9
239165 11916.9
249597 11175.9
250341 11175.9
251830 12665
262262 12665
263007 12666
264496 12666
265245 13415
277163 14901.2
277908 14901.2
279397 14901.2
280142 14897.2
295044 17881.4
295789 18626.5
296534 18626.5
297278 17881.4
298023 17881.4
309204 14160.1
310694 14905.2
311435 15646.2
320376 9681.75
321121 10426.8
322610 11174.9
324105 12670
333042 12666
333787 12666
334531 11920.9
336021 11915.9
346457 13415
347202 14160.1
347942 14155.1
349432 14901.2
350177 14156.1
357629 11171.9
358374 11171.9
359119 11916.9
360613 12671
361356 11923.9
362103 11925.9
