2071 0
4472 0
5495 0
6870 0
7896 0
8920 0
9944 0
10968 0
11992 0
13016 0
14040 0
15064 0
16088 0
17112 0
18136 0
19160 0
20184 0
21208 0
22232 0
23254 0
24280 0
25304 0
26327 0
27352 0
28376 0
29400 0
30424 0
31448 0
32472 0
33496 0
34520 0
35544 0
36568 0
37592 0
38616 0
39640 0
40664 0
41688 0
42712 0
43735 0
44760 0
45784 0
46808 0
47832 0
48856 0
49880 0
50904 0
51928 0
52952 0
53976 0
55000 0
56024 0
57048 0
58072 0
59096 0
60120 0
61144 0
62168 0
63192 0
64216 0
65240 0
66264 0
67288 0
68312 0
69336 0
70360 0
71384 0
72408 0
73432 0
74456 0
75480 0
76504 0
77528 0
78552 0
79576 0
80600 0
81624 0
82648 0
83672 0
84696 0
85720 0
86744 0
87768 0
88792 0
89816 0
90840 0
91864 0
92888 0
93912 0
94936 0
95960 0
96984 0
98008 0
99032 0
