3424.38 2955.38
10877 7452.58
12365.1 8939.7
23544.9 12668
26524.2 14159.1
34715.8 11170.9
36955 10430.8
37700.1 11174.9
44401.6 9685.75
47385.8 10430.8
48130.9 10430.8
48874.9 11173.9
57072.6 12671
60051.8 12666
60796.9 12666
61540.9 12666
69733.5 12661
70478.6 13405
73462.8 13411
74207.9 13411
74952 13411
83889.7 14156.1
85382.8 14904.2
86874.9 16395.3
89854.1 16391.3
90599.2 16391.3
91344.2 16392.3
98047.8 14158.1
103265 12666
104010 12666
104754 13409
112204 14156.1
117421 14156.1
118167 14157.1
118910 14156.1
123380 11175.9
128597 11175.9
129342 11919.9
130087 11919.9
130831 11920.9
136791 13411
142009 13412
143499 14157.1
144243 14900.2
144988 14901.2
152439 8939.7
153928 9684.75
154674 10429.8
155418 10429.8
162870 10430.8
164359 10430.8
165105 10430.8
165849 10430.8
166594 11174.9
175536 12666
177025 12666
177771 12666
178515 12666
179260 12666
180005 13410
191928 16392.3
193416 16391.3
194161 16390.3
194908 16393.3
195653 16393.3
196398 16393.3
206079 14151.1
207572 15643.2
208318 11919.9
209062 12663
216515 10435.8
218003 10430.8
218748 10429.8
219494 10431.8
227691 11175.9
229179 12663
230669 11174.9
241097 13406
242590 13411
244826 14157.1
255253 14156.1
255998 14900.2
256748 14158.1
267924 11925.9
268664 12665
269412 12664
278355 10430.8
279095 10430.8
279843 10430.8
281333 11919.9
290271 11915.9
291016 11920.9
291764 11920.9
294000 12667
294745 13411
303687 13416
304432 13416
307411 12666
317838 14151.1
318588 14156.1
