673.701 2
1566.77 3
1905.05 4
3354.91 5
3689.19 1
4247.98 2
6819.43 1
9278.12 2
10060.4 2.5
10284 2.9
11401.5 3.24483
11739.8 3.55301
12966.2 3.83446
13192.7 4.09525
13528 4.33944
14977.8 4.56988
15089.6 4.78871
15201.3 1
15316.1 2
16989.5 3
17216 3.33333
18446.3 3.63333
18668.9 3.90856
18892.4 4.16441
19897.2 4.40454
20121.7 4.63158
20345.2 4.84749
20454 5.05378
21461.8 5.25165
21686.3 5.44207
21909.9 5.62582
22133.4 5.80357
22356.9 5.97588
23361.7 6.14322
23471.5 6.306
23583.2 6.46458
23809.8 6.61927
24033.3 6.77034
25149.9 6.91805
25374.4 1
25487.1 2
25598.9 3
25822.4 4
27386 4.25
27498.8 1
27609.6 2
28614.4 3
28835.9 3.33333
29732 3.63333
29956.5 3.90856
30180 4.16441
31296.6 4.40454
31629.9 4.63158
31741.6 4.84749
31853.4 5.05378
33196.5 1
33533.8 2
33757.3 3
33976.8 3.33333
35210.1 3.63333
35432.7 1
35545.4 2
36549.2 2.5
36659 2.9
37666.8 3.24483
37891.4 3.55301
39119.7 3.83446
39341.2 4.09525
39453 4.33944
41021.6 1
41352.9 2
41580.4 3
43141 1
43368.5 2
44705.6 2.5
44817.4 1
46160.5 2
47615.4 1
47838.9 2
48840.7 2.5
49064.2 2.9
49734.8 3.24483
