451.184 2
1121.74 3
1343.25 4
2573.6 5
2796.12 6
3019.63 7
3131.39 8
5480.33 1
5929.36 2
6152.88 3
8944.85 4
9058.6 4.25
9166.36 4.48529
9724.16 4.70824
9837.92 4.92064
9948.67 5.12386
10172.2 5.31903
11067.3 5.50703
11180 5.68862
11289.8 5.86441
11513.3 6.03493
11628.1 6.20063
12631.9 6.36191
12744.6 6.51909
12854.4 6.67249
13077.9 1
13305.4 2
13416.2 3
14644.5 4
14866.1 4.25
16658.2 4.48529
16768 4.70824
16877.7 4.92064
17101.2 5.12386
18109.1 1
18220.8 2
18334.6 3
18554.1 3.33333
19785.4 3.63333
20007 3.90856
20234.5 4.16441
21350.1 4.40454
21571.6 1
22022.6 2
23250 3
23698 3.33333
25038.1 3.63333
25259.6 1
25710.7 2
27051.8 2.5
27271.3 2.9
28502.6 3.24483
28724.1 3.55301
29620.2 3.83446
29843.7 4.09525
30065.2 1
31408.3 2
31521.1 3
33308.2 1
33645.5 2
35098.4 2.5
35317.9 1
36437.5 2
37555.1 2.5
37776.6 2.9
39007.9 3.24483
39229.5 3.55301
40909.8 1
41133.4 2
42916.5 2.5
43028.3 2.9
44484.1 3.24483
44595.9 1
46048.7 2
47498.6 2.5
47727.1 2.9
48621.2 3.24483
48727.9 3.55301
49510.3 3.83446
49622 4.09525
49846.5 4.33944
