3728.44 3728.44
9687.9 5959.46
11177 7448.58
20863.8 11175.9
22353.9 12666
23843 12666
24592.1 13415
34278.8 13415
36514 15650.2
39494.2 14902.2
47685.9 11171.9
49180 9685.75
57371.6 9685.75
58860.7 9680.75
60354.9 11174.9
70037.6 12666
71526.7 12666
73765.9 13411
75252 14897.2
84942.8 14905.2
86427.9 14901.2
88667.1 14901.2
89412.1 14160.1
96114.6 11171.9
97607.8 12665
98352.8 11924.9
100584 11916.9
101333 11920.9
110271 14156.1
112509 14901.2
113254 15646.2
114745 16392.3
116235 15651.2
116980 15647.2
125917 15646.2
128156 11920.9
128901 12666
130391 13411
139331 13414
141562 11170.9
151250 11918.9
152738 13407
154232 12670
165409 14159.1
166899 14161.1
169133 14901.2
170619 16387.3
181799 12666
182544 13411
183285 12666
194465 12666
195210 11924.9
207873 13408
208622 13412
222778 14904.2
223520 14897.2
225009 16386.3
236186 13408
236931 13411
246616 10430.8
247361 10430.8
258540 11923.9
259282 11920.9
260771 13410
273438 14898.2
274184 14901.2
275678 14906.2
276421 15649.2
289833 14155.1
290577 14899.2
292064 15643.2
303245 13412
303988 13411
305475 13411
306223 14159.1
315907 12662
316652 12664
318146 12671
319636 13413
320379 14156.1
330810 14903.2
333792 14156.1
334537 14158.1
343478 12668
344963 10425.8
352418 8939.7
353161 8197.64
358378 5960.46
359123 6705.52
360609 7448.58
364339 5960.46
365084 5960.46
366570 7446.58
367319 6709.52
369554 5215.41
371040 5956.46
372535 5965.46
373279 5960.46
374024 6705.52
376259 6705.52
