4473.5 4473.5
10433 5959.46
12667.1 8193.64
21608.8 11175.9
23097.9 12665
25338.1 12671
26828.2 14161.1
35768.9 14160.1
37258.1 15649.2
40239.3 13411
46940.8 11171.9
48433.9 11175.9
56626.6 9685.75
58116.7 9682.75
68547.5 11920.9
70782.7 12666
72275.8 14159.1
82707.6 14160.1
85687.8 14905.2
87172.9 14897.2
87918 15642.2
95369.6 12662
96862.7 11174.9
99093.9 11920.9
99838.9 11920.9
109527 14157.1
111019 15649.2
111765 14902.2
114000 14906.2
115490 15651.2
125173 15646.2
126662 15643.2
127410 16391.3
137839 12666
140073 14900.2
149760 11920.9
151994 11920.9
163171 13411
166150 14156.1
167643 15649.2
180307 14157.1
181051 13408
192228 11920.9
192972 11920.9
193717 12666
206383 13411
207128 13411
221288 14905.2
233209 11920.9
233951 12663
243636 10426.8
244382 10430.8
254816 11179.9
255558 11921.9
256303 11920.9
268223 13407
269716 14158.1
270459 14901.2
271951 15648.2
282383 14160.1
283870 14154.1
284615 14156.1
286107 14156.1
287598 15646.2
294300 11916.9
296536 12666
297281 12666
298026 11918.9
299518 11920.9
301010 13412
308455 14155.1
310692 14156.1
312184 14903.2
312928 14901.2
323358 12666
325594 13409
326339 14154.1
327084 14156.1
337514 14156.1
340495 13411
341240 14156.1
347948 10433.8
350925 10430.8
353904 5955.46
356886 5960.46
359864 5960.46
362849 5963.46
363594 6708.52
365829 5964.46
368065 5215.41
368805 5210.41
370299 6704.52
371789 5960.46
374770 6705.52
375515 6710.52
377005 6705.52
377751 5961.46
378496 6706.52
379241 4470.35
379986 4470.35
