1495.27 2
5216.56 2
5964.61 2.5
14160.3 2
15650.4 2.5
27573.3 2.9
29061.4 3.24483
40979.3 3.55301
42472.5 3.83446
43219.5 4.09525
51414.2 4.33944
52155.2 4.56988
52900.3 4.78871
54393.4 4.99753
63336.1 5.19763
64824.2 5.39003
65569.3 5.57555
67059.4 5.75491
76002.1 5.92867
77490.2 6.09735
78237.2 6.26135
78980.3 6.42106
79725.4 6.5768
89413.1 6.72885
90901.2 6.87746
91643.3 1
92391.3 2
93138.4 3
93883.5 4
101329 4.25
102822 4.48529
103569 4.70824
104312 4.92064
112509 5.12386
114743 5.31903
115490 5.50703
116233 1
125175 2
125921 3
126666 3.33333
127409 3.63333
135606 3.90856
136347 4.16441
137095 4.40454
146033 4.63158
146778 4.84749
147526 5.05378
148271 5.25165
159444 5.44207
160189 5.62582
160934 5.80357
161682 5.97588
162427 6.14322
173604 6.306
175090 6.46458
175835 6.61927
176583 6.77034
177328 6.91805
178073 7.0626
188505 7.20419
190741 7.343
191486 7.47918
192229 1
193721 2
194466 3
202661 4
203402 4.25
213837 4.48529
214578 4.70824
215323 4.92064
216071 5.12386
226503 1
227994 2
228734 3
230227 3.33333
240655 3.63333
241400 3.90856
242148 4.16441
251836 4.40454
252581 4.63158
253324 4.84749
254069 5.05378
265242 5.25165
265987 5.44207
266735 5.62582
267480 5.80357
268970 5.97588
277163 6.14322
277908 6.306
278656 6.46458
279401 6.61927
280146 6.77034
289829 6.91805
290574 7.0626
291324 1
292069 2
292814 3
