2984.38 2
7454.73 3
8942.85 4
17139.5 2
18628.6 2.5
19377.7 2.9
20122.7 3.24483
32785.7 3.55301
33533.8 3.83446
35019.9 1
43217.5 2
43961.6 2.5
51412.2 2.9
52157.2 3.24483
61843 3.55301
62588 1
63332.1 2
75999.1 2.5
76744.1 2.9
90900.2 3.24483
91645.3 3.55301
107295 3.83446
108037 1
108781 2
122193 2.5
122938 2.9
131878 3.24483
132623 3.55301
143799 3.83446
144544 4.09525
145288 1
157955 2
158701 3
159446 1
173602 2
174347 2.5
185523 2.9
187012 3.24483
197445 3.55301
199679 1
200424 2
210856 2.5
213093 1
221286 2
231717 1
233207 2
245873 2.5
246617 2.9
262265 3.24483
263012 3.55301
275676 3.83446
276421 4.09525
277166 4.33944
285361 4.56988
286850 4.78871
287599 4.99753
288344 5.19763
297281 5.39003
298029 5.57555
298774 5.75491
299515 5.92867
301006 6.09735
307712 6.26135
308457 6.42106
309201 6.5768
309946 6.72885
311436 6.87746
312927 1
318888 2
319633 3
320378 4
321126 4.25
322616 4.48529
331554 4.70824
332299 4.92064
333044 5.12386
334533 5.31903
342730 5.50703
344219 5.68862
344968 5.86441
345713 6.03493
347199 6.20063
354654 6.36191
355399 6.51909
356140 6.67249
356885 6.82236
358375 6.96893
359119 7.11243
364340 7.25303
365085 7.3909
365826 7.5262
366571 7.65907
368061 7.78963
368805 7.91801
369551 8.0443
372530 8.16862
373275 8.29104
374025 8.41165
374770 8.53053
376260 8.64776
