3728.44 2
9687.9 3
11177 4
20863.8 5
22353.9 2
23847 3
24593.1 3.33333
34274.8 3.63333
35763.9 3.90856
38004.1 4.16441
43960.6 4.40454
46195.7 4.63158
46940.8 4.84749
48429.9 5.05378
55136.4 5.25165
57371.6 5.44207
58116.7 5.62582
59605.8 5.80357
60354.9 5.97588
69292.5 6.14322
71526.7 1
73766.9 2
74511 3
85682.8 4
87918 4.25
95371.6 4.48529
97604.8 4.70824
99093.9 4.92064
100584 1
107293 2
109530 3
111015 3.33333
120702 3.63333
122191 3.90856
122937 4.16441
131877 4.40454
133367 4.63158
134113 4.84749
135602 5.05378
146034 5.25165
147523 5.44207
148269 5.62582
149013 5.80357
149758 5.97588
162429 6.14322
163914 6.306
164659 1
165404 2
166154 3
175091 4
177325 4.25
185522 4.48529
187011 4.70824
187757 4.92064
188501 5.12386
199682 5.31903
201167 5.50703
201913 5.68862
202658 1
204152 2
213835 3
215323 3.33333
216813 3.63333
227991 3.90856
229484 4.16441
230969 4.40454
242892 1
244382 2
245875 3
246620 3.33333
260027 3.63333
260772 3.90856
261517 4.16441
273438 4.40454
274188 4.63158
274933 4.84749
276418 5.05378
286108 5.25165
286850 5.44207
287594 1
289089 2
289833 3
298025 3.33333
298770 3.63333
300260 3.90856
308456 4.16441
309201 4.40454
310690 4.63158
321126 4.84749
321867 5.05378
323356 5.25165
324101 5.44207
334533 5.62582
335278 5.80357
336772 5.97588
337517 6.14322
338263 6.306
