561.943 561.943
1455.01 893.07
1677.53 1115.59
3243.15 1788.14
3470.67 2015.66
3581.43 1903.9
3800.95 2123.42
6264.64 2683.21
6488.15 2687.21
7825.26 1337.1
7937.02 1448.86
8942.85 1117.59
9165.36 1228.35
10507.5 1564.62
10842.7 1677.38
10954.5 1789.14
12630.9 2123.42
12970.2 2127.42
13081.9 2127.42
13300.4 2345.93
14754.3 2123.42
14981.8 2011.66
15093.6 2011.66
15312.1 2011.66
16542.4 1448.86
16765 1452.86
16880.7 1568.62
17999.3 1456.86
18217.8 1452.86
18329.6 1448.86
19563.9 1564.62
19782.4 1783.14
21012.8 1448.86
21235.3 1671.38
21351.1 1568.62
23024.4 2011.66
23252 2016.66
23362.7 2011.66
23474.5 2123.42
25262.6 1899.9
25374.4 2011.66
25486.1 2011.66
26715.5 1452.86
26935 1560.62
28053.6 1338.1
28168.3 1233.35
29286.9 1233.35
29398.7 1230.35
29505.4 1337.1
30735.8 1448.86
30847.6 1342.1
32527.9 1792.14
32635.7 1788.14
34091.6 1563.62
34203.3 1675.38
34422.8 1787.14
35653.2 1561.62
35767.9 1564.62
35987.5 1784.14
36102.2 1679.38
37332.6 1679.38
37444.3 1676.38
37663.8 1676.38
37778.6 1676.38
37892.4 1790.14
39453 2120.42
39567.7 2123.42
39787.2 2123.42
39902 2123.42
40015.8 2123.42
40127.5 2235.17
41245.1 1792.14
41463.6 1895.9
41692.1 1904.9
41801.9 1899.9
41915.7 1899.9
42027.4 1899.9
42139.2 2011.66
42920.5 1675.38
43251.8 1224.35
43366.5 1227.35
44261.6 1341.1
44481.1 1560.62
44709.6 1457.86
44819.4 1452.86
45939 1677.38
46157.5 1676.38
46386 1676.38
46495.8 1786.14
46721.3 1901.9
47946.6 2007.66
48169.2 2011.66
48397.7 2011.66
49287.7 1341.1
49511.3 1342.1
