2252.17 0
6722.52 0
9702.75 0
17153.3 1
18643.5 1
19388.5 1
21623.7 1
30564.4 2
33544.6 2
34289.7 2
41740.3 2
42485.3 2
52171.1 2
52916.1 2
54406.2 2
64092 2
64837.1 2
66327.2 2
67817.3 2
78248.1 2
79738.2 2
80483.3 2
90169 2
91659.1 2
93149.3 2
94639.4 2
107305 2
108795 2
109541 2
124442 2
125932 2
127422 2
128912 2
137108 2
140088 2
147538 2
150519 2
152754 2
160204 2
162440 2
164675 2
169890 2
171380 2
172870 2
175851 2
181811 2
183301 2
184046 2
185536 2
195967 2
196712 2
198202 2
207888 2
208633 2
209378 2
210123 2
220554 2
221299 2
222044 2
222789 2
224279 2
234710 2
235455 2
236200 2
236945 2
238436 2
239181 2
250357 2
251102 2
251847 2
252592 2
263768 2
264513 2
265258 2
266003 2
276434 2
277179 2
277924 2
278669 2
280159 2
291335 2
292080 2
292825 2
293570 2
295060 2
295805 2
305491 2
306236 2
306981 2
307726 2
309216 2
309961 2
321137 2
322627 2
323372 2
324117 2
324862 2
332313 2
333058 2
333803 2
334548 2
344234 2
344979 2
