3742.29 0
8212.64 0
11192.9 0
13428 0
22368.7 1
23858.9 1
24603.9 1
28329.2 1
35779.8 1
38015 1
38760 1
45465.5 1
48445.8 1
49190.8 1
50680.9 1
59621.6 1
60366.7 1
61856.8 1
73032.7 1
73777.7 1
75267.9 1
76012.9 1
87188.8 1
87933.9 1
89424 1
90169 1
90914.1 1
99854.8 1
101345 1
102090 1
111031 1
112521 1
113266 1
121461 1
123697 1
124442 1
134873 1
135618 1
136363 1
147538 1
148284 1
149029 1
149774 1
160204 1
161695 1
162440 1
163185 1
163930 1
173616 1
175106 1
175851 1
184791 1
187027 1
195222 1
198202 1
206398 1
210123 1
210868 1
220554 1
225025 1
225770 1
226515 1
235455 1
239181 1
248121 1
252592 1
253337 1
263022 1
266748 1
268238 1
275688 1
277179 1
280159 1
280904 1
287609 1
289100 1
289845 1
292825 1
293570 1
300275 1
302511 1
303256 1
312196 1
315177 1
315922 1
324862 1
327097 1
328588 1
339018 1
339763 1
341254 1
350194 1
351684 1
358390 1
360625 1
367331 1
368076 1
370311 1
374781 1
375526 1
376271 1
377016 1
381487 1
