3728.44 19.9831
9687.9 12.5021
11177 20.0054
20863.8 13.3333
21608.8 18.75
22353.9 19.9982
23097.9 25
34274.8 22.2222
35763.9 25.0017
36510 25
37254.1 28.5733
37999.1 28.5733
39489.2 30.4366
40983.3 29.1601
42473.5 30.7629
52156.2 33.3333
54391.4 31.9983
55136.4 32
55880.5 32
56625.6 32
67802.4 22.2222
68547.5 26.3158
69291.5 26.3176
70036.6 26.3158
70785.7 26.3084
83448.7 23.8095
84193.7 23.8095
84937.8 15.7939
98349.8 15
99094.9 15
99838.9 15
113254 14.997
113996 15
114740 19.0488
115485 19.0476
128152 20.004
128897 20
140818 11.7647
141563 16.6667
143052 15.7906
155719 15
156464 15
157957 14.996
158702 19.044
173601 9.52564
174346 13.6389
175090 13.6389
187012 16.6667
187759 16.6642
188501 16.6667
189995 19.9946
199678 23.5294
200425 14.2871
201912 18.7563
212344 17.6471
213091 17.6471
214582 17.6415
226500 15.7895
227993 11.1111
239913 11.1095
241400 11.1144
252577 11.7666
253324 16.6667
254811 16.6667
264498 18.75
265987 17.6512
267481 21.0511
268967 21.0526
280147 19.044
280891 19.996
282382 20
283868 20
284617 23.8034
294300 18.7547
295047 19.9946
295792 20.0018
304733 15.3846
305478 15.3846
312181 20.0054
312929 20
319634 19.9946
320379 27.2661
321121 27.2827
330065 21.4286
330810 21.4286
331555 26.6667
332301 26.6571
342731 13.3333
343476 18.75
344218 18.7563
356142 16.6667
356887 16.6667
357632 16.6629
358378 21.0467
362847 28.5714
363592 37.5
364335 37.5252
368808 37.5
369553 37.5
370298 37.4811
