2984.38 24.9652
7454.73 16.6667
8942.85 25.0084
17139.5 15.3862
18628.6 20.0036
19376.7 21.4224
20121.7 26.6595
32785.7 11.1128
33532.8 11.1111
35019.9 15.003
50667.1 12.5
51412.2 12.5014
52901.3 12.5
53649.3 15.9974
64823.2 21.0526
65568.3 21.0526
66312.3 22.2222
67057.4 22.2272
79724.4 20
80469.4 23.8095
81213.5 23.811
81958.5 23.8095
82703.6 23.8095
93880.5 26.3158
94625.5 26.3158
95369.6 30.002
96114.6 30
96859.7 30
97604.8 30
108037 31.5789
108782 31.5789
109526 31.5789
110271 35
111016 35
111764 34.993
112509 34.993
125173 30.4348
125918 30.4348
126663 30.433
127407 20.004
137094 25
138586 23.5257
139329 23.5294
140074 23.5276
153485 10.5263
154230 15
154975 15
171367 8.69565
172112 8.69565
183287 12.5
184032 12.5
185522 16.6679
195208 18.75
195953 18.75
197446 18.7453
198190 23.5257
207876 23.5257
210110 12.501
210856 17.6471
221285 16.6692
223521 16.6667
224266 16.6679
233951 17.6471
236933 16.6654
237677 21.0526
239169 19.9973
247362 22.2222
251090 21.0511
260770 11.1136
261519 15.7895
263008 18.7547
275672 15
276420 15
277909 15
278656 19.0452
290578 19.9933
291321 20
292810 20
301009 15.3814
301754 16.6611
302499 23.0698
309204 20
309944 20.0134
315160 25.021
315905 25
317397 29.9919
323355 27.2727
324845 25
326338 25
327085 30.7629
334531 26.6667
336768 24.9958
338259 25
339006 25
346453 24.9979
347947 27.7674
349437 29.4048
350927 29.4048
351673 29.4094
359119 29.4118
