673.701 673.701
1566.77 893.07
1905.05 1231.35
3354.91 1788.14
3689.19 2122.42
4139.22 2234.17
4250.98 2345.93
6599.91 3245
6931.19 3576.28
7270.47 3581.28
7493.98 3804.8
7941.02 3801.8
8052.78 3913.55
8164.53 3913.55
8276.29 4025.31
9054.6 2454.69
9948.67 894.07
11289.8 1341.1
11516.3 1567.62
12746.6 1456.86
12966.2 1676.38
13077.9 1561.62
13192.7 1676.38
14308.3 1561.62
14533.8 1787.14
14758.3 1792.14
14866.1 1788.14
14977.8 1785.14
16096.4 1788.14
16542.4 1676.38
16654.2 1676.38
18108.1 2011.66
18558.1 2015.66
18780.6 2126.42
20230.5 1672.38
20342.2 1561.62
21795.1 1564.62
22021.6 1679.38
22245.1 1902.9
23584.2 1789.14
23809.8 1788.14
24033.3 1788.14
24365.5 2120.42
25707.7 2123.42
25931.2 2121.42
26157.7 2124.42
26493 2127.42
27384 1676.38
27609.6 1901.9
28725.1 1341.1
28836.9 1227.35
28950.7 1341.1
30178 1452.86
30289.8 1452.86
30401.5 1450.86
31742.6 1564.62
31968.1 1790.14
32080.9 1791.14
32191.7 1790.14
33757.3 2014.66
33866 1897.9
33977.8 2009.66
34091.6 2010.66
35318.9 1452.86
35430.7 1452.86
36548.2 1229.35
36660 1229.35
38001.1 1452.86
38224.6 1564.62
38336.4 1676.38
39901 1899.9
40239.3 2014.66
40351 2014.66
40461.8 2125.42
42247.9 2346.93
42362.7 2123.42
43812.6 1449.86
43924.3 1561.62
45263.4 1450.86
45377.2 1564.62
45488.9 1564.62
47051.6 1788.14
47279.1 1901.9
47391.8 1902.9
47502.6 2013.66
49065.2 2013.66
49180 1900.9
49290.7 1898.9
49402.5 1899.9
49627 2124.42
