1495.27 49.8278
5216.56 20.0215
5964.61 33.3408
14160.3 16.6611
15650.4 15.3846
27573.3 11.1095
29061.4 11.1111
40979.3 11.1153
41728.4 11.7638
42473.5 16.6654
51410.2 21.4286
52903.3 14.2871
61841 14.2857
62590 15.383
73016.8 13.3333
73765.9 18.7437
74510 18.7516
87172.9 15.7895
87922 15.7895
88667.1 20
89411.1 20
100589 22.2139
102079 21.0511
102823 21.0526
116234 10.5271
116979 10.5263
117724 15
131135 15
132624 14.2866
133370 14.2866
143056 18.75
144545 22.2239
152738 15.391
154977 14.2843
164664 12.4948
165408 17.6415
168388 16.6667
177325 17.654
178074 17.6471
192226 10
192975 10
210108 8.33333
224264 5.26316
225014 9.99665
239914 9.52138
240660 9.52381
254816 5.26316
256304 9.52503
268222 11.1153
278658 7.13943
280146 12.4969
290574 12.5052
292067 12.5
304730 10.5263
306220 14.2857
306970 14.998
316651 18.75
318141 13.3393
328577 12.4948
330065 12.4969
338263 15.3846
347948 7.69231
349433 13.3393
352419 33.3333
353907 33.311
354652 66.7264
355397 75.0504
356142 100
356887 100
357632 100
358377 100
359122 100
359867 100
360612 100
361357 100
362102 100
362847 100
363592 100
364338 100
365083 100
365828 100
366573 100
367318 100
368063 100
368808 100
369553 100
370298 100
371043 100
371788 100
372533 100
373278 100
374023 100
374768 100
375513 100
376258 100
377004 100
377749 100
378494 100
379239 100
379986 99.9665
