1495.27 1495.27
5216.56 3721.29
5964.61 4469.35
14160.3 8943.7
15650.4 9685.75
27573.3 13413
29061.4 13411
40979.3 13406
51414.2 10434.8
53649.3 12670
63331.1 11916.9
66313.3 12664
76746.1 13415
77487.2 14156.1
79724.4 13411
86431.9 9685.75
87177.9 9690.75
87921 10433.8
90155.2 10430.8
99093.9 12662
99843.9 12666
100589 12668
102821 12666
103566 13411
113999 14905.2
114740 14896.2
115485 14896.2
118469 15648.2
119212 15646.2
119958 16392.3
128900 14901.2
130391 15651.2
131131 15646.2
134859 16389.3
143056 12665
143797 12666
156467 13411
157212 13415
171365 14152.1
172110 14897.2
181799 10434.8
183288 11178.9
193721 11921.9
194461 12662
204147 10425.8
204892 10430.8
216817 12670
217563 12671
219051 14159.1
231718 14901.2
232463 14900.2
245870 14152.1
246619 14156.1
257791 11920.9
258540 11920.9
260029 13410
270462 12671
271206 12666
272697 12668
273441 13412
285362 12665
286107 13410
287597 14155.1
299519 14157.1
301008 14900.2
302498 14901.2
303242 15645.2
311440 11920.9
312185 11177.9
313674 11175.9
314418 11175.9
315166 11923.9
323356 11915.9
324101 11915.9
325595 10428.8
333787 10430.8
334532 10430.8
336025 10430.8
345713 11925.9
347201 13414
347948 13416
349436 13411
358379 12666
359124 11922.9
359869 12668
365080 5955.46
365825 6700.52
366573 6703.52
369550 4470.35
370295 4470.35
371043 4470.35
371788 5215.41
374770 5220.41
375515 5220.41
376258 5215.41
377004 5215.41
377749 5960.46
378496 3725.29
379241 3725.29
379986 3727.29
