3728.44 3728.44
12667.1 8938.7
14160.3 10431.8
26824.2 14157.1
29062.4 14902.2
37258.1 10433.8
38000.1 8937.7
38744.2 9681.75
43961.6 6703.52
44705.6 6705.52
45449.7 6705.52
46939.8 8195.64
53647.3 9685.75
54391.4 9685.75
55135.4 9685.75
56625.6 9685.75
64823.2 11175.9
65567.3 11919.9
66311.3 11919.9
67056.4 11920.9
68546.5 11920.9
79726.4 14903.2
80468.4 14901.2
81212.5 15645.2
81957.5 15646.2
82706.6 15650.2
84196.7 15650.2
95372.6 15646.2
96117.6 15649.2
97603.8 13407
99092.9 14896.2
106546 11173.9
107291 11172.9
108780 11175.9
111014 11920.9
118467 11920.9
119211 12665
119955 12665
121450 12670
123680 12666
132625 14158.1
134112 12662
136346 12666
143798 11172.9
145287 11175.9
156467 12669
157953 12666
169878 13411
171365 13411
172109 14155.1
182542 12664
184030 12666
195954 13412
197442 13411
207875 11920.9
209362 11920.9
210112 12670
222031 14156.1
222777 13414
223519 13407
224264 14152.1
235442 13411
236188 13411
236930 13411
237675 13411
247363 11920.9
248108 12666
248851 12663
249596 12666
250341 12666
260774 13411
261520 13411
262262 14153.1
263007 14156.1
263752 14156.1
264497 14156.1
277167 16392.3
277911 16391.3
278653 16391.3
279402 17140.3
280147 17140.3
280892 17140.3
281633 17136.3
292065 14898.2
292813 12666
293558 12666
294299 12666
303986 11920.9
304731 11917.9
314417 10430.8
315162 11175.9
315906 11174.9
327831 13414
328576 13414
329317 13411
330062 14156.1
339749 11917.9
340494 11917.9
341242 11924.9
350924 10430.8
