1338.89 0
2873 0
3063.74 0
4789.84 0
4980.58 0
5171.31 0
5362.05 0
8604.54 0
8795.27 0
8986.01 0
9176.74 0
12419.2 0
12610 0
12800.7 0
16043.2 0
16233.9 0
16424.7 0
19667.2 0
19857.9 0
20048.6 0
23291.1 0
23481.9 0
23672.6 0
26915.1 0
27105.8 0
27296.6 0
30539 0
30729.8 0
30920.5 0
34163 0
34353.7 0
34544.5 0
37787 0
37977.7 0
38168.4 0
41410.9 0
41601.7 0
41792.4 0
44653.4 0
44844.2 0
45034.9 0
45225.6 0
45416.4 0
45607.1 0
45797.8 0
45988.6 0
46179.3 0
46370 0
46560.8 0
46751.5 0
46942.2 0
47133 0
47323.7 0
47514.5 0
47705.2 0
47895.9 0
48086.7 0
48277.4 0
48468.1 0
48658.9 0
48849.6 0
49040.3 0
49231.1 0
49421.8 0
49612.5 0
49803.3 0
49994 0
50184.7 0
50375.5 0
50566.2 0
50756.9 0
50947.7 0
51138.4 0
51329.1 0
51519.9 0
51710.6 0
51901.4 0
52092.1 0
52282.8 0
52473.6 0
52664.3 0
52855 0
53045.8 0
53236.5 0
53427.2 0
53618 0
53808.7 0
53999.4 0
54190.2 0
54380.9 0
54571.6 0
54762.4 0
54953.1 0
