111.759 0
785.46 1500
897.219 0
1678.53 1500
1790.29 0
2016.81 1500
2128.56 0
3466.67 1500
3578.43 0
7266.47 0
9389.88 1500
9501.64 0
10172.2 0
10395.7 0
11513.3 1500
11625.1 0
11851.6 0
13077.9 0
13304.4 1500
13416.2 0
13639.7 0
15089.6 0
15201.3 0
17101.2 1500
17213 0
17327.7 0
18558.1 0
18780.6 0
19004.1 1500
19115.9 0
20009 0
20233.5 0
20457 3000
20568.8 1500
20680.5 0
21573.6 0
21798.1 0
22021.6 0
22245.1 0
22468.6 0
23473.5 3000
23585.2 3000
23697 1500
23808.8 0
23921.5 0
24145 0
25261.6 0
25934.2 1500
26045.9 1500
26157.7 0
27273.3 0
27497.8 0
28726.1 1500
28837.9 1500
28949.7 0
29843.7 0
30068.2 0
30291.8 1500
30403.5 0
31408.3 0
31741.6 0
31853.4 0
31965.1 1500
32076.9 0
33869 1500
33980.8 1500
34092.6 0
35321.9 0
35657.2 0
36661 1500
36772.8 0
37778.6 1500
37890.4 0
38003.1 0
39231.5 0
39453 1500
39564.7 1500
39676.5 0
41576.4 0
41692.1 1500
41803.9 0
43480.3 1500
43592 0
44817.4 0
46272.3 1500
46384 0
47950.6 1500
48062.4 0
48952.5 0
49176 0
49846.5 1500
49958.3 0
