4471.35 0
10431.8 0
12667 0
21607.7 0
23097.8 0
25333 0
26823.1 0
35763.8 0
37253.9 0
38744 4
40234.1 4
47684.7 4
49919.9 4
51410 4
52900.1 4
60350.7 4
62585.9 4
64076 4
65566.1 4
67801.3 4
76742 4
78977.2 4
79722.2 4
80467.3 4
82702.4 4
91643.1 4
93133.3 4
95368.4 4
96858.5 4
102074 4
103564 4
105054 4
106544 4
113250 4
115485 4
116230 4
117720 4
119955 4
126661 4
129641 4
130386 4
131876 4
132621 4
135602 4
142307 4
148268 4
149013 4
155718 4
156463 4
162424 4
163169 4
169129 4
169874 4
181050 4
181795 4
182540 4
192971 4
194461 4
195206 4
195951 4
206382 4
208617 4
209362 4
210107 4
210852 4
219793 4
222773 4
223518 4
231714 4
234694 4
236184 4
236929 4
246615 4
248105 4
250341 4
261516 4
263006 4
264497 4
275672 4
277163 4
278653 4
289829 4
290574 4
291319 4
292064 4
302495 4
303985 4
304730 4
305475 4
306220 4
317396 4
318141 4
318886 4
326336 4
327081 4
327827 4
329317 4
334532 4
335277 4
336022 4
337512 4
