228.666 228.666
783.46 554.794
895.219 666.552
1789.29 1005.83
2015.81 1232.35
2128.56 1233.35
2351.08 1455.86
3916.7 2127.42
4028.46 2239.17
4363.74 2347.93
4475.5 2459.69
4587.26 2458.69
4811.77 2683.21
5035.29 2684.21
5256.81 2905.73
7046.95 3130.24
7829.26 2793.97
8049.78 3014.49
8161.53 2904.73
9390.88 1229.35
10846.7 1455.86
11068.3 1677.38
12745.6 1898.9
12968.2 1899.9
14198.5 1452.86
14311.3 1565.62
14644.5 1676.38
15874.9 1676.38
15984.6 1673.38
16211.2 1899.9
16434.7 1790.14
17994.3 2119.42
18219.8 1785.14
18331.6 1896.9
19452.2 1457.86
19785.4 1565.62
19899.2 1567.62
21011.8 1559.62
21238.3 1786.14
21349.1 1563.62
21461.8 1562.62
22576.4 1564.62
22804.9 1566.62
22916.7 1678.38
23028.4 1679.38
23138.2 1676.38
24701.8 1785.14
24813.6 1785.14
24925.3 1787.14
26493 1791.14
26716.5 1902.9
26825.2 2011.66
26937 2011.66
28389.9 1564.62
28501.6 1676.38
28616.4 1679.38
30178 1676.38
30289.8 1673.38
31854.4 1676.38
33419 1564.62
33530.8 1676.38
35318.9 1899.9
35430.7 1899.9
36660 1341.1
36883.5 1564.62
36995.3 1564.62
38112.9 1452.86
38451.1 1567.62
38562.9 1679.38
38672.7 1677.38
39904 1791.14
40015.8 1564.62
41242.1 1338.1
41353.9 1338.1
42471.5 1229.35
42583.2 1341.1
42695 1341.1
43698.8 1227.35
43924.3 1341.1
44039.1 1344.1
44148.8 1453.86
45380.2 1681.38
45600.7 1676.38
46609.5 1229.35
46831 1450.86
47054.6 1453.86
47949.6 1340.1
48172.2 1341.1
48395.7 1341.1
48619.2 1564.62
49515.3 1565.62
49627 1454.86
49736.8 1341.1
49850.5 1231.35
49962.3 1343.1
