3726.29 0
9686.75 0
11176.9 0
20862.6 0
22352.7 0
23842.9 0
24587.9 0
34273.7 0
36508.8 0
37999 4
39489.1 4
45449.5 4
53645.2 4
55135.3 4
64076 4
65566.1 4
77487 4
78977.2 4
79722.2 4
93878.3 4
95368.4 4
96113.5 4
97603.6 4
108034 4
109525 4
110270 4
111760 4
113250 4
120700 4
122191 4
123681 4
130386 4
131876 4
134111 4
135602 4
143052 4
144542 4
146777 4
148268 4
149013 4
154228 4
155718 4
157953 4
158698 4
159443 4
168384 4
169129 4
169874 4
181050 4
181795 4
182540 4
184030 4
194461 4
195951 4
197441 4
206382 4
207872 4
208617 4
209362 4
216813 4
218303 4
219048 4
219793 4
221283 4
230969 4
232459 4
233204 4
233949 4
235439 4
245125 4
246615 4
248105 4
248850 4
249595 4
251086 4
261516 4
263752 4
265242 4
265987 4
272692 4
274182 4
274927 4
275672 4
284613 4
286103 4
286848 4
287593 4
288338 4
298769 4
300259 4
301750 4
302495 4
303240 4
304730 4
312925 4
314416 4
315906 4
316651 4
317396 4
318141 4
318886 4
