1491.12 0
5216.41 0
5961.46 0
11921.9 0
13412 0.333333
14157.1 0.333333
15647.2 0.333333
26078 0.306667
27568.1 0.306667
29058.3 0.306667
40234.1 0.306667
40979.2 0.306667
41724.3 0.306667
50664.9 0.306667
51410 0.306667
61840.8 0.306667
63330.9 0.306667
64076 0.306667
76742 0.306667
78232.1 0.306667
78977.2 0.306667
80467.3 0.306667
93133.3 0.306667
95368.4 0.306667
96858.5 0.306667
107289 0.306667
110270 0.306667
111760 0.306667
122191 0.306667
122936 0.306667
124426 0.306667
125171 0.306667
135602 0.306667
136347 0.306667
137092 0.306667
138582 0.306667
139327 0.306667
148268 0.306667
149013 0.306667
149758 0.306667
151248 0.306667
151993 0.306667
152738 0.306667
161679 0.306667
162424 0.306667
163169 0.306667
164659 0.306667
165404 0.306667
166149 0.306667
166894 0.306667
175835 0.306667
176580 0.306667
177325 0.306667
178815 0.306667
185520 0.306667
186266 0.306667
187011 0.306667
188501 0.306667
195951 0.306667
196696 0.306667
197441 0.306667
198186 0.306667
199677 0.306667
209362 0.306667
210107 0.306667
210852 0.306667
211597 0.306667
212343 0.306667
213833 0.306667
222773 0.306667
223518 0.306667
225009 0.306667
225754 0.306667
233204 0.306667
236184 0.306667
236929 0.306667
245125 0.306667
248105 0.306667
249595 0.306667
260026 0.306667
260771 0.306667
263752 0.306667
264497 0.306667
274927 0.306667
275672 0.306667
277163 0.306667
279398 0.306667
280143 0.306667
287593 0.306667
288338 0.306667
289084 0.306667
300259 0.306667
301004 0.306667
301750 0.306667
313670 0.306667
315161 0.306667
315906 0.306667
316651 0.306667
327827 0.306667
330062 0.306667
330807 0.306667
341983 0.306667
344218 0.306667
