3742.29 0
8212.64 0
11192.9 0
13428 0
22368.7 1
23858.9 1
24603.9 1
28329.2 1
35779.8 1
38015 1
38760 1
45465.5 1
48445.8 1
49190.8 1
50680.9 1
58876.6 1
61856.8 1
62601.9 1
64092 1
71542.6 1
72287.6 1
73777.7 1
82718.4 1
83463.5 1
84953.6 1
85698.7 1
93894.3 1
94639.4 1
105815 1
106560 1
108050 1
119971 1
121461 1
122952 1
137108 1
139343 1
153499 1
155734 1
156479 1
166910 1
178086 1
178831 1
192242 1
192987 1
204908 1
205653 1
206398 1
215339 1
216084 1
227260 1
228750 1
237691 1
238436 1
239926 1
248866 1
250357 1
251847 1
252592 1
263768 1
264513 1
266003 1
277924 1
278669 1
291335 1
292825 1
304746 1
306236 1
312941 1
314432 1
315922 1
322627 1
324117 1
324862 1
326352 1
333803 1
334548 1
335293 1
336783 1
338273 1
344979 1
345724 1
346469 1
347959 1
349449 1
350194 1
354665 1
356155 1
356900 1
357645 1
362860 1
364350 1
365095 1
365841 1
367331 1
373291 1
374781 1
375526 1
376271 1
377761 1
378506 1
382232 1
384467 1
385212 1
