341.425 32.733
1010.98 16.6916
1232.49 25.0842
2239.32 18.1966
2461.84 23.1087
2685.36 15.3846
2907.88 20.0119
4700.01 13.6253
4923.53 12.4907
5145.05 12.4953
5367.57 11.5385
7158.71 5.55004
7379.22 11.1111
8275.29 20.0179
8496.81 10
9838.92 0
10064.4 0
11628.1 7.14743
13191.7 7.14743
13303.4 13.3413
14869.1 13.3254
14979.8 13.3333
16097.4 18.1966
16209.2 25.0187
16319.9 25.0187
17663 21.4149
17773.8 14.2857
17884.5 20.0119
17999.3 19.9643
19675.7 16.6584
19785.4 12.514
19896.2 17.675
21128.5 23.0769
21238.3 23.0769
21349.1 23.0769
22579.4 23.1087
22691.2 28.608
22801.9 28.5897
23025.4 20
24367.5 18.75
24479.3 18.75
24593.1 23.5047
24701.8 17.6471
26155.7 13.3333
26267.4 13.3493
26379.2 19.9881
27832.1 20
28054.6 18.7605
28167.3 18.75
28278.1 23.5418
29620.2 25
29955.5 23.517
30069.2 17.6285
30178 11.7647
30292.8 16.6418
31410.3 18.7291
31630.9 20.0119
32749.5 16.6916
32972 14.3132
33084.7 15.374
34425.8 13.3333
34649.3 7.14286
36102.2 0
37780.6 6.65872
39344.2 0
39566.7 6.257
41019.6 7.69231
41131.4 14.2857
42696 13.3333
42807.7 13.3333
43813.6 20
43925.3 27.2727
44037.1 27.2727
45156.7 24.9628
45377.2 23.0928
45489.9 21.4286
45600.7 21.4423
46609.5 23.0769
46830 23.0769
47725.1 20.0359
47947.6 25.056
48171.2 25
49178 23.0769
49400.5 23.0769
49736.8 21.4149
49850.5 26.619
