486 0
1086 0
1446 0
2526 0
2887 0
3243 0
3842 0
4803 0
5407 0
5645 0
6125 0
6487 0
7086 0
7447 0
7682 0
8642 0
9487 0
9847 0
10447 0
10567 0
10927 0
11527 0
12007 0
12847 0
13327 0
14287 0
14887 0
15126 0
15722 0
16087 0
16927 0
17407 0
17643 0
18247 0
19087 0
19567 0
20047 0
20646 0
21126 0
21607 0
22087 0
22327 0
22807 0
23767 0
24247 0
24487 0
25202 0
25686 0
26163 0
26407 0
26767 0
27607 0
27967 0
28683 0
29287 0
29643 0
30007 0
30723 0
31083 0
31805 0
32164 0
32887 0
33244 0
33487 0
34202 0
34567 0
34927 0
35287 0
35527 0
36487 0
37087 0
37682 0
38162 0
38527 0
39487 0
39967 0
40327 0
40683 0
41287 0
42126 0
42607 0
42967 0
43087 0
43807 0
44287 0
44767 0
45007 0
45607 0
46447 0
46807 0
47162 0
47767 0
48126 0
48487 0
49202 0
49807 0
