3728.44 2
9687.9 3
11177 4
20863.8 5
22353.9 2
23843 3
24592.1 3.33333
34274.8 1
36510 2
39494.2 2.5
46940.8 2.9
48433.9 3.24483
54391.4 3.55301
56629.6 3.83446
58115.7 4.09525
65567.3 4.33944
68550.5 4.56988
70036.6 4.78871
70785.7 4.99753
79727.4 1
83451.7 2
84941.8 2
85686.8 3
95372.6 3.33333
96117.6 3.63333
97603.8 3.90856
106548 4.16441
107294 4.40454
108780 4.63158
119959 4.84749
120705 5.05378
122191 5.25165
123681 5.44207
134861 5.62582
136347 5.80357
137842 1
138585 2
140077 2
152743 3
154228 1
164663 2
166149 2.5
175094 2.9
176580 3.24483
186270 3.55301
187756 3.83446
188505 4.09525
199681 4.33944
201171 4.56988
201916 4.78871
202657 4.99753
214583 5.19763
216813 5.39003
217562 5.57555
218307 5.75491
226504 5.92867
227245 6.09735
228734 6.26135
230224 6.42106
230973 6.5768
238421 6.72885
239166 6.87746
240655 7.02286
241404 7.16526
242895 7.30482
243639 7.44171
251832 7.57609
252577 7.70809
254066 7.83782
254816 7.96541
255561 8.09095
257046 8.21454
257791 8.33628
265243 8.45624
265988 8.57449
266732 8.69112
267477 8.80618
268222 8.91974
268967 9.03185
269712 9.14257
270457 9.25194
280148 1
280893 2
281638 2
282383 3
283128 4
283873 5
284618 5.2
285358 5.39231
286849 5.57776
293555 5.75704
294300 5.93074
295044 6.09935
296534 6.26331
298024 6.42297
303986 6.57866
304731 6.73066
305476 6.87924
306970 7.0246
307712 7.16696
