2980.38 2
10435 2
11923.1 2.5
23101.9 2.9
25335.1 3.24483
34276.8 3.55301
36513 3.83446
37256.1 4.09525
43962.6 4.33944
45450.7 4.56988
46196.7 4.78871
47685.9 4.99753
55882.5 5.19763
57371.6 5.39003
58116.7 5.57555
59606.8 5.75491
68549.5 5.92867
70037.6 6.09735
70783.7 6.26135
71527.7 1
73017.8 2
83449.7 3
84941.8 3
85684.8 4
86428.9 4.25
100588 4.48529
101333 1
102075 2
103568 2
116232 3
117721 1
128153 2
128898 2.5
141564 1
142309 2
157955 2.5
158703 1
172857 2
185523 1
186268 2
199679 2.5
200424 1
212345 2
222776 2.5
224265 2.9
236187 3.24483
236932 3.55301
247362 1
248107 2
248853 2
260775 2.5
261521 2.9
271950 3.24483
272694 3.55301
282380 1
283125 2
283870 2.5
295791 2.9
296536 3.24483
308457 3.55301
309946 3.83446
310692 4.09525
321125 1
322615 2
323358 3
324103 3.33333
332299 3.63333
333044 3.90856
333788 4.16441
343475 4.40454
344220 4.63158
344964 4.84749
345709 5.05378
356143 5.25165
356888 5.44207
357630 5.62582
358375 5.80357
359120 5.97588
365079 6.14322
365829 6.306
366574 6.46458
367319 6.61927
368064 6.77034
373279 6.91805
374024 7.0626
374766 7.20419
375511 7.343
376256 7.47918
377002 7.61288
377747 7.74424
378492 7.87337
379237 8.00038
379982 8.12537
380727 8.24844
381472 8.36968
382217 8.48916
382965 8.60696
383710 8.72314
384455 8.83778
385200 8.95093
