605 605
1565 960
2046 1046
3365 1800
3965 1965
4447 2401
5047 2547
6245 3245
6845 3480
7447 3947
8047 4082
8642 4642
8887 4440
9487 4987
10087 5087
10567 5067
11767 5522
12247 5747
12847 5847
13447 5947
14287 5787
14767 5767
15126 5626
16202 5702
16567 5567
17287 5287
17642 5142
18126 5126
18726 5226
19567 5067
20047 5047
20287 4787
21246 4746
21722 4722
22202 4702
22682 4682
23162 4662
23767 4767
24487 4487
24847 4347
25927 4427
26407 4407
26767 4267
27247 4247
27722 4222
28327 4327
28683 4183
29047 4047
30126 4126
30487 3987
30847 3847
31447 3947
31927 3927
32407 3907
32642 3642
33126 3626
33966 3466
34206 3206
34805 3305
35166 3166
35642 3142
36126 3126
36605 3105
37444 3444
37927 3721
38162 3662
38887 4082
39247 4247
39723 4223
40087 4445
40567 4567
41287 4787
41767 4767
42607 5163
43087 5587
43567 5567
43927 5427
44642 5642
45126 5626
45487 5487
45967 5467
46327 5327
46807 5307
47162 5162
48126 5126
48723 5223
48967 4967
49927 4927
