4470.35 0
11920.9 0
13411 0
23841.9 0
24586.9 0
26077 0
26822.1 0
38743 0
40233.1 0
41723.3 0
43213.4 0
43958.4 0
45448.5 0
46938.7 0
49173.8 0
52899.1 0
54389.2 0
55879.4 0
57369.5 0
58114.5 0
58859.6 0
67055.2 0
68545.3 0
69290.4 0
70035.5 0
71525.6 0
80466.3 0
81956.4 0
82701.4 0
83446.5 0
84936.6 0
85681.7 0
96112.5 0
96857.5 0
97602.6 0
98347.7 0
99837.8 0
100583 0
101328 0
111014 0
111759 0
112504 0
113249 0
114739 0
116229 0
124425 0
125170 0
126660 0
128150 0
134856 0
135601 0
137091 0
137836 0
139326 0
149012 0
149757 0
151992 0
162423 0
163168 0
166148 0
175089 0
175834 0
177324 0
178814 0
186265 0
187010 0
188500 0
189245 0
190735 0
198931 0
199676 0
201166 0
201911 0
203401 0
204891 0
213832 0
215322 0
216067 0
218302 0
225753 0
227243 0
227988 0
238419 0
239164 0
240654 0
251085 0
252575 0
264496 0
265986 0
266731 0
280142 0
281632 0
282377 0
283122 0
295043 0
297278 0
307709 0
309199 0
309944 0
318885 0
