3725.29 0
9685.75 0
11175.9 0
20861.6 0
21606.7 0
22351.7 0
23096.8 0
34272.7 0
35017.7 0
35762.8 0
36507.8 0
37252.9 0
38743 0
40233.1 0
40978.2 0
47683.7 0
49918.9 0
50663.9 0
52154.1 0
53644.2 0
58859.6 0
61094.8 0
61839.8 0
62584.9 0
64075 0
70780.5 0
71525.6 0
75995.9 0
77486 0
84191.6 0
84936.6 0
90152 0
92387.2 0
98347.7 0
99092.7 0
99837.8 0
105798 0
108033 0
114739 0
115484 0
116229 0
116974 0
121444 0
123680 0
128150 0
128895 0
129640 0
130385 0
134110 0
134856 0
137091 0
141561 0
143051 0
143796 0
149757 0
154227 0
155717 0
157207 0
159442 0
164658 0
166148 0
167638 0
168383 0
170618 0
178814 0
180304 0
181794 0
182539 0
183284 0
185519 0
192970 0
194460 0
196695 0
197440 0
198185 0
198931 0
200421 0
206381 0
209361 0
210106 0
211596 0
217557 0
221282 0
222027 0
223517 0
225008 0
232458 0
235438 0
236183 0
237674 0
248104 0
248849 0
249594 0
257790 0
258535 0
259280 0
260770 0
270456 0
271201 0
271946 0
