1490.12 0
5215.41 0
5960.46 0
10430.8 0
12666 1
14156.1 1
14901.2 1
25332 2
27567.1 2
28312.2 2
42468.3 2
43213.4 2
43958.4 2
52899.1 2
54389.2 2
55134.3 2
55879.4 2
63329.9 2
64820.1 2
65565.1 2
66310.2 2
74505.8 2
75250.9 2
76741 2
78231.1 2
78976.2 2
87916.9 2
89407 2
90897.1 2
91642.1 2
104308 2
105053 2
106543 2
107288 2
119954 2
120699 2
122190 2
122935 2
135601 2
136346 2
137836 2
148267 2
149012 2
150502 2
151247 2
160187 2
160933 2
162423 2
172108 2
172853 2
174344 2
175834 2
187755 2
190735 2
192225 2
201911 2
204891 2
213087 2
216067 2
226498 2
227988 2
230223 2
240654 2
242889 2
253320 2
254065 2
264496 2
265241 2
277162 2
277907 2
278652 2
290573 2
291318 2
302494 2
303984 2
313669 2
322610 2
323355 2
333786 2
334531 2
342727 2
343472 2
344962 2
350922 2
351667 2
352412 2
353158 2
359863 2
360608 2
361353 2
362098 2
362843 2
371039 2
371784 2
372529 2
373274 2
374019 2
374764 2
375509 2
376254 2
376999 2
377744 2
378489 2
