367 32
967 25
1367 32
1847 34
2567 42
3047 43
3767 31
4246 32
4847 28
5567 33
6162 30
6642 31
7367 26
7967 24
8567 30
9047 31
9767 27
10126 29
10847 25
11327 26
12047 23
12527 23
13246 21
13847 20
14927 24
15407 24
16007 28
16722 26
17087 27
17682 26
18162 27
18646 27
19367 25
19847 25
20567 27
21162 26
21643 26
22247 25
22847 25
23206 26
23682 26
24287 25
24887 24
25247 25
25726 26
26327 25
26927 24
27407 24
27887 24
28607 26
29087 26
29567 26
30162 26
30642 26
30887 24
31367 24
31967 24
32567 23
33162 22
33527 23
34126 23
34607 23
34847 21
35447 20
36287 25
36887 24
37246 25
37847 25
38206 26
38682 26
39162 26
39642 26
40126 26
40722 26
41087 27
41567 27
42047 27
42527 27
43007 27
43607 27
44087 27
44567 27
45162 26
45767 25
46247 25
46722 26
47447 24
47807 25
48527 23
49126 23
49607 23
49847 21
