240 1
241 0
360 1
361 0
480 1
481 0
600 1
601 0
720 1
721 0
840 1
841 0
960 1
961 0
1080 1
1081 0
1240 1
1241 0
1360 1
1361 0
1480 1
1481 0
1600 1
1601 0
1720 1
1721 0
1840 1
1841 0
1960 1
1961 0
2080 1
2081 0
2200 1
2201 0
2320 1
2321 0
2440 1
2441 0
2560 1
2561 0
2680 1
2681 0
2800 1
2801 0
2920 1
2921 0
3040 1
3041 0
3160 1
3161 0
3280 1
3281 0
3400 1
3401 0
3520 1
3521 0
3640 1
3641 0
3760 1
3761 0
3880 1
3881 0
4000 1
4001 0
4120 1
4121 0
4240 1
4241 0
4360 1
4361 0
4480 1
4481 0
4600 1
4601 0
4720 1
4721 0
4840 1
4841 0
4960 1
4961 0
5080 1
5081 0
5200 1
5201 0
5320 1
5321 0
5440 1
5441 0
5560 1
5561 0
5680 1
5681 0
5800 1
5801 0
5920 1
5921 0
6040 1
6041 0
6160 1
6161 0
6280 1
6281 0
6400 1
6401 0
6520 1
6521 0
6640 1
6641 0
6760 1
6761 0
6880 1
6881 0
7000 1
7001 0
7120 1
7121 0
7240 1
7241 0
7360 1
7361 0
7480 1
7481 0
7600 1
7601 0
7720 1
7721 0
7840 1
7841 0
7960 1
7961 0
8080 1
8081 0
8200 1
8201 0
8320 1
8321 0
8440 1
8441 0
8560 1
8561 0
8680 1
8681 0
8800 1
8801 0
8920 1
8921 0
9040 1
9041 0
9160 1
9161 0
9280 1
9281 0
9400 1
9401 0
9520 1
9521 0
9640 1
9641 0
9760 1
9761 0
9880 1
9881 0
10000 1
10001 0
10120 1
10121 0
10240 1
10241 0
10360 1
10361 0
10480 1
10481 0
10600 1
10601 0
10720 1
10721 0
10840 1
10841 0
10960 1
10961 0
11080 1
11081 0
11200 1
11201 0
11320 1
11321 0
11440 1
11441 0
11560 1
11561 0
11680 1
11681 0
11800 1
11801 0
11920 1
11921 0
12040 1
12041 0
12160 1
12161 0
12280 1
12281 0
12400 1
12401 0
12520 1
12521 0
12640 1
12641 0
12760 1
12761 0
12880 1
12881 0
13000 1
13001 0
13120 1
13121 0
13240 1
13241 0
13360 1
13361 0
13480 1
13481 0
13600 1
13601 0
13720 1
13721 0
13840 1
13841 0
13960 1
13961 0
14080 1
14081 0
14200 1
14201 0
14320 1
14321 0
14440 1
14441 0
14560 1
14561 0
14680 1
14681 0
14800 1
14801 0
14920 1
14921 0
15040 1
15041 0
15160 1
15161 0
15280 1
15281 0
15400 1
15401 0
15520 1
15521 0
15640 1
15641 0
15760 1
15761 0
15880 1
15881 0
16000 1
16001 0
16120 1
16121 0
16240 1
16241 0
16360 1
16361 0
16480 1
16481 0
16600 1
16601 0
16720 1
16721 0
16840 1
16841 0
16960 1
16961 0
17080 1
17081 0
17200 1
17201 0
17320 1
17321 0
17440 1
17441 0
17560 1
17561 0
17680 1
17681 0
17800 1
17801 0
17920 1
17921 0
18040 1
18041 0
18160 1
18161 0
18280 1
18281 0
18400 1
18401 0
18520 1
18521 0
18640 1
18641 0
18760 1
18761 0
18880 1
18881 0
19000 1
19001 0
19120 1
19121 0
19240 1
19241 0
19360 1
19361 0
19480 1
19481 0
19600 1
19601 0
19720 1
19721 0
19840 1
19841 0
19960 1
19961 0
20080 1
20081 0
20200 1
20201 0
20320 1
20321 0
20440 1
20441 0
20560 1
20561 0
20680 1
20681 0
20800 1
20801 0
20920 1
20921 0
21040 1
21041 0
21160 1
21161 0
21280 1
21281 0
21400 1
21401 0
21520 1
21521 0
21640 1
21641 0
21760 1
21761 0
21880 1
21881 0
22000 1
22001 0
22120 1
22121 0
22240 1
22241 0
22360 1
22361 0
22480 1
22481 0
22600 1
22601 0
22720 1
22721 0
22840 1
22841 0
22960 1
22961 0
23080 1
23081 0
23200 1
23201 0
23320 1
23321 0
23440 1
23441 0
23560 1
23561 0
23680 1
23681 0
23800 1
23801 0
23920 1
23921 0
24040 1
24041 0
24160 1
24161 0
24280 1
24281 0
24400 1
24401 0
24520 1
24521 0
24640 1
24641 0
24760 1
24761 0
24880 1
24881 0
25000 1
25001 0
25120 1
25121 0
25240 1
25241 0
25360 1
25361 0
25480 1
25481 0
25600 1
25601 0
25720 1
25721 0
25840 1
25841 0
25960 1
25961 0
26080 1
26081 0
26200 1
26201 0
26320 1
26321 0
26440 1
26441 0
26560 1
26561 0
26680 1
26681 0
26800 1
26801 0
26920 1
26921 0
27040 1
27041 0
27160 1
27161 0
27280 1
27281 0
27400 1
27401 0
27520 1
27521 0
27640 1
27641 0
27760 1
27761 0
27880 1
27881 0
28000 1
28001 0
28120 1
28121 0
28240 1
28241 0
28360 1
28361 0
28480 1
28481 0
28600 1
28601 0
28720 1
28721 0
28840 1
28841 0
28960 1
28961 0
29080 1
29081 0
29200 1
29201 0
29320 1
29321 0
29440 1
29441 0
29560 1
29561 0
29680 1
29681 0
29800 1
29801 0
29920 1
29921 0
30040 1
30041 0
30160 1
30161 0
30280 1
30281 0
30400 1
30401 0
30520 1
30521 0
30640 1
30641 0
30760 1
30761 0
30880 1
30881 0
31000 1
31001 0
31120 1
31121 0
31240 1
31241 0
31360 1
31361 0
31480 1
31481 0
31600 1
31601 0
31720 1
31721 0
31840 1
31841 0
31960 1
31961 0
32080 1
32081 0
32200 1
32201 0
32320 1
32321 0
32440 1
32441 0
32560 1
32561 0
32680 1
32681 0
32800 1
32801 0
32920 1
32921 0
33040 1
33041 0
33160 1
33161 0
33280 1
33281 0
33400 1
33401 0
33520 1
33521 0
33640 1
33641 0
33760 1
33761 0
33880 1
33881 0
34000 1
34001 0
34120 1
34121 0
34240 1
34241 0
34360 1
34361 0
34480 1
34481 0
34600 1
34601 0
34720 1
34721 0
34840 1
34841 0
34960 1
34961 0
35080 1
35081 0
35200 1
35201 0
35320 1
35321 0
35440 1
35441 0
35560 1
35561 0
35680 1
35681 0
35800 1
35801 0
35920 1
35921 0
36040 1
36041 0
36160 1
36161 0
36280 1
36281 0
36400 1
36401 0
36520 1
36521 0
36640 1
36641 0
36760 1
36761 0
36880 1
36881 0
37000 1
37001 0
37120 1
37121 0
37240 1
37241 0
37360 1
37361 0
37480 1
37481 0
37600 1
37601 0
37720 1
37721 0
37840 1
37841 0
37960 1
37961 0
38080 1
38081 0
38200 1
38201 0
38320 1
38321 0
38440 1
38441 0
38560 1
38561 0
38680 1
38681 0
38800 1
38801 0
38920 1
38921 0
39040 1
39041 0
39160 1
39161 0
39280 1
39281 0
39400 1
39401 0
39520 1
39521 0
39640 1
39641 0
39760 1
39761 0
39880 1
39881 0
40000 1
40001 0
40120 1
40121 0
40240 1
40241 0
40360 1
40361 0
40480 1
40481 0
40600 1
40601 0
40720 1
40721 0
40840 1
40841 0
40960 1
40961 0
41080 1
41081 0
41200 1
41201 0
41320 1
41321 0
41440 1
41441 0
41560 1
41561 0
41680 1
41681 0
41800 1
41801 0
41920 1
41921 0
42040 1
42041 0
42160 1
42161 0
42280 1
42281 0
42400 1
42401 0
42520 1
42521 0
42640 1
42641 0
42760 1
42761 0
42880 1
42881 0
43000 1
43001 0
43120 1
43121 0
43240 1
43241 0
43360 1
43361 0
43480 1
43481 0
43600 1
43601 0
43720 1
43721 0
43840 1
43841 0
43960 1
43961 0
44080 1
44081 0
44200 1
44201 0
44320 1
44321 0
44440 1
44441 0
44560 1
44561 0
44680 1
44681 0
44800 1
44801 0
44920 1
44921 0
45040 1
45041 0
45160 1
45161 0
45280 1
45281 0
45400 1
45401 0
45520 1
45521 0
45640 1
45641 0
45760 1
45761 0
45880 1
45881 0
46000 1
46001 0
46120 1
46121 0
46240 1
46241 0
46360 1
46361 0
46480 1
46481 0
46600 1
46601 0
46720 1
46721 0
46840 1
46841 0
46960 1
46961 0
47080 1
47081 0
47200 1
47201 0
47320 1
47321 0
47440 1
47441 0
47560 1
47561 0
47680 1
47681 0
47800 1
47801 0
47920 1
47921 0
48040 1
48041 0
48160 1
48161 0
48280 1
48281 0
48400 1
48401 0
48520 1
48521 0
48640 1
48641 0
48760 1
48761 0
48880 1
48881 0
49000 1
49001 0
49120 1
49121 0
49240 1
49241 0
49360 1
49361 0
49480 1
49481 0
49600 1
49601 0
49720 1
49721 0
49840 1
49841 0
49960 1
49961 0
