4172.44 2
13110.1 2
14604.7 2.5
28013.3 2.9
30995.5 1
37699.1 2
48129.9 2.5
49618 2.9
60050.8 3.24483
61538.9 3.55301
73461.8 3.83446
74950 4.09525
75696 4.33944
89108.1 4.56988
90596.2 1
92090.3 1
93577.4 2
105501 3
108479 3.33333
115185 3.63333
115931 3.90856
118909 4.16441
127106 4.40454
127852 4.63158
131575 4.84749
132320 5.05378
142009 5.25165
142754 1
147225 2
147967 3
148715 3
156909 3.33333
159888 3.63333
160633 3.90856
168084 4.16441
171063 4.40454
171809 4.63158
180750 4.84749
182238 5.05378
185223 1
185968 2
197141 3
198630 3.33333
200120 3.33333
212788 3.63333
215025 3.90856
216511 4.16441
229179 4.40454
230669 4.63158
232157 4.84749
232903 5.05378
241100 5.25165
242588 5.44207
244078 5.62582
245568 5.80357
246314 5.97588
253766 6.14322
255254 6.306
256744 6.46458
258234 6.61927
258980 6.77034
267177 6.91805
267922 7.0626
268665 7.20419
270900 7.343
272390 7.47918
273136 7.61288
282078 1
282823 2
283570 3
285060 4
287296 4.25
288782 4.48529
289528 4.48529
296234 4.70824
298468 1
299961 2
300704 2
307410 3
310389 3.33333
314861 3.63333
317096 3.90856
320075 4.16441
325291 4.40454
327527 4.63158
331251 4.84749
331996 5.05378
338700 5.25165
340940 5.44207
345407 5.62582
346152 5.80357
346896 5.97588
354351 6.14322
355837 6.306
361056 6.46458
361798 6.61927
362543 1
365522 2
367012 3
367759 4
