2240.32 2
6705.67 3
8198.79 2
15650.4 2.5
16395.4 2
29057.4 2.5
31297.6 2.9
48428.9 3.24483
49922 1
62589 1
63334.1 2
74510 2.5
75255 2.9
87921 3.24483
88666.1 3.55301
98351.8 3.83446
99096.9 4.09525
99840.9 4.33944
112509 1
113253 1
113998 2
114744 3
126665 3.33333
127409 3.63333
128898 3.90856
137091 4.16441
137836 4.40454
139329 4.63158
149016 4.84749
149762 5.05378
150505 5.25165
151995 1
161683 2
162423 3
163168 3.33333
164661 3.33333
174344 3.63333
175089 1
176584 2
185520 2.5
187010 2.9
195951 3.24483
198186 3.55301
207872 3.83446
209364 4.09525
211597 4.33944
222774 1
224268 2
225013 2
227990 3
239914 3.33333
243639 3.63333
244384 1
251086 2
255555 2.5
262265 2.9
267476 3.24483
275677 3.55301
280887 3.83446
281632 4.09525
286849 4.33944
291318 4.56988
292063 4.78871
292808 4.99753
299517 5.19763
303984 5.39003
305479 5.57555
306224 5.75491
314419 5.92867
315164 6.09735
319630 6.26135
320375 6.42106
321120 6.5768
325595 1
327086 1
327830 2
333041 3
334534 4
335281 4
344962 4.25
347202 4.48529
347947 4.70824
349435 4.92064
353903 5.12386
356883 5.31903
357628 5.50703
359121 5.68862
363588 5.86441
365082 6.03493
367317 1
368064 2
370299 3
373279 4
374024 4.25
374767 4.48529
375512 4.70824
376257 4.92064
377003 5.12386
377748 5.31903
378495 5.50703
