725 0
1685 0
2166 0
3487 0
4084 0
4565 0
5165 0
6126 0
6967 0
7567 0
8407 0
8887 0
9367 0
9722 0
10807 0
11767 0
12367 0
12722 0
13202 0
14047 0
14527 0
15007 0
15487 0
15967 0
16807 0
17527 0
18126 0
18487 0
18967 0
19807 0
20287 0
20767 0
21247 0
22203 0
23163 0
23642 0
24126 0
25087 0
25567 0
26047 0
26527 0
27367 0
28327 0
28807 0
29407 0
30247 0
30722 0
31202 0
31682 0
32162 0
33126 0
33607 0
34087 0
34927 0
35407 0
35767 0
36247 0
36722 0
37807 0
38287 0
38767 0
39247 0
39722 0
40202 0
40682 0
41162 0
42126 0
42607 0
43087 0
43567 0
44047 0
44527 0
45007 0
45487 0
46327 0
46806 0
47287 0
47767 0
48247 0
48726 0
49202 0
