3725.29 0
7450.58 0
12666 0
14156.1 0
24586.9 1
26077 1
26822.1 1
29057.3 1
37998 1
38743 1
39488.1 1
49918.9 1
50663.9 1
51409 1
52154.1 1
63329.9 1
64075 1
64820.1 1
65565.1 1
77486 1
78231.1 1
78976.2 1
79721.2 1
80466.3 1
90152 1
90897.1 1
91642.1 1
92387.2 1
93132.3 1
94622.4 1
105798 1
106543 1
107288 1
108033 1
108778 1
109524 1
111014 1
122190 1
122935 1
124425 1
125915 1
134110 1
135601 1
146031 1
147521 1
149012 1
161678 1
163168 1
165403 1
166148 1
178069 1
179559 1
186265 1
187755 1
188500 1
197440 1
198931 1
199676 1
211596 1
212342 1
213087 1
213832 1
222772 1
223517 1
225008 1
234693 1
235438 1
247359 1
248104 1
260770 1
261515 1
262260 1
272691 1
283867 1
286102 1
298768 1
301003 1
314415 1
315905 1
317395 1
329316 1
330806 1
331551 1
333041 1
341237 1
342727 1
343472 1
344962 1
345707 1
352412 1
353158 1
353903 1
354648 1
355393 1
356138 1
362843 1
364333 1
365078 1
365824 1
366569 1
367314 1
368059 1
374019 1
