2240.32 2240.32
6705.67 4465.35
8198.79 5958.46
15650.4 8944.7
16395.4 9689.75
29057.4 13407
31297.6 14902.2
48433.9 19376.5
49922 18624.5
61844 13410
62589 14155.1
72274.8 10430.8
73019.8 10430.8
82705.6 10430.8
83450.7 10430.8
84194.7 11174.9
96116.6 13411
96861.7 13411
97605.8 13411
98350.8 14156.1
110273 14156.1
111018 14156.1
111763 14157.1
112507 14156.1
122194 11920.9
123683 13410
124429 13411
125173 13410
125918 13411
137095 14901.2
139330 15647.2
140076 16393.3
140821 16392.3
141566 16393.3
142311 16393.3
152742 15647.2
154230 11918.9
164662 11919.9
166151 13409
166898 12668
168386 14156.1
179559 14897.2
180308 14157.1
181052 14154.1
182542 14156.1
195955 16396.3
196699 17140.3
197444 17135.3
207872 11916.9
208620 11920.9
218307 10434.8
219051 10430.8
230969 12662
231718 12667
243638 12669
244384 13415
245127 13409
257049 13411
257795 13411
258538 14154.1
259285 14158.1
264496 7446.58
265245 5959.46
265989 6703.52
271950 7454.58
272695 7450.58
273439 7450.58
281632 9681.75
282381 10430.8
283125 10429.8
283870 10430.8
293557 11924.9
294302 11920.9
295047 12666
295791 12666
296536 12666
307713 14156.1
309202 14900.2
309949 14902.2
310692 14901.2
311439 15648.2
312184 15648.2
324100 16387.3
324849 15647.2
336025 11924.9
336770 12670
337514 12665
339005 14155.1
349436 13411
350181 13411
350925 13411
352416 13411
359867 10430.8
360612 11175.9
361356 11174.9
362103 11177.9
363591 11175.9
370299 10431.8
371044 8940.7
372534 8942.7
