4489.5 2
12687.1 2
14921.3 2.5
29079.4 2.9
29823.5 1
38765.2 2
46959.8 2.5
48448.9 2.9
57390.6 3.24483
58879.7 3.55301
70056.6 3.83446
70801.7 4.09525
72290.8 4.33944
86447.9 4.56988
87192.9 4.78871
87938 1
88682.1 2
101349 3
102838 3.33333
112525 3.63333
114014 3.90856
114760 4.16441
125191 4.40454
126680 4.63158
127426 4.84749
128170 5.05378
138602 5.25165
140091 5.44207
140837 5.62582
141581 5.80357
142326 5.97588
153504 6.14322
154992 6.306
155737 6.46458
156482 6.61927
157227 1
165424 2
166167 3
166912 4
167660 4.25
168403 4.48529
177343 4.70824
178088 4.92064
178834 5.12386
179579 5.31903
189264 5.50703
190009 5.68862
190754 5.86441
191500 6.03493
192245 6.20063
203420 6.36191
204910 6.51909
205655 1
206401 2
207148 3
207893 4
219811 4.25
222046 4.48529
222795 4.70824
223538 4.92064
233969 5.12386
235458 5.31903
236203 5.50703
236949 1
245890 2
246633 3
248869 3.33333
249614 3.33333
258556 3.63333
260789 3.90856
261535 4.16441
272710 4.40454
275691 4.63158
276436 4.84749
277181 5.05378
288357 5.25165
291337 5.44207
292827 5.62582
293575 5.80357
294318 5.97588
301770 6.14322
304748 6.306
306238 6.46458
306983 6.61927
307729 6.77034
315182 6.91805
315927 1
318159 2
320394 2
321139 3
321884 4
324863 4.25
329335 4.48529
330080 4.70824
330825 4.92064
333804 5.12386
339024 5.31903
340514 5.50703
341256 5.68862
344984 5.86441
