240 6000
360 4500
480 3000
600 1500
720 4500
840 3000
960 1500
1080 0
1240 6000
1360 4500
1480 3000
1600 1500
1720 7500
1840 6000
1960 4500
2080 3000
2200 9000
2320 7500
2440 6000
2560 4500
2680 10500
2800 9000
2920 7500
3040 6000
3160 12000
3280 10500
3400 9000
3520 7500
3640 13500
3760 12000
3880 10500
4000 9000
4120 7500
4240 13500
4360 12000
4480 10500
4600 9000
4720 15000
4840 13500
4960 12000
5080 10500
5200 16500
5320 15000
5440 13500
5560 12000
5680 18000
5800 16500
5920 15000
6040 13500
6160 19500
6280 18000
6400 16500
6520 15000
6640 21000
6760 19500
6880 18000
7000 16500
7120 16500
7240 21000
7360 19500
7480 18000
7600 16500
7720 22500
7840 21000
7960 19500
8080 18000
8200 24000
8320 22500
8440 21000
8560 19500
8680 25500
8800 24000
8920 22500
9040 21000
9160 27000
9280 25500
9400 24000
9520 22500
9640 28500
9760 27000
9880 25500
10000 24000
10120 24000
10240 27000
10360 25500
10480 24000
10600 22500
10720 28500
10840 27000
10960 25500
11080 24000
11200 30000
11320 28500
11440 27000
11560 25500
11680 30000
11800 28500
11920 27000
12040 25500
12160 31500
12280 30000
12400 28500
12520 27000
12640 31500
12760 30000
12880 28500
13000 27000
13120 27000
13240 30000
13360 28500
13480 27000
13600 25500
13720 31500
13840 30000
13960 28500
14080 27000
14200 33000
14320 31500
14440 30000
14560 28500
14680 34500
14800 33000
14920 31500
15040 30000
15160 34500
15280 33000
15400 31500
15520 30000
15640 34500
15760 33000
15880 31500
16000 30000
16120 30000
16240 33000
16360 31500
16480 30000
16600 28500
16720 33000
16840 31500
16960 30000
17080 28500
17200 34500
17320 33000
17440 31500
17560 30000
17680 36000
17800 34500
17920 33000
18040 31500
18160 37500
18280 36000
18400 34500
18520 33000
18640 39000
18760 37500
18880 36000
19000 34500
19120 33000
19240 37500
19360 36000
19480 34500
19600 33000
19720 39000
19840 37500
19960 36000
20080 34500
20200 40500
20320 39000
20440 37500
20560 36000
20680 42000
20800 40500
20920 39000
21040 37500
21160 43500
21280 42000
21400 40500
21520 39000
21640 45000
21760 43500
21880 42000
22000 40500
22120 39000
22240 45000
22360 43500
22480 42000
22600 40500
22720 45000
22840 43500
22960 42000
23080 40500
23200 46500
23320 45000
23440 43500
23560 42000
23680 48000
23800 46500
23920 45000
24040 43500
24160 48000
24280 46500
24400 45000
24520 43500
24640 48000
24760 46500
24880 45000
25000 43500
25120 43500
25240 46500
25360 45000
25480 43500
25600 42000
25720 48000
25840 46500
25960 45000
26080 43500
26200 46500
26320 45000
26440 43500
26560 42000
26680 46500
26800 45000
26920 43500
27040 42000
27160 46500
27280 45000
27400 43500
27520 42000
27640 46500
27760 45000
27880 43500
28000 42000
28120 40500
28240 43500
28360 42000
28480 40500
28600 39000
28720 43500
28840 42000
28960 40500
29080 39000
29200 43500
29320 42000
29440 40500
29560 39000
29680 43500
29800 42000
29920 40500
30040 39000
30160 42000
30280 40500
30400 39000
30520 37500
30640 42000
30760 40500
30880 39000
31000 37500
31120 36000
31240 40500
31360 39000
31480 37500
31600 36000
31720 40500
31840 39000
31960 37500
32080 36000
32200 39000
32320 37500
32440 36000
32560 34500
32680 40500
32800 39000
32920 37500
33040 36000
33160 40500
33280 39000
33400 37500
33520 36000
33640 40500
33760 39000
33880 37500
34000 36000
34120 34500
34240 40500
34360 39000
34480 37500
34600 36000
34720 40500
34840 39000
34960 37500
35080 36000
35200 40500
35320 39000
35440 37500
35560 36000
35680 39000
35800 37500
35920 36000
36040 34500
36160 40500
36280 39000
36400 37500
36520 36000
36640 42000
36760 40500
36880 39000
37000 37500
37120 36000
37240 42000
37360 40500
37480 39000
37600 37500
37720 43500
37840 42000
37960 40500
38080 39000
38200 43500
38320 42000
38440 40500
38560 39000
38680 43500
38800 42000
38920 40500
39040 39000
39160 43500
39280 42000
39400 40500
39520 39000
39640 45000
39760 43500
39880 42000
40000 40500
40120 39000
40240 45000
40360 43500
40480 42000
40600 40500
40720 46500
40840 45000
40960 43500
41080 42000
41200 46500
41320 45000
41440 43500
41560 42000
41680 46500
41800 45000
41920 43500
42040 42000
42160 46500
42280 45000
42400 43500
42520 42000
42640 48000
42760 46500
42880 45000
43000 43500
43120 43500
43240 46500
43360 45000
43480 43500
43600 42000
43720 46500
43840 45000
43960 43500
44080 42000
44200 45000
44320 43500
44440 42000
44560 40500
44680 45000
44800 43500
44920 42000
45040 40500
45160 45000
45280 43500
45400 42000
45520 40500
45640 45000
45760 43500
45880 42000
46000 40500
46120 39000
46240 43500
46360 42000
46480 40500
46600 39000
46720 45000
46840 43500
46960 42000
47080 40500
47200 45000
47320 43500
47440 42000
47560 40500
47680 45000
47800 43500
47920 42000
48040 40500
48160 45000
48280 43500
48400 42000
48520 40500
48640 46500
48760 45000
48880 43500
49000 42000
49120 42000
49240 45000
49360 43500
49480 42000
49600 40500
49720 45000
49840 43500
49960 42000
