4473.5 2
10433 3
12667.1 4
21608.8 5
23097.9 2
25338.1 3
26828.2 3.33333
35763.9 1
37259.1 2
40239.3 2.5
47684.9 2.9
49179 3.24483
58865.7 3.55301
60354.9 1
61095.9 2
72271.8 2.5
73765.9 2.9
84937.8 3.24483
86431.9 3.55301
97608.8 1
99838.9 2
110270 2.5
111015 2.9
121446 3.24483
122936 1
134112 2
135606 2.5
149018 2.9
151253 3.24483
163170 3.55301
165409 1
166899 2
176580 2.5
180305 2.9
190736 3.24483
194461 3.55301
207127 3.83446
208621 4.09525
211603 4.33944
222774 4.56988
224264 4.78871
225009 4.99753
225758 1
235439 2
237680 3
238420 3.33333
250341 3.63333
251835 3.90856
253325 4.16441
265987 4.40454
268227 4.63158
268967 1
269716 2
280148 3
282378 3.33333
292064 3.63333
292814 3.90856
295049 4.16441
306221 4.40454
306966 4.63158
307714 4.84749
308459 5.05378
320377 5.25165
321122 5.44207
321867 5.62582
322615 5.80357
323360 1
331557 2
333047 3
333792 3.33333
334536 3.63333
339750 3.90856
340498 4.16441
341242 4.40454
344965 4.63158
345710 4.84749
346455 5.05378
347947 5.25165
350925 5.44207
352416 5.62582
353161 5.80357
353908 5.97588
355398 6.14322
358376 6.306
360611 6.46458
361356 6.61927
362101 6.77034
363593 6.91805
364337 7.0626
367317 7.20419
369552 7.343
371044 7.47918
371790 7.61288
373280 7.74424
374025 7.87337
374770 8.00038
377751 8.12537
379241 8.24844
379986 8.36968
