3728.44 2
9687.9 3
11177 4
20863.8 5
22353.9 2
24592.1 3
34278.8 3.33333
36510 3.63333
39494.2 3.90856
45451.7 4.16441
46939.8 4.40454
48429.9 4.63158
55882.5 4.84749
57370.6 5.05378
58120.7 5.25165
59610.8 5.44207
69292.5 1
70037.6 2
70786.7 3
83448.7 3.33333
84193.7 3.63333
85682.8 3.90856
96114.6 4.16441
96863.7 4.40454
98353.8 4.63158
107291 4.84749
108036 5.05378
108780 5.25165
109525 5.44207
118470 5.62582
119211 5.80357
119955 5.97588
120701 6.14322
122191 6.306
131132 6.46458
131877 6.61927
132621 6.77034
133367 6.91805
134857 7.0626
136352 7.20419
146034 7.343
146779 1
147523 2
148273 3
150507 4
151993 4.25
162425 4.48529
163915 4.70824
164663 4.92064
166149 5.12386
175091 5.31903
177326 5.50703
178074 5.68862
178820 5.86441
179560 6.03493
189247 6.20063
191482 6.36191
192230 6.51909
192975 6.67249
193716 6.82236
195206 6.96893
205642 7.11243
207872 7.25303
209367 1
210112 2
212348 3
222029 4
223519 4.25
233954 4.48529
234695 4.70824
236185 4.92064
236935 5.12386
247361 5.31903
248106 5.50703
248851 5.68862
249596 5.86441
251086 6.03493
263012 6.20063
263757 6.36191
264497 6.51909
265242 6.67249
266732 6.82236
267481 6.96893
277164 7.11243
277909 1
278653 2
279398 3
280893 4
281637 4.25
290575 4.48529
291320 4.70824
293558 4.92064
294303 5.12386
305476 5.31903
