3728.44 19.9831
9687.9 12.5021
11177 20.0054
20863.8 13.3333
22353.9 17.6471
23843 17.6471
24592.1 22.2156
34278.8 22.2156
36510 23.8095
39494.2 14.999
45451.7 20.0054
47685.9 20
49175 23.0888
50670.1 26.6667
56628.6 26.6643
59609.8 24.9937
61095.9 25
62591 25
64076.1 27.7881
71529.7 25
75257 23.808
76742.1 23.8095
78237.2 23.8095
79722.4 23.8095
87175.9 23.8095
88668.1 26.0839
90899.2 28.5787
91644.3 29.998
92389.3 31.5879
93883.5 31.5678
101332 31.5789
104310 18.75
105055 23.5294
106544 23.5387
113253 25
116231 25
116976 25
118465 25
119214 29.4025
129642 17.6471
131131 17.6471
132626 16.6654
141563 18.75
143052 18.75
145292 17.6471
146778 21.0601
157213 19.0428
158700 19.0464
159448 21.0541
170620 12.5
171369 17.6429
172115 17.6457
181051 21.4286
181796 21.4347
182540 21.4388
184030 25.0105
194465 22.2173
195207 22.2222
195951 22.2222
197442 22.2222
198937 24.9916
210113 23.808
210854 23.8095
211598 23.8095
212343 25
213838 25
222775 29.4211
223524 33.3333
225014 20
233950 20
234695 25
235439 25.0105
236930 25.0105
247364 22.2173
248106 22.2222
248851 22.2222
250341 25
251090 26.3084
262263 25.005
263012 24.9933
263757 24.9916
265247 24.9916
266732 27.2727
267477 27.2794
277909 17.6526
279398 21.0601
280147 22.2156
280892 22.2156
290578 23.5238
292064 23.5294
293559 22.2206
294303 22.2222
295789 25.0067
305476 25.005
308459 15.7895
309945 15.7895
321122 14.2857
324106 14.2848
335278 6.66905
336772 11.7647
