1507.12 0
5232.41 0
5977.46 0
14173.1 1
15663.2 1
16408.3 1
17898.4 1
27584.1 2
31309.4 2
32054.5 3
32799.6 3
40995.2 3
41740.3 3
42485.3 3
52171.1 3
52916.1 3
53661.2 3
54406.2 3
64837.1 3
65582.1 3
66327.2 3
67072.2 3
78248.1 3
78993.2 3
79738.2 3
93149.3 3
93894.3 3
94639.4 3
109541 3
110286 3
118481 3
119971 3
120716 3
129657 3
131147 3
131892 3
132637 3
143813 3
145303 3
146048 3
146793 3
154244 3
155734 3
156479 3
157224 3
157969 3
166165 3
167655 3
168400 3
169145 3
169890 3
170635 3
178831 3
180321 3
181066 3
181811 3
182556 3
183301 3
184046 3
194477 3
195967 3
196712 3
197457 3
198202 3
198948 3
199693 3
200438 3
210123 3
211613 3
212359 3
213104 3
213849 3
222789 3
223534 3
224279 3
225025 3
226515 3
234710 3
235455 3
236200 3
236945 3
237691 3
239181 3
250357 3
251102 3
251847 3
252592 3
253337 3
254082 3
254827 3
268238 3
268983 3
269728 3
271218 3
277924 3
278669 3
279414 3
280904 3
283139 3
290590 3
291335 3
292080 3
293570 3
295805 3
