242 242
847 347
1242 242
2327 827
2447 447
3527 1027
3646 646
4722 1222
5327 1327
5447 947
6047 1047
7126 1626
7247 1247
7847 1347
8447 1447
9527 2027
9646 1646
10607 2107
10722 1722
11807 2307
11927 1927
13007 2007
14447 2447
14567 2067
15646 2146
16722 2222
17202 2202
18162 2662
18287 2287
19367 2367
20447 2947
20567 2567
21642 3142
22722 3222
22847 2847
23927 3427
24047 3047
24527 3027
25126 3126
26087 3087
26927 3427
27407 3407
27527 3027
28607 3607
29206 3706
29327 3327
30407 3907
30527 3527
31607 4107
32087 4087
33162 4162
33287 3787
34367 4367
34487 3987
35087 4087
36047 4047
36887 4387
37487 3987
38327 3827
39287 3787
40607 4107
40722 3722
41204 3704
42162 3662
43126 3626
44447 3447
45164 3664
45767 3267
46726 3226
47927 3427
48047 3047
48407 2907
49247 3247
49847 3347
49967 2967
