4172.44 21.2969
13110.1 8.33613
14604.7 14.2838
28013.3 9.99866
30995.5 9.09115
37699.1 11.1144
39187.2 18.1907
47384.8 15.3846
48872.9 15.3846
59305.7 12.5
60793.9 16.6692
61542.9 17.6415
71971.7 17.6471
72716.8 18.7469
73459.8 23.5294
74204.9 23.5368
87617.9 19.0476
88363 19.0476
89108.1 19.0452
89851.1 19.0476
90596.2 22.7273
100285 29.4094
101776 27.7736
102519 27.7778
103266 27.7695
104011 27.7695
105497 30
115930 17.6498
116677 22.2222
118163 21.0586
118909 22.2206
130087 21.0511
130831 21.0556
140517 14.2871
141262 20.0018
142750 18.7531
151693 20
152438 20
164359 11.7647
165104 11.7647
179260 5.26316
192673 5.55473
193416 10.5263
203847 7.14286
205335 12.5021
215023 13.3333
216511 13.3333
228434 11.1111
229922 15.002
230668 15.7884
243335 15
254513 6.66547
256746 11.1111
265687 13.3357
267175 14.2885
276863 13.3333
278351 17.6498
279841 17.6471
289529 17.6471
291021 17.6415
291764 22.2189
293999 21.0497
302940 13.3333
303685 18.75
305920 18.75
317098 15.7872
317843 15.7872
320074 15.7917
329018 18.7516
329763 23.5313
330508 23.5313
331250 26.6667
336468 40
337955 36.377
338704 41.6667
339449 41.6667
340936 38.4615
344664 45.4545
346151 45.4545
347645 41.662
348389 41.6667
349876 42.8695
350622 46.1491
353605 50
355092 50
357330 46.1586
358075 46.1538
359562 46.1538
360311 49.9808
361056 49.9856
363287 53.8628
364781 53.8295
367017 53.8406
367762 53.8406
368507 58.3072
369252 58.3333
369997 61.5385
371487 57.1429
372976 61.5194
374467 61.5321
