228.666 48.8741
783.46 20.1442
895.219 33.5334
1789.29 22.2222
2015.81 27.2063
2128.56 27.1843
2351.08 30.7058
3917.7 21.0032
4029.46 24.9442
4364.74 19.0314
4475.5 22.718
4587.26 22.7273
4811.77 24.9907
5035.29 24.9814
5256.81 23.0769
7270.47 16.6667
7377.22 13.3532
7938.02 3.85013
8049.78 3.70739
8164.53 3.84351
9392.88 8.32092
9505.64 16.6667
10622.2 18.1818
10734 25
10844.7 16.6916
12186.8 14.2857
12299.6 14.2766
13528 16.6667
13639.7 16.6791
14870.1 16.6542
15091.6 15.3952
15204.3 21.4286
16317.9 23.1566
16544.4 15.3846
16658.2 15.374
16770 21.4149
18221.8 17.61
18333.6 14.2949
18444.3 13.3493
19898.2 13.3333
20006 13.3652
21687.3 12.493
21908.9 11.7462
23475.5 12.5
23697 12.5
23810.8 17.6285
25035.1 21.4973
25150.9 23.0611
25261.6 23.1087
25373.4 21.456
26827.2 12.4721
26939 6.25
27051.8 6.24302
28392.9 8.33333
28503.6 15.3952
30180 12.507
30292.8 11.7647
30516.3 11.1056
31853.4 6.67862
31968.1 7.69761
33197.5 16.6295
33309.2 16.6667
34535.6 16.704
34650.3 8.33333
34761.1 15.3952
36326.7 12.4791
36438.5 13.3254
38115.9 12.493
38227.6 6.24651
39456 8.33955
39567.7 15.3952
40797.1 16.6667
40908.8 16.6667
42473.5 13.3333
42585.2 6.66667
42697 12.5
44149.8 13.3333
44372.4 13.3413
45714.5 14.2857
45826.2 15.374
47055.6 16.6667
47167.3 15.3846
47278.1 15.3952
48956.5 11.7585
49068.2 12.486
