2069 2069
3092 3092
4139 2070
5163 3094
6187 3095
7211 4119
8235 4096
9259 5120
10283 5120
11307 6144
12332 6145
13357 7170
14402 2070
15427 2070
16471 2069
17495 3093
18519 3092
19543 3072
20567 3072
21591 4096
22615 4096
23639 4096
24663 4096
25688 5121
26733 2070
27758 2070
28803 2070
29828 3095
30852 3094
31876 3073
32900 3072
33924 4096
34948 4096
35972 4096
36996 4096
38021 5121
39066 2070
40091 2070
41136 2070
42161 3095
43185 3094
44209 3073
45233 3072
46257 4096
47281 4096
48305 4096
49329 4096
50352 5119
51399 2070
52423 2071
53469 2070
54495 3096
55519 3096
56543 3074
57567 3072
58591 4096
59615 4096
60639 4096
61663 4096
62689 5122
63733 2070
64763 2074
65803 2070
66829 3096
67853 3090
68877 3074
69901 3072
70925 4096
71949 4096
72973 4096
73997 4096
75023 5122
76067 2070
77097 2074
78137 2070
79163 3096
80187 3090
81211 3074
82235 3072
83259 4096
84283 4096
85307 4096
86331 4096
87357 5122
88401 2070
89431 2074
90471 2070
91497 3096
92521 3090
93545 3074
94569 3072
95593 4096
96617 4096
97641 4096
98665 4096
99691 5122
