3728.44 3728.44
9687.9 5959.46
11177 7448.58
20863.8 11175.9
22352.9 12665
23843 12666
24592.1 13415
34274.8 13411
35764.9 14901.2
38748.2 14156.1
44705.6 8940.7
46943.8 8195.64
55136.4 10430.8
57374.6 10430.8
58860.7 11916.9
67061.4 11924.9
70040.6 12666
71526.7 12666
73021.8 14161.1
79723.4 12662
83451.7 13411
84196.7 12670
85682.8 12661
93134.4 13411
94623.5 14900.2
98352.8 14901.2
99097.9 14901.2
100584 14901.2
108785 15650.2
110270 15646.2
111020 16396.3
114744 16391.3
116230 17132.3
117725 17141.3
126662 17877.4
127407 17137.3
128152 17132.3
128901 17881.4
131880 17136.3
133371 17140.3
134857 17131.3
143053 14152.1
146038 14157.1
147523 14152.1
149018 14161.1
155719 12666
157957 11919.9
159444 11920.9
160193 12670
161679 12661
168385 12666
170624 12667
172110 12666
173604 13411
175090 14897.2
176585 14906.2
181800 13415
183285 12661
184781 12671
187015 13411
188505 13415
189996 13411
191481 14896.2
194462 12662
200425 10428.8
201915 10433.8
202659 11177.9
204893 10430.8
210111 9685.75
213090 11174.9
213835 11175.9
216814 11920.9
218308 13415
222778 12667
226501 13411
227246 13411
236187 9685.75
237675 11173.9
239170 11923.9
249598 13411
251086 13411
252578 13408
254066 14896.2
265992 16394.3
267477 16391.3
269714 17136.3
271207 17141.3
271948 17882.4
278656 12664
279400 11922.9
280888 11173.9
289831 10430.8
291319 11918.9
292066 11177.9
301752 11920.9
303240 11920.9
304735 12669
306222 14156.1
315908 14156.1
317401 14161.1
