2997.23 0
7467.58 0
10447.8 0
11937.9 0
20133.6 1
20878.6 1
23113.8 1
25349 1
35034.7 1
36524.8 1
37269.9 1
44720.5 1
46955.7 1
47700.7 1
48445.8 1
57386.5 1
60366.7 1
61111.8 1
61856.8 1
70797.5 1
71542.6 1
72287.6 1
73032.7 1
73777.7 1
84208.6 1
84953.6 1
85698.7 1
96129.5 1
97619.6 1
98364.7 1
109541 1
110286 1
111776 1
121461 1
122207 1
131892 1
133382 1
143813 1
144558 1
156479 1
157224 1
169890 1
179576 1
181066 1
190007 1
191497 1
200438 1
202673 1
203418 1
213104 1
216084 1
216829 1
217574 1
228005 1
229495 1
230240 1
230985 1
232475 1
241416 1
243651 1
244396 1
254827 1
256317 1
257062 1
264513 1
266003 1
274198 1
276434 1
286864 1
289845 1
290590 1
301766 1
305491 1
306236 1
306981 1
315922 1
320392 1
321882 1
330078 1
333058 1
334548 1
340509 1
341999 1
345724 1
347214 1
355410 1
356155 1
356900 1
363605 1
364350 1
365095 1
366586 1
369566 1
371056 1
371801 1
372546 1
373291 1
376271 1
378506 1
379252 1
379997 1
380742 1
383722 1
