2383.47 0
4383.47 0
6769.43 0
11153.4 0
15537.3 0
15729.1 0
19921.3 0
20115 0
24305.3 0
24501 0
28689.2 0
28881 0
29071.7 0
33073.2 0
33266.9 0
33457.7 0
37457.1 0
37652.9 0
37843.6 0
38034.4 0
41841.1 0
42038.8 0
42229.6 0
42420.3 0
46225.1 0
46424.8 0
46615.5 0
46806.3 0
50609 0
50800.8 0
50991.5 0
51182.2 0
51373 0
54993 0
55186.7 0
55377.5 0
55568.2 0
55758.9 0
59376.9 0
59572.7 0
59763.4 0
59954.2 0
60144.9 0
60335.6 0
63760.9 0
63958.6 0
64149.4 0
64340.1 0
64530.8 0
64721.6 0
68144.9 0
68344.6 0
68535.3 0
68726.1 0
68916.8 0
69107.5 0
72528.8 0
72720.6 0
72911.3 0
73102 0
73292.8 0
73483.5 0
73674.2 0
76912.8 0
77106.5 0
77297.3 0
77488 0
77678.7 0
77869.5 0
78060.2 0
81296.7 0
81492.5 0
81683.2 0
81874 0
82064.7 0
82255.4 0
82446.2 0
85680.7 0
85878.4 0
86069.2 0
86259.9 0
86450.6 0
86641.4 0
86832.1 0
87022.9 0
90064.7 0
90264.4 0
90455.1 0
90645.9 0
90836.6 0
91027.3 0
91218.1 0
91408.8 0
94448.6 0
94650.4 0
94841.1 0
95031.8 0
95222.6 0
95413.3 0
95604 0
95794.8 0
98832.6 0
99036.3 0
99227.1 0
99417.8 0
99608.5 0
99799.3 0
99990 0
100181 0
100371 0
103217 0
103422 0
103613 0
103804 0
103994 0
104185 0
104376 0
104567 0
104757 0
107601 0
107808 0
107999 0
108190 0
108380 0
108571 0
108762 0
108953 0
109143 0
111984 0
112194 0
112385 0
112576 0
112766 0
112957 0
113148 0
113339 0
113529 0
113720 0
116368 0
116580 0
116771 0
116962 0
117152 0
117343 0
117534 0
117725 0
117915 0
118106 0
120752 0
120966 0
121157 0
121348 0
121538 0
121729 0
121920 0
122111 0
122301 0
122492 0
125136 0
125352 0
125543 0
125734 0
125924 0
126115 0
126306 0
126496 0
126687 0
126878 0
127069 0
129520 0
129738 0
129929 0
130120 0
130310 0
130501 0
130692 0
130882 0
131073 0
131264 0
131455 0
133904 0
134124 0
134315 0
134505 0
134696 0
134887 0
135078 0
135268 0
135459 0
135650 0
135841 0
138288 0
138510 0
138701 0
138891 0
139082 0
139273 0
139464 0
139654 0
139845 0
140036 0
140227 0
142672 0
142896 0
143087 0
143277 0
143468 0
143659 0
143850 0
144040 0
144231 0
144422 0
144613 0
147056 0
147282 0
147473 0
147663 0
147854 0
148045 0
148236 0
148426 0
148617 0
148808 0
148998 0
151440 0
151668 0
151859 0
152049 0
152240 0
152431 0
152622 0
152812 0
153003 0
153194 0
153384 0
155824 0
156054 0
156245 0
156435 0
156626 0
156817 0
157007 0
157198 0
157389 0
157580 0
157770 0
160208 0
160440 0
160630 0
160821 0
161012 0
161203 0
161393 0
161584 0
161775 0
161966 0
162156 0
164592 0
164826 0
165016 0
165207 0
165398 0
165589 0
165779 0
165970 0
166161 0
166352 0
166542 0
168976 0
169212 0
169402 0
169593 0
169784 0
169975 0
170165 0
170356 0
170547 0
170738 0
170928 0
173360 0
173598 0
173788 0
173979 0
174170 0
174361 0
174551 0
174742 0
174933 0
175124 0
175314 0
177744 0
177984 0
178174 0
178365 0
178556 0
178747 0
178937 0
179128 0
179319 0
179509 0
179700 0
182128 0
182370 0
182560 0
182751 0
182942 0
183132 0
183323 0
183514 0
183705 0
183895 0
184086 0
186512 0
186756 0
186946 0
187137 0
187328 0
187518 0
187709 0
187900 0
188091 0
188281 0
188472 0
190896 0
191141 0
191332 0
191523 0
191714 0
191904 0
192095 0
192286 0
192477 0
192667 0
192858 0
195280 0
195527 0
195718 0
195909 0
196100 0
196290 0
196481 0
196672 0
196863 0
197053 0
197244 0
199664 0
199913 0
200104 0
200295 0
200486 0
200676 0
200867 0
201058 0
201249 0
201439 0
201630 0
204048 0
204299 0
204490 0
204681 0
204872 0
205062 0
205253 0
205444 0
205635 0
205825 0
206016 0
208432 0
208685 0
208876 0
209067 0
209258 0
209448 0
209639 0
209830 0
210020 0
210211 0
210402 0
212816 0
213071 0
213262 0
213453 0
213643 0
213834 0
214025 0
214216 0
214406 0
214597 0
214788 0
217200 0
217457 0
217648 0
217839 0
218029 0
218220 0
218411 0
218602 0
218792 0
218983 0
219174 0
221583 0
221843 0
222034 0
222225 0
222415 0
222606 0
222797 0
222988 0
223178 0
223369 0
223560 0
225967 0
226229 0
226420 0
226611 0
226801 0
226992 0
227183 0
227374 0
227564 0
227755 0
227946 0
230351 0
230615 0
230806 0
230997 0
231187 0
231378 0
231569 0
231760 0
231950 0
232141 0
232332 0
234735 0
235001 0
235192 0
235383 0
235573 0
235764 0
235955 0
236145 0
236336 0
236527 0
236718 0
239119 0
239387 0
239578 0
239769 0
239959 0
240150 0
240341 0
240531 0
240722 0
240913 0
241104 0
243503 0
243773 0
243964 0
244154 0
244345 0
244536 0
244727 0
244917 0
245108 0
245299 0
245490 0
247887 0
248159 0
248350 0
248540 0
248731 0
248922 0
249113 0
249303 0
249494 0
249685 0
249876 0
252271 0
252545 0
252736 0
252926 0
253117 0
253308 0
253499 0
253689 0
253880 0
254071 0
254262 0
256655 0
256931 0
257122 0
257312 0
257503 0
257694 0
257885 0
258075 0
258266 0
258457 0
258647 0
261039 0
261317 0
