3728.44 2
9687.9 3
11177 4
20863.8 5
22353.9 2
23843 3
24592.1 3.33333
34278.8 3.63333
36510 3.90856
39494.2 4.16441
46195.7 4.40454
49179 4.63158
49924 4.84749
50665.1 5.05378
58116.7 5.25165
60355.9 1
61099.9 2
61845 2
63336.1 3
70786.7 3.33333
73765.9 3.63333
75252 1
81214.5 2
84196.7 2.5
91645.3 2.9
96116.6 3.24483
105056 3.55301
111018 3.83446
112510 4.09525
121451 4.33944
125921 4.56988
128153 1
129643 1
132622 2
136350 3
142308 3.33333
147526 1
149016 2
152739 2.5
160937 2.9
164660 3.24483
174348 1
178817 2
180305 2
194462 2.5
195207 2.9
207877 3.24483
208618 1
219794 2
220539 2
233206 2.5
233950 2.9
248110 3.24483
248852 3.55301
259282 3.83446
260027 4.09525
261517 4.33944
271948 4.56988
272693 4.78871
274183 4.99753
274932 5.19763
288344 5.39003
289089 5.57555
290574 5.75491
291323 5.92867
292069 6.09735
304735 6.26135
305480 6.42106
306965 1
307714 2
308460 2
309205 2
317397 2
318142 3
325593 4
326338 4.25
327827 4.48529
335278 4.70824
336023 4.92064
337512 5.12386
338262 5.31903
344219 5.50703
345708 5.68862
347198 5.86441
347947 6.03493
348693 6.20063
355399 6.36191
357630 6.51909
359119 6.67249
359868 6.82236
360614 6.96893
361354 7.11243
366571 7.25303
369555 1
371045 2
371789 2
372535 3
373280 4
374025 4.25
377750 4.48529
