561.943 19.8879
1455.01 12.514
1677.53 20.0359
3247.15 12.4721
3465.67 11.1166
3577.43 5.88235
3805.95 5.25079
5701.84 4.55286
5924.36 4.17445
7266.47 0
7489.98 0
8942.85 7.69231
10510.5 7.12919
10730 12.507
12186.8 13.3333
12406.4 13.3333
13636.7 15.4164
13748.5 21.4697
13971 14.2857
15539.6 5.87308
15651.4 0
15875.9 0
17328.7 0
18777.6 7.71354
20234.5 7.67119
20345.2 14.2584
22134.4 11.7647
22246.1 11.7585
23806.8 6.68261
23918.5 6.26401
24146 5.88235
25483.1 8.35826
25705.7 14.3315
27271.3 12.5
27385 13.3095
28947.7 13.3333
29061.4 18.7291
29173.2 12.5
30624 13.3333
30851.6 12.486
30961.3 17.6471
32635.7 6.26401
32749.5 11.7771
32975 11.1001
34647.3 11.7771
34874.9 11.7647
36212 14.2857
36437.5 14.304
36658 18.8026
37664.8 23.0769
38002.1 21.4286
38222.6 21.4286
38451.1 24.9303
39564.7 23.5294
40015.8 22.2002
40234.3 16.6667
40573.6 10.5313
41801.9 4.99553
41913.7 9.5157
42027.4 11.1111
43811.6 11.7771
43927.3 5.88235
44150.8 10.5263
45378.2 14.2675
45603.7 15.3846
46833 15.3635
47051.6 15.4377
48060.4 18.2114
48280.9 15.4377
48509.4 15.3319
49625 14.2857
