2241.32 2241.32
6709.67 4468.35
8199.79 5958.46
14906.3 8196.64
16394.4 9684.75
28317.4 13411
31296.6 14902.2
40979.3 12662
51414.2 10434.8
52900.3 11920.9
63336.1 11921.9
65568.3 12668
75252 11915.9
76744.1 13408
77492.2 11923.9
89408.1 14156.1
90900.2 14156.1
91648.3 14904.2
93135.4 15643.2
107290 17881.4
108782 17881.4
109530 17881.4
111020 17884.4
111765 18629.5
125916 18626.5
127406 16386.3
128151 16386.3
139327 13411
141562 14156.1
142307 14156.1
143057 14906.2
152738 13411
155723 12666
157210 14153.1
167639 14901.2
168384 12661
169129 11918.9
179560 11175.9
180305 11175.9
192971 13411
194466 14161.1
205637 12666
206382 13411
207129 12663
218303 12666
219048 12666
219793 13411
221288 14159.1
229479 11175.9
231719 10430.8
233206 11917.9
242145 12666
243640 11920.9
245127 11920.9
256301 12661
257793 12666
268970 12669
270460 12667
271205 13412
285363 14158.1
286108 14903.2
295789 10425.8
296534 10425.8
307713 11923.9
308458 12669
309947 13413
322614 14901.2
323359 14901.2
324103 15645.2
324851 14904.2
337515 14901.2
338261 13409
348693 11177.9
349438 11922.9
350925 12665
354654 5960.46
355399 5960.46
356141 5215.41
356886 5960.46
359865 5211.41
360610 5211.41
361355 5214.41
362101 5215.41
363591 6705.52
365826 5960.46
367317 6706.52
368062 6706.52
368807 6705.52
370297 6705.52
372535 6709.52
373280 7454.58
374022 6705.52
374767 6705.52
375512 6705.52
376257 5960.46
377003 4467.35
377751 4470.35
378496 5215.41
379241 5218.41
379986 5218.41
