2240.32 33.2567
9690.9 10
11179 16.6704
22355.9 11.7656
23847 11.7628
34276.8 7.14354
35022.9 13.3333
43962.6 15.3846
44705.6 15.3894
56628.6 11.7647
57374.6 16.6654
58117.7 16.6654
70784.7 15.7895
71530.7 11.1095
84195.7 11.1111
84940.8 11.1119
96861.7 6.25
97606.8 11.7647
108779 12.5042
109528 12.5
122194 11.1078
122939 15.785
123683 15.7906
137095 15
137841 14.999
138584 19.0488
139329 19.0476
153487 18.1807
154231 18.1829
154975 18.1818
155720 18.1818
157210 20.8333
165403 31.2631
166152 31.25
166896 31.25
167641 31.25
168386 33.3333
169131 37.5
178069 35.2941
178818 35.2941
179562 35.2941
180307 35.2941
181052 35.2941
181797 35.2941
182542 38.8889
191484 38.8773
192229 38.8889
192975 38.8831
193720 38.8831
194465 38.8831
195208 38.8889
204896 20
205640 25.0021
206384 25.0042
207874 23.5294
216067 26.6786
216816 26.6667
217562 26.6619
219050 29.4118
219794 31.2526
227243 23.0888
228736 23.0769
229480 23.0769
237674 21.4286
239169 21.4245
239911 26.6691
240659 26.6595
251834 12.4979
252579 17.6443
253323 17.6498
267481 14.2848
268223 14.2875
268968 14.2866
269716 18.1796
283124 10.5263
283869 10.5285
295790 11.7647
297281 15.7884
298025 15.7895
310691 15
312930 9.99799
324100 11.1128
325594 11.7666
335276 13.3333
336023 18.7469
337514 18.75
344964 16.6667
346454 16.6685
355395 14.2857
357630 13.3333
359120 17.6471
368064 17.6429
370299 17.6429
373278 15.7872
374023 19.9973
379985 25
380730 28.5714
383710 40
384455 50
385200 50
