2981.23 0
7451.58 0
8941.7 0
17137.3 0
18627.5 0
19372.5 0
20117.6 0
30548.4 2
32038.5 5
32783.6 5
33528.6 5
35018.7 5
44704.5 5
45449.5 5
53645.2 5
54390.2 5
55135.3 5
63330.9 5
64076 5
64821.1 5
65566.1 5
76742 5
77487 5
78232.1 5
78977.2 5
93133.3 5
93878.3 5
94623.4 5
95368.4 5
96113.5 5
109525 5
110270 5
111015 5
111760 5
112505 5
124426 5
125171 5
125916 5
127406 5
137837 5
138582 5
139327 5
140072 5
150503 5
151248 5
151993 5
163169 5
163914 5
174345 5
175090 5
185520 5
186266 5
187756 5
198932 5
199677 5
201167 5
201912 5
216068 5
216813 5
218303 5
219048 5
228734 5
229479 5
230224 5
238420 5
239165 5
239910 5
249595 5
250341 5
251086 5
252576 5
261516 5
262261 5
263006 5
264497 5
265242 5
277163 5
278653 5
279398 5
292064 5
294299 5
295044 5
296534 5
307710 5
309945 5
310690 5
312180 5
312925 5
325591 5
329317 5
330062 5
338257 5
341238 5
348688 5
351668 5
360609 5
363589 5
365079 5
370295 5
373275 5
374765 5
375510 5
