2000 2000
3056.25 1056.25
3057.25 1
6582.13 3524.88
8112.01 1529.88
9637.37 1525.37
9638.37 1
11170.3 1531.88
12693.1 1522.88
14223 1529.88
14224 1
15744.9 1520.88
17274.8 1529.88
18796.6 1521.88
20326.5 1529.88
21848.4 1521.88
21849.4 1
23378.3 1528.88
24900.2 1521.88
26430 1529.88
27951.9 1521.88
29481.8 1529.88
29482.8 1
31003.7 1520.88
32533.6 1529.88
34055.4 1521.88
35585.3 1529.88
37107.2 1521.88
38637.1 1529.88
38638.1 1
40159 1520.88
41688.8 1529.88
43210.7 1521.88
44740.6 1529.88
46262.5 1521.88
47792.3 1529.88
49314.2 1521.88
50844.1 1529.88
50845.1 1
52366 1520.88
53895.9 1529.88
55417.7 1521.88
56947.6 1529.88
58469.5 1521.88
59999.4 1529.88
61521.3 1521.88
63051.1 1529.88
63052.1 1
64573 1520.88
66102.9 1529.88
67624.8 1521.88
69154.7 1529.88
70676.5 1521.88
72206.4 1529.88
73728.3 1521.88
75258.2 1529.88
76780 1521.88
78309.9 1529.88
78310.9 1
79831.8 1520.88
81361.7 1529.88
82883.6 1521.88
84413.4 1529.88
85935.3 1521.88
87465.2 1529.88
88987.1 1521.88
90517 1529.88
92038.8 1521.88
93568.7 1529.88
93569.7 1
95090.6 1520.88
96620.5 1529.88
98142.4 1521.88
99672.2 1529.88
101194 1521.88
102724 1529.88
104246 1521.88
105776 1529.88
107298 1521.88
108001 703.661
116453 8451.61
117983 1529.88
119505 1521.88
121035 1529.88
122556 1521.88
122941 384.543
127138 4197.09
128660 1521.88
130190 1529.88
131712 1521.88
133242 1529.88
134763 1521.88
134764 1
136242 1477.17
139345 3103.46
140867 1521.88
142397 1529.88
143919 1521.88
143920 1
145449 1528.88
146970 1521.88
148500 1529.88
150022 1521.88
150023 1
151552 1528.88
153074 1521.88
154604 1529.88
156126 1521.88
157656 1529.88
159178 1521.88
159179 1
160707 1528.88
162229 1521.88
163759 1529.88
165281 1521.88
166811 1529.88
168333 1521.88
168334 1
169863 1528.88
171385 1521.88
172914 1529.88
174436 1521.88
175966 1529.88
177488 1521.88
179018 1529.88
179019 1
180540 1520.88
182070 1529.88
183592 1521.88
185121 1529.88
186643 1521.88
188173 1529.88
189695 1521.88
191225 1529.88
192747 1521.88
192748 1
194277 1528.88
195799 1521.88
197328 1529.88
198850 1521.88
200380 1529.88
201902 1521.88
203432 1529.88
204954 1521.88
206484 1529.88
206485 1
208006 1520.88
209536 1529.88
211057 1521.88
212587 1529.88
214109 1521.88
215639 1529.88
217161 1521.88
218691 1529.88
220213 1521.88
221743 1529.88
223264 1521.88
223265 1
224794 1528.88
226316 1521.88
227846 1529.88
229368 1521.88
230898 1529.88
232420 1521.88
233950 1529.88
235181 1231.54
243105 7923.73
244627 1521.88
246157 1529.88
247678 1521.88
249208 1529.88
250730 1521.88
252260 1529.88
252261 1
252579 318.144
258364 5784.37
259886 1521.88
261415 1529.88
262937 1521.88
263578 640.722
265989 2411.04
267519 1529.88
269041 1521.88
270571 1529.88
272093 1521.88
272094 1
273622 1528.88
275144 1521.88
276674 1529.88
278196 1521.88
278197 1
279726 1528.88
281248 1521.88
282778 1529.88
284300 1521.88
285829 1529.88
287351 1521.88
287352 1
288881 1528.88
290403 1521.88
291933 1529.88
293455 1521.88
294985 1529.88
296507 1521.88
296508 1
298036 1528.88
299558 1521.88
301088 1529.88
302610 1521.88
304140 1529.88
305662 1521.88
307192 1529.88
307193 1
308714 1520.88
310244 1529.88
311765 1521.88
313295 1529.88
314817 1521.88
316347 1529.88
317869 1521.88
319399 1529.88
320921 1521.88
320922 1
322451 1528.88
323972 1521.88
325502 1529.88
327024 1521.88
328554 1529.88
330076 1521.88
331606 1529.88
333128 1521.88
334658 1529.88
334659 1
336179 1520.88
337709 1529.88
339231 1521.88
340761 1529.88
342283 1521.88
343813 1529.88
345335 1521.88
346865 1529.88
348386 1521.88
349916 1529.88
351438 1521.88
351439 1
352968 1528.88
354490 1521.88
356020 1529.88
357542 1521.88
359072 1529.88
360594 1521.88
362123 1529.88
363355 1232.02
371279 7923.25
372801 1521.88
374330 1529.88
375852 1521.88
377382 1529.88
378904 1521.88
380434 1529.88
380435 1
380753 318.24
386537 5784.28
388059 1521.88
389589 1529.88
391111 1521.88
391752 641.246
394163 2410.51
395693 1529.88
397215 1521.88
398744 1529.88
400266 1521.88
400267 1
401796 1528.88
403318 1521.88
404848 1529.88
406370 1521.88
406371 1
407900 1528.88
409422 1521.88
410952 1529.88
412473 1521.88
414003 1529.88
415525 1521.88
415526 1
417055 1528.88
418577 1521.88
420107 1529.88
421629 1521.88
423159 1529.88
424680 1521.88
424681 1
426210 1528.88
427732 1521.88
429262 1529.88
430784 1521.88
432314 1529.88
433836 1521.88
435366 1529.88
435367 1
436887 1520.88
438417 1529.88
439939 1521.88
441469 1529.88
442991 1521.88
444521 1529.88
446043 1521.88
447573 1529.88
449094 1521.88
449095 1
450624 1528.88
452146 1521.88
453676 1529.88
455198 1521.88
456728 1529.88
458250 1521.88
459780 1529.88
461302 1521.88
462831 1529.88
462832 1
464353 1520.88
465883 1529.88
467405 1521.88
468935 1529.88
470457 1521.88
471987 1529.88
473509 1521.88
475038 1529.88
476560 1521.88
478090 1529.88
479612 1521.88
479613 1
481142 1528.88
482664 1521.88
484194 1529.88
485716 1521.88
487245 1529.88
488767 1521.88
490297 1529.88
491529 1232.02
499453 7923.25
500974 1521.88
502504 1529.88
504026 1521.88
505556 1529.88
507078 1521.88
508608 1529.88
508609 1
508927 318.24
514711 5784.28
516233 1521.88
517763 1529.88
519285 1521.88
519926 641.246
522337 2410.51
523867 1529.88
525388 1521.88
526918 1529.88
528440 1521.88
528441 1
529970 1528.88
531492 1521.88
533022 1529.88
534544 1521.88
534545 1
536074 1528.88
537595 1521.88
539125 1529.88
540647 1521.88
542177 1529.88
543699 1521.88
543700 1
545229 1528.88
546751 1521.88
548281 1529.88
549803 1521.88
551332 1529.88
552854 1521.88
552855 1
554384 1528.88
555906 1521.88
557436 1529.88
558958 1521.88
560488 1529.88
562010 1521.88
563539 1529.88
563540 1
565061 1520.88
566591 1529.88
568113 1521.88
569643 1529.88
571165 1521.88
572695 1529.88
574217 1521.88
575746 1529.88
577268 1521.88
577269 1
578798 1528.88
580320 1521.88
581850 1529.88
583372 1521.88
584902 1529.88
586424 1521.88
587953 1529.88
589475 1521.88
591005 1529.88
591006 1
592527 1520.88
594057 1529.88
595579 1521.88
597109 1529.88
598631 1521.88
619703 21072.5
