1490.12 0
5215.41 0
5960.46 0
10430.8 0
12666 1
14156.1 1
14901.2 1
25332 2
27567.1 2
28312.2 2
44703.5 2
46193.6 2
47683.7 2
57369.5 2
58114.5 2
58859.6 2
59604.6 2
68545.3 2
69290.4 2
70035.5 2
70780.5 2
78231.1 2
78976.2 2
79721.2 2
80466.3 2
81211.3 2
90897.1 2
92387.2 2
93132.3 2
93877.3 2
94622.4 2
95367.4 2
108778 2
109524 2
110269 2
111759 2
125170 2
126660 2
127405 2
128895 2
129640 2
139326 2
140071 2
141561 2
151247 2
151992 2
164658 2
166148 2
175089 2
177324 2
178069 2
187755 2
189990 2
190735 2
192225 2
205636 2
206381 2
207126 2
216812 2
217557 2
218302 2
219047 2
227988 2
228733 2
229478 2
230223 2
230968 2
239909 2
240654 2
241399 2
242144 2
242889 2
251085 2
252575 2
253320 2
254065 2
254810 2
255555 2
263751 2
265986 2
266731 2
267476 2
268221 2
268966 2
269711 2
278652 2
280887 2
281632 2
282377 2
283122 2
283867 2
284612 2
286102 2
298768 2
299513 2
300258 2
301749 2
302494 2
312179 2
313669 2
314415 2
321865 2
325590 2
