3726.29 0
9686.75 0
11176.9 0
20862.6 0
22352.7 0
23842.9 0
24587.9 0
34273.7 0
36508.8 0
37999 4
39489.1 4
46194.6 4
49174.8 4
50664.9 4
52155.1 4
61840.8 4
62585.9 4
63330.9 4
73016.7 4
73761.7 4
74506.8 4
85682.7 4
86427.7 4
87172.8 4
88662.9 4
101329 4
102819 4
103564 4
105054 4
116975 4
118465 4
128896 4
130386 4
140817 4
141562 4
142307 4
153483 4
154228 4
154973 4
156463 4
166149 4
166894 4
167639 4
169129 4
169874 4
178070 4
178815 4
179560 4
181050 4
181795 4
182540 4
190736 4
191481 4
192226 4
203402 4
204147 4
204892 4
206382 4
217558 4
218303 4
219793 4
230224 4
230969 4
232459 4
242890 4
243635 4
254066 4
254811 4
256301 4
268222 4
268967 4
270457 4
271202 4
283123 4
284613 4
286103 4
295044 4
296534 4
298024 4
306965 4
307710 4
308455 4
309200 4
318141 4
318886 4
319631 4
320376 4
321866 4
330807 4
331552 4
332297 4
333042 4
334532 4
336022 4
342728 4
343473 4
344218 4
344963 4
346453 4
347198 4
349433 4
