2241.32 2
6709.67 3
8199.79 2
14906.3 2.5
16394.4 2
28317.4 2.5
31298.6 2.9
40979.3 3.24483
41728.4 3.55301
50668.1 3.83446
51414.2 4.09525
52159.2 4.33944
62589 4.56988
64078.1 1
64825.2 2
65571.3 3
75255 3.33333
76744.1 3.63333
77492.2 3.90856
87175.9 4.16441
87921 4.40454
88665.1 4.63158
99841.9 4.84749
100587 5.05378
101332 5.25165
102076 5.44207
114745 5.62582
116232 5.80357
116978 5.97588
117722 6.14322
118467 6.306
129646 6.46458
131133 6.61927
131879 6.77034
132623 6.91805
133369 7.0626
134114 7.20419
142307 7.343
143799 7.47918
144545 7.61288
145289 7.74424
146035 7.87337
146780 8.00038
147525 8.12537
154228 8.24844
155723 8.36968
156466 8.48916
157210 8.60696
157955 8.72314
158701 8.83778
159446 8.95093
160191 9.06265
166149 9.17299
168387 1
169132 2
169879 2
170624 3
171370 3
172115 4
172860 5
173602 5
178070 5.2
181053 5.39231
181798 5.57776
182542 5.75704
184032 5.93074
189246 6.09935
193719 6.26331
194464 6.42297
195208 1
196701 1
202657 2
204152 3
209367 4
210111 4.25
217558 1
222774 2
223522 2
225011 2
236935 3
238422 3.33333
249601 3.63333
251088 3.90856
251835 4.16441
263010 4.40454
264499 1
265246 1
266737 2
277908 3
280892 3.33333
292067 1
292809 1
295794 2
307715 2.5
309202 2.9
318144 3.24483
319633 3.55301
329320 3.83446
330065 4.09525
331557 4.33944
