1510.27 2
5234.56 2
5978.61 2.5
16411.4 2
17899.5 2.5
31312.6 2.9
32800.7 3.24483
41743.4 3.55301
42488.5 3.83446
43231.5 1
55154.4 2
55899.5 2.5
68567.5 2.9
69312.5 1
80486.4 2
93898.5 2.5
94642.5 2.9
108055 3.24483
108801 3.55301
120720 3.83446
121467 4.09525
122208 4.33944
132641 4.56988
133388 4.78871
134129 4.99753
135619 5.19763
143818 5.39003
144563 1
145304 1
146799 2
149029 3
154246 3.33333
157969 3.63333
158715 3.90856
163932 4.16441
168404 4.40454
169150 4.63158
176598 4.84749
177343 5.05378
182561 5.25165
183306 5.44207
192989 1
193734 2
194482 2
198952 2
199697 3
210869 3.33333
211618 3.63333
212364 3.90856
222049 4.16441
222794 4.40454
223536 4.63158
235455 1
236205 2
236950 2
238437 3
248125 3
249613 3.33333
250361 3.63333
259297 1
260792 1
262283 2
272708 2.5
274204 2.9
286870 1
288359 2
300280 2.5
301767 2.9
313691 3.24483
315178 3.55301
326356 3.83446
327844 1
328591 1
340513 2
354670 2.5
356156 2.9
362120 3.24483
362865 3.55301
366586 3.83446
367331 4.09525
368076 4.33944
371061 4.56988
372547 4.78871
373296 4.99753
374041 5.19763
374782 5.39003
375527 5.57555
376272 5.75491
377018 5.92867
377763 6.09735
378508 6.26135
379253 6.42106
379998 6.5768
380743 6.72885
381488 6.87746
382233 7.02286
382978 7.16526
383723 7.30482
384472 7.44171
385217 7.57609
