4489.5 2
12687.1 2
14921.3 2.5
29079.4 2.9
29823.5 3.24483
39509.2 3.55301
40254.3 3.83446
40999.3 4.09525
51430.2 4.33944
52919.3 4.56988
53665.3 4.78871
54409.4 4.99753
64839.2 5.19763
66330.3 1
67076.4 1
67822.4 2
78250.2 2
78997.3 3
90916.2 3.33333
91664.3 3.63333
93152.4 3.90856
104327 4.16441
105072 1
107310 2
116996 2
118483 3
128172 3.33333
130404 1
131894 1
140093 2
151268 2.5
152757 2.9
160206 3.24483
161698 3.55301
171385 3.83446
172130 4.09525
173619 4.33944
186286 4.56988
187031 4.78871
187775 4.99753
189265 5.19763
202678 1
203422 2
204168 3
205656 3
206400 3.33333
213850 3.63333
215342 3.90856
216086 4.16441
225026 4.40454
226518 4.63158
227265 4.84749
228008 5.05378
239185 5.25165
239931 5.44207
240674 5.62582
241419 5.80357
242164 5.97588
251106 6.14322
251848 6.306
252595 6.46458
253340 6.61927
254085 6.77034
263028 6.91805
263769 7.0626
264514 7.20419
265261 7.343
266006 7.47918
266751 7.61288
273457 7.74424
274947 7.87337
275690 8.00038
276437 1
277182 2
277927 3
279419 4
287614 5
289103 5.2
289846 5.39231
290591 1
298789 2
299534 3
301024 3.33333
302514 3.33333
312946 3.63333
314436 3.90856
315923 4.16441
324866 4.40454
327102 4.63158
329338 4.84749
330083 5.05378
338278 1
341258 2
342003 3
342745 3.33333
344237 3.63333
356905 1
357650 1
359140 1
363606 2
