4487.35 0
8957.7 0
12683 0
14918.2 0
26094 1
26839.1 1
29074.3 1
29819.3 1
38760 1
39505.1 1
40250.1 1
49935.9 1
50680.9 1
51426 1
52171.1 1
63346.9 1
64092 1
64837.1 1
65582.1 1
74522.8 1
75267.9 1
76012.9 1
76758 1
77503 1
85698.7 1
86443.7 1
87188.8 1
87933.9 1
88678.9 1
89424 1
96874.5 1
97619.6 1
98364.7 1
99109.7 1
99854.8 1
100600 1
101345 1
109541 1
110286 1
111031 1
111776 1
122952 1
123697 1
124442 1
125187 1
125932 1
137853 1
138598 1
139343 1
140088 1
140833 1
149774 1
150519 1
159459 1
160204 1
169890 1
170635 1
171380 1
182556 1
183301 1
184046 1
184791 1
198202 1
198948 1
199693 1
200438 1
201183 1
210868 1
211613 1
212359 1
213104 1
213849 1
215339 1
227260 1
228005 1
228750 1
229495 1
230240 1
231730 1
232475 1
241416 1
242906 1
244396 1
245886 1
251847 1
253337 1
254827 1
256317 1
266003 1
266748 1
268238 1
280159 1
282394 1
292825 1
294315 1
304001 1
305491 1
312941 1
313686 1
315177 1
324117 1
326352 1
336783 1
