4172.44 21.2969
13110.1 8.33613
14604.7 14.2838
28013.3 9.99866
30995.5 9.09115
38444.1 14.2857
39189.2 18.1863
40677.3 23.0865
50365 18.75
51110.1 18.75
52602.2 18.7437
53347.3 23.522
63031 23.5294
65265.2 12.5031
66010.3 17.6512
77189.1 15.7872
80169.4 14.997
80914.4 14.997
92089.3 15.001
92834.3 19.0488
104755 11.7647
105500 16.6667
106987 15.7928
118911 15.7895
119656 15.7895
121144 15.7895
132322 16.6667
133067 21.0526
134555 20.004
135300 21.0526
148713 18.1829
149459 18.1818
150946 20.8368
162126 11.7638
163612 11.7647
165106 15.785
174045 18.7531
174791 19.9946
176278 20.0072
186711 17.6471
187456 22.2222
188944 21.0571
189689 22.2222
200869 21.0497
201614 21.0497
203100 23.8126
204594 23.8034
205339 23.8034
214278 27.7819
215023 27.7819
215768 29.4071
216515 31.25
217260 35.2941
218746 33.3433
227689 33.3333
229177 18.7563
230667 22.2289
231413 23.5276
239611 24.9979
241098 25
242592 24.9916
243334 25
244827 27.7716
253767 26.3158
256001 17.6457
257489 17.6526
267179 16.6654
270902 15
272391 14.999
273880 18.1818
277609 28.5742
280588 30.7692
282821 28.5742
291019 14.2857
292507 18.7531
294743 18.7484
303685 17.6471
305173 17.6471
308154 16.6667
309643 20.0013
317095 22.2239
318584 22.2222
321565 22.2222
323800 21.0511
324545 24.9983
333487 22.7259
334979 22.7217
337956 22.7273
340940 21.7353
341685 21.7353
351367 16.6667
352113 20.0054
352857 20.0072
361799 21.4265
362546 21.4224
363287 21.4286
364032 26.6667
371485 30.7692
372230 30.7756
372977 30.7565
