223.517 6000
335.276 4500
447.035 3000
558.794 1500
670.552 4500
782.311 3000
894.07 1500
1005.83 0
1223.52 6000
1335.28 4500
1447.03 3000
1558.79 1500
1670.55 7500
1782.31 6000
1894.07 4500
2005.83 3000
2117.59 9000
2229.35 7500
2341.1 6000
2452.86 4500
2564.62 3000
2676.38 9000
2788.14 7500
2899.9 6000
3011.66 4500
3123.42 10500
3235.17 9000
3346.93 7500
3458.69 6000
3570.45 4500
3682.21 10500
3793.97 9000
3905.73 7500
4017.49 6000
4129.24 12000
4241 10500
4352.76 9000
4464.52 7500
4576.28 6000
4688.04 12000
4799.8 10500
4911.55 9000
5023.31 7500
5135.07 13500
5246.83 12000
5358.59 10500
5470.35 9000
5582.11 7500
5693.87 13500
5805.62 12000
5917.38 10500
6029.14 9000
6140.9 15000
6252.66 13500
6364.42 12000
6476.18 10500
6587.94 9000
6699.69 15000
6811.45 13500
6923.21 12000
7034.97 10500
7146.73 16500
7258.49 15000
7370.25 13500
7482.01 12000
7593.76 10500
7705.52 16500
7817.28 15000
7929.04 13500
8040.8 12000
8152.56 18000
8264.32 16500
8376.07 15000
8487.83 13500
8599.59 12000
8711.35 18000
8823.11 16500
8934.87 15000
9046.63 13500
9158.39 19500
9270.14 18000
9381.9 16500
9493.66 15000
9605.42 13500
9717.18 19500
9828.94 18000
9940.7 16500
10052.5 15000
10164.2 21000
10276 19500
10387.7 18000
10499.5 16500
10611.2 15000
10723 21000
10834.8 19500
10946.5 18000
11058.3 16500
11170 22500
11281.8 21000
11393.6 19500
11505.3 18000
11617.1 22500
11728.8 22500
11840.6 21000
11952.4 19500
12064.1 18000
12175.9 24000
12287.6 22500
12399.4 21000
12511.1 19500
12622.9 24000
12734.7 22500
12846.4 21000
12958.2 19500
13069.9 18000
13181.7 24000
13293.5 22500
13405.2 21000
13517 19500
13628.7 25500
13740.5 24000
13852.3 22500
13964 21000
14075.8 19500
14187.5 25500
14299.3 24000
14411 22500
14522.8 21000
14634.6 27000
14746.3 25500
14858.1 24000
14969.8 22500
15081.6 21000
15193.4 27000
15305.1 25500
15416.9 24000
15528.6 22500
15640.4 28500
15752.1 27000
15863.9 25500
15975.7 24000
16087.4 22500
16199.2 27000
16310.9 25500
16422.7 24000
16534.5 22500
16646.2 28500
16758 27000
16869.7 25500
16981.5 24000
17093.3 22500
17205 28500
17316.8 27000
17428.5 25500
17540.3 24000
17652 30000
17763.8 28500
17875.6 27000
17987.3 25500
18099.1 24000
18210.8 30000
18322.6 28500
18434.4 27000
18546.1 25500
18657.9 31500
18769.6 30000
18881.4 28500
18993.2 27000
19104.9 25500
19216.7 31500
19328.4 30000
19440.2 28500
19551.9 27000
19663.7 31500
19775.5 30000
19887.2 28500
19999 27000
20110.7 25500
20222.5 31500
20334.3 30000
20446 28500
20557.8 27000
20669.5 33000
20781.3 31500
20893.1 30000
21004.8 28500
21116.6 33000
21228.3 33000
21340.1 31500
21451.8 30000
21563.6 28500
21675.4 34500
21787.1 33000
21898.9 31500
22010.6 30000
22122.4 36000
22234.2 34500
22345.9 33000
22457.7 31500
22569.4 30000
22681.2 36000
22792.9 34500
22904.7 33000
23016.5 31500
23128.2 36000
23240 34500
23351.7 33000
23463.5 31500
23575.3 30000
23687 36000
23798.8 34500
23910.5 33000
24022.3 31500
24134.1 34500
24245.8 33000
24357.6 31500
24469.3 30000
24581.1 28500
24692.8 34500
24804.6 33000
24916.4 31500
25028.1 30000
25139.9 34500
25251.6 33000
25363.4 31500
25475.2 30000
25586.9 28500
25698.7 34500
25810.4 33000
25922.2 31500
26034 30000
26145.7 34500
26257.5 33000
26369.2 31500
26481 30000
26592.7 28500
26704.5 34500
26816.3 33000
26928 31500
27039.8 30000
27151.5 34500
27263.3 33000
27375.1 31500
27486.8 30000
27598.6 28500
27710.3 33000
27822.1 31500
27933.8 30000
28045.6 28500
28157.4 34500
28269.1 33000
28380.9 31500
28492.6 30000
28604.4 28500
28716.2 34500
28827.9 33000
28939.7 31500
29051.4 30000
29163.2 36000
29275 34500
29386.7 33000
29498.5 31500
29610.2 30000
29722 33000
29833.7 31500
29945.5 30000
30057.3 28500
30169 33000
30280.8 31500
30392.5 30000
30504.3 28500
30616.1 33000
30727.8 31500
30839.6 30000
30951.3 28500
31063.1 27000
31174.9 33000
31286.6 31500
31398.4 30000
31510.1 28500
31621.9 33000
31733.6 31500
31845.4 30000
31957.2 28500
32068.9 27000
32180.7 31500
32292.4 30000
32404.2 28500
32516 27000
32627.7 31500
32739.5 30000
32851.2 28500
32963 27000
33074.7 25500
33186.5 30000
33298.3 28500
33410 27000
33521.8 25500
33633.5 30000
33745.3 28500
33857.1 27000
33968.8 25500
34080.6 24000
34192.3 30000
34304.1 28500
34415.9 27000
34527.6 25500
34639.4 31500
34751.1 30000
34862.9 28500
34974.6 27000
35086.4 25500
35198.2 31500
35309.9 30000
35421.7 28500
35533.4 27000
35645.2 31500
35757 30000
35868.7 28500
35980.5 27000
36092.2 25500
36204 31500
36315.8 30000
36427.5 28500
36539.3 27000
36651 33000
36762.8 31500
36874.5 30000
36986.3 28500
37098.1 27000
37209.8 33000
37321.6 31500
37433.3 30000
37545.1 28500
37656.9 33000
37768.6 31500
37880.4 30000
37992.1 28500
38103.9 27000
38215.7 33000
38327.4 31500
38439.2 30000
38550.9 28500
38662.7 34500
38774.4 33000
38886.2 31500
38998 30000
39109.7 28500
39221.5 33000
39333.2 31500
39445 30000
39556.8 28500
39668.5 34500
39780.3 33000
39892 31500
40003.8 30000
40115.5 33000
40227.3 33000
40339.1 31500
40450.8 30000
40562.6 28500
40674.3 34500
40786.1 33000
40897.9 31500
41009.6 30000
41121.4 34500
41233.1 33000
41344.9 31500
41456.7 30000
41568.4 28500
41680.2 34500
41791.9 33000
41903.7 31500
42015.4 30000
42127.2 36000
42239 34500
42350.7 33000
42462.5 31500
42574.2 30000
42686 34500
42797.8 33000
42909.5 31500
43021.3 30000
43133 34500
43244.8 33000
43356.6 31500
43468.3 30000
43580.1 28500
43691.8 34500
43803.6 33000
43915.3 31500
44027.1 30000
44138.9 36000
44250.6 34500
44362.4 33000
44474.1 31500
44585.9 30000
44697.7 36000
44809.4 34500
44921.2 33000
45032.9 31500
45144.7 36000
45256.4 34500
45368.2 33000
45480 31500
45591.7 30000
45703.5 36000
45815.2 34500
45927 33000
46038.8 31500
46150.5 36000
46262.3 34500
46374 33000
46485.8 31500
46597.6 30000
46709.3 34500
46821.1 33000
46932.8 31500
47044.6 30000
47156.3 33000
47268.1 31500
47379.9 30000
47491.6 28500
47603.4 27000
47715.1 33000
47826.9 31500
47938.7 30000
48050.4 28500
48162.2 34500
48273.9 33000
48385.7 31500
48497.5 30000
48609.2 28500
48721 33000
48832.7 31500
48944.5 30000
49056.2 28500
49168 34500
49279.8 33000
49391.5 31500
49503.3 30000
49615 34500
49726.8 34500
49838.6 33000
49950.3 31500
