672.701 0
1674.7 0
2117.74 0
2793.29 0
3352.08 0
3799.12 0
4469.67 0
4916.7 0
5587.26 0
6141.05 0
6593.08 0
7263.64 0
7705.67 0
8381.22 0
8940.02 0
9387.05 0
10057.6 0
10504.6 0
11170.2 0
11734 0
12176 0
12851.6 0
13298.6 0
13969.2 0
14416.2 0
14975 0
15422 0
16092.6 0
16539.6 0
17205.2 0
17656.2 0
18662 0
19333.6 0
19780.6 0
20451.2 0
20898.2 0
21568.8 0
22015.8 0
22462.8 0
23129.4 0
23580.4 0
24251 0
24693 0
25368.5 0
26374.4 0
26708.7 0
27268.4 0
27603.7 0
28161.5 0
29167.3 0
29726.1 0
30169.2 0
30616.8 0
31291.8 0
31738.8 0
32074.1 0
32627.9 0
33079.9 0
33633.7 0
34085.7 0
34532.8 0
34979.8 0
35426.8 0
35873.9 0
36432.7 0
36879.7 0
37550.2 0
37997.3 0
38556.1 0
39114.9 0
39561.9 0
40567.7 0
41238.3 0
41461.8 0
42131.4 0
42686.1 0
43249.9 0
43692 0
44255.8 0
44697.8 0
45261.6 0
45707.6 0
46267.4 0
46709.5 0
47385 0
47715.3 0
48279.1 0
48837.9 0
49284.9 0
49616.8 0
