2241.32 33.2419
6709.67 16.6741
8199.79 25.0084
14906.3 18.1796
16394.4 23.0793
28317.4 11.1111
31296.6 9.99933
40984.3 11.7638
43216.5 12.501
51415.2 14.2857
52159.2 20.0018
54392.4 20
61845 21.4306
62590 21.4286
64078.1 25.0042
65568.3 26.6667
73761.9 25.0084
74511 25
76747.1 23.5238
78234.2 23.5294
78980.3 27.7757
87172.9 27.7778
87922 27.7778
89410.1 29.4187
90900.2 29.4118
91646.3 29.4118
92391.3 33.3333
99838.9 35.2941
100588 35.2941
101334 37.4906
102821 37.5
111764 20
112509 20.0018
113997 20
115487 23.5294
125175 22.2222
125920 22.2222
128154 21.0511
129644 21.0511
141565 11.1111
143054 15.001
144544 15.001
155721 15.7895
157210 15.7895
159447 14.999
160192 19.0464
172114 18.1807
173602 18.1818
176583 17.3913
177328 17.3913
178073 20.8333
185525 27.7778
189249 18.75
189994 18.75
198191 17.6471
201915 17.6471
202660 17.6471
212343 15.7939
213092 20
216816 20
227989 10.0027
231717 10
233207 13.6364
240660 17.6401
242892 20.0018
245128 18.75
252576 18.7579
254068 22.2272
255558 23.5294
258539 22.2222
266737 21.0452
268224 21.0526
269714 23.8095
270460 24.9983
274188 23.8065
280143 27.7881
281633 27.7819
283125 27.7778
291319 20
293559 18.7421
295046 18.75
304735 16.6605
307715 15.7895
309202 19.0513
310692 19.0476
320377 19.0525
324101 18.1874
325597 18.1785
327084 20.8333
338261 11.7666
339006 16.6692
339750 17.6471
348693 21.4245
349438 21.4245
350180 21.4286
351671 25
359864 26.6786
360609 26.6786
361359 26.6595
362104 28.5632
