1490.27 2
5216.56 2
5960.61 2.5
14160.3 2
14906.3 2.5
27572.3 2.9
28312.4 3.24483
40979.3 1
41723.4 2
42468.5 2.5
52154.2 2.9
52899.3 3.24483
63330.1 3.55301
64824.2 3.83446
65570.3 4.09525
77487.2 4.33944
79726.4 4.56988
80471.4 4.78871
81960.5 4.99753
90153.2 5.19763
90897.2 5.39003
91646.3 5.57555
92391.3 5.75491
102819 5.92867
103563 1
104312 1
105058 2
105803 3
118465 1
119209 2
119959 2.5
130386 2.5
131130 2.9
143056 1
143801 2
157212 2.5
157957 2.9
169874 3.24483
170619 3.55301
179559 3.83446
181799 4.09525
182540 4.33944
191480 4.56988
194461 1
195206 2
195951 3
204892 3.33333
208617 3.63333
209362 3.90856
220542 4.16441
224264 1
225009 2
230969 3
231713 3.33333
242890 3.63333
243634 1
244379 2
256305 2.5
257794 2.9
265988 3.24483
268225 3.55301
275674 3.83446
277166 4.09525
278656 4.33944
288340 4.56988
289832 4.78871
290578 4.99753
292067 5.19763
303989 5.39003
305478 5.57555
306224 5.75491
307713 1
309204 2
318888 3
319635 3.33333
320379 3.33333
329318 3.63333
330064 3.90856
330810 4.16441
339749 4.40454
340494 4.63158
341241 4.84749
341986 5.05378
351671 5.25165
352418 5.44207
353162 5.62582
353907 5.80357
354652 5.97588
359866 6.14322
360611 6.306
361356 6.46458
362102 6.61927
362847 6.77034
368062 6.91805
369552 7.0626
370299 7.20419
371044 7.343
371789 7.47918
372534 7.61288
377750 7.74424
