4473.5 4473.5
10433 5959.46
12667.1 8193.64
21608.8 11175.9
23097.9 12665
25338.1 12671
26828.2 14161.1
35768.9 14160.1
37258.1 15649.2
39494.2 12666
45450.7 9681.75
47689.9 10431.8
55136.4 9685.75
57370.6 9680.75
65568.3 10431.8
68546.5 11175.9
70036.6 12666
78234.2 12666
81957.5 13411
84197.7 14161.1
84942.8 14906.2
91645.3 13411
96118.6 14161.1
102820 11174.9
103566 11920.9
107290 11170.9
114741 11920.9
115487 11920.9
119955 12666
121450 14160.1
130387 15646.2
131133 15646.2
136347 16391.3
137092 15642.2
137837 16387.3
146034 15646.2
146780 15646.2
157209 10429.8
157955 11175.9
168385 11175.9
169131 11921.9
169878 11922.9
181796 13411
182542 13411
183289 13411
184034 14156.1
195952 14156.1
196698 14156.1
197446 14156.1
198191 14156.1
198936 14901.2
210109 14156.1
210855 14156.1
211600 14154.1
212347 14156.1
213092 14156.1
225755 15646.2
227248 17139.3
227991 17136.3
228738 17138.3
229483 17136.3
230228 17136.3
245130 19375.5
247362 20114.6
248107 20859.6
248853 20861.6
249600 20861.6
250345 20861.6
251090 20861.6
260029 14899.2
262264 14901.2
263757 15649.2
264499 16391.3
265246 16393.3
265991 16391.3
276420 12663
277165 12666
277910 12664
278657 13411
279402 13411
288342 11921.9
289834 12669
290579 12669
291323 12666
301010 11175.9
301752 11172.9
302499 11175.9
312183 11173.9
312928 11175.9
313673 11920.9
315165 12666
321869 9685.75
323360 10432.8
324103 10430.8
324850 11177.9
326341 11175.9
333792 11922.9
336024 12664
336769 12666
337514 12664
