3745.44 2
11197 2
13431.2 2.5
24609.1 2.9
28334.4 3.24483
35779.9 3.55301
38020.1 3.83446
38762.2 4.09525
44722.6 4.33944
47702.9 4.56988
48447.9 4.78871
49940 4.99753
56643.6 5.19763
59623.8 5.39003
60371.9 5.57555
61861 5.75491
70054.6 5.92867
71546.7 6.09735
73036.8 6.26135
73779.9 6.42106
75272 6.5768
81973.5 6.72885
83467.7 6.87746
84213.7 7.02286
85702.8 7.16526
86447.9 7.30482
87192.9 7.44171
95386.6 7.57609
97621.8 7.70809
98366.8 7.83782
99858.9 7.96541
100602 8.09095
101349 8.21454
102094 8.33628
111776 8.45624
114013 8.57449
115505 8.69112
116995 8.80618
117738 8.91974
118485 9.03185
119230 1
119975 2
127422 3
130404 4
131897 5
134130 5.2
134875 5.39231
135620 5.57776
136367 1
147541 2
149776 3
151268 3.33333
152014 3.63333
162442 3.90856
163187 4.16441
163934 4.40454
174366 4.63158
175111 4.84749
175855 5.05378
176600 5.25165
186284 5.44207
187032 5.62582
187776 5.80357
188521 5.97588
190011 6.14322
198948 6.306
199693 1
200442 1
201188 2
202678 2
203421 3
212364 3
213853 4
214597 4.25
224280 1
225770 1
226518 2
227265 3
240671 3.33333
241416 3.63333
242910 1
252597 1
253342 2
263768 2.5
264513 2.9
276434 3.24483
277928 3.55301
289845 1
291335 2
292085 2.5
305496 2.9
306241 3.24483
319647 3.55301
320392 3.83446
321886 4.09525
331568 4.33944
333058 4.56988
334553 4.78871
335298 4.99753
344234 5.19763
