2678.17 0
6403.46 0
10128.8 0
11618.9 0
18324.4 1
19069.5 1
22794.7 1
25029.9 1
33970.6 1
35460.7 1
36205.8 1
43656.4 1
45146.5 1
45891.5 1
46636.6 1
56322.4 1
58557.5 1
59302.6 1
60047.6 1
68988.3 1
70478.5 1
71968.6 1
72713.6 1
73458.7 1
81654.3 1
83144.4 1
83889.5 1
86124.7 1
86869.7 1
87614.8 1
94320.3 1
95810.4 1
97300.5 1
98045.6 1
99535.7 1
100281 1
101026 1
109221 1
110712 1
112947 1
113692 1
120397 1
121887 1
124123 1
124868 1
131573 1
133063 1
134553 1
136789 1
137534 1
145729 1
147219 1
147964 1
149455 1
150945 1
161376 1
162121 1
163611 1
165101 1
170316 1
171806 1
174042 1
174787 1
176277 1
182982 1
185217 1
187453 1
188198 1
189688 1
190433 1
198628 1
201609 1
205334 1
206079 1
213530 1
215765 1
220235 1
220980 1
226196 1
227686 1
229921 1
233646 1
234391 1
242587 1
245567 1
247057 1
253018 1
254508 1
255253 1
256743 1
264194 1
266429 1
267174 1
267919 1
269409 1
277605 1
280585 1
282075 1
282820 1
284310 1
285800 1
296231 1
296976 1
