1928.25 1928.25
3855.5 1927.25
4810.17 2881.92
5782.75 1927.25
6737.42 2881.92
7691.1 2880.92
8644.77 3834.6
9598.45 3815.7
10552.1 4769.37
11505.8 4768.37
12459.5 5722.05
13413.1 5722.05
14366.8 6675.72
15320.5 6675.72
16274.2 7629.39
17227.8 7629.39
18181.5 7629.39
19135.2 7629.39
20088.9 7629.39
22017.1 1928.25
23945.4 1928.25
25874.6 1929.25
27802.9 1928.25
29732.1 1929.25
30684.8 2881.92
31660.4 1928.25
32614 1929.25
33588.6 1928.25
34543.3 2882.92
35497 2882.92
36450.6 2862.02
37404.3 2861.02
38358 3814.7
39311.7 3814.7
40265.3 3814.7
41219 3814.7
42172.7 3814.7
43126.4 3814.7
44080 4768.37
45033.7 4768.37
45987.4 4768.37
46941.1 4768.37
47894.7 4768.37
48848.4 4768.37
49802.1 5722.05
50754.8 5721.05
52683 1928.25
54611.2 1928.25
56539.5 1928.25
57497.2 2885.92
58467.7 1928.25
59429.4 1932.25
60396 1928.25
61351.7 2883.92
62305.3 2875.92
63259 2863.02
64212.7 2861.02
65166.4 3814.7
66120 3814.7
67073.7 3814.7
68027.4 3814.7
68981.1 3814.7
69934.7 3814.7
70888.4 4768.37
71842.1 4768.37
72795.8 4768.37
73749.4 4768.37
74703.1 4768.37
75656.8 4768.37
76610.5 5722.05
77566.1 5724.05
79494.4 1928.25
81422.6 1928.25
83350.9 1928.25
84308.6 2885.92
85279.1 1928.25
86240.8 1932.25
87207.4 1928.25
88163.1 2883.92
89116.7 2875.92
90070.4 2863.02
91024.1 2861.02
91977.8 3814.7
92931.4 3814.7
93885.1 3814.7
94838.8 3814.7
95792.5 3814.7
96746.1 3814.7
97699.8 4768.37
98653.5 4768.37
99607.2 4768.37
