4473.5 4473.5
10433 5959.46
12667.1 8193.64
21608.8 11175.9
23097.9 12665
25338.1 12671
26828.2 14161.1
35768.9 14160.1
37258.1 15649.2
40239.3 13411
47685.9 11916.9
49176 11917.9
50669.1 10429.8
52155.2 11915.9
58117.7 10431.8
59609.8 10433.8
61099.9 10430.8
63336.1 11180.9
64079.1 11923.9
69293.5 11175.9
71530.7 11920.9
73017.8 11917.9
76000.1 12664
76745.1 12666
81214.5 11920.9
82706.6 13413
84197.7 12667
86432.9 13415
90156.2 14156.1
90903.2 14158.1
96860.7 15646.2
101329 11172.9
102074 11917.9
102823 11919.9
108037 11175.9
113253 11923.9
113998 11923.9
114744 11920.9
115489 12666
120703 12666
126661 13408
127409 13411
128156 13412
128901 13412
129645 14156.1
140072 11915.9
140820 11918.9
141565 12664
143057 13412
154228 14156.1
155722 14902.2
166152 11923.9
166899 12671
169132 13410
180305 14153.1
181055 14156.1
183288 14156.1
184033 14901.2
194464 11175.9
195209 11920.9
195954 11920.9
207130 12666
208621 13412
209365 13411
210112 14157.1
220538 13408
222779 14157.1
223524 14158.1
224268 14156.1
225013 14901.2
236933 16394.3
237678 14899.2
238425 14901.2
239170 14902.2
239914 14901.2
248854 10428.8
249599 10428.8
250344 10429.8
261520 12666
263011 13412
263755 14156.1
264501 14157.1
274931 13411
277166 14155.1
277911 14156.1
278657 14902.2
279403 14902.2
291324 16393.3
293558 16392.3
304733 13409
305478 14154.1
306223 12665
317399 12666
318890 13412
319634 13411
320380 14157.1
331557 14158.1
333045 14155.1
333790 14156.1
334537 14157.1
