561.943 19.8879
1455.01 12.514
1677.53 20.0359
3243.15 12.5
3465.67 16.675
3577.43 17.6471
3800.95 21.0526
6707.67 9.67742
7046.95 8.81425
7270.47 5.87462
7382.22 5.70699
7493.98 2.8535
7605.74 2.77433
7829.26 0
7941.02 0
9725.16 6.26401
10619.2 12.5
10953.5 18.1966
12299.6 6.6508
12523.1 11.74
12746.6 6.23257
12857.4 11.74
14530.8 12.528
14645.5 12.5
15983.6 15.3846
16211.2 14.2766
16429.7 12.528
17771.8 12.5
17886.5 6.67065
19224.6 7.69231
19339.4 15.3846
20677.5 15.3846
20905 14.2766
22577.4 11.7647
22692.2 16.6418
23027.4 15.7969
24589.1 16.6667
24700.8 16.6916
24811.6 21.0924
25150.9 15.7895
26380.2 18.7186
26493 18.7082
26604.7 12.4651
28165.3 6.68261
28281.1 12.5
28499.6 17.6936
29394.7 27.2727
29506.4 27.3618
29729 27.2727
31075.1 13.3016
31186.8 18.7082
31410.3 17.61
31521.1 18.7082
33085.7 13.3413
33197.5 18.7605
33417 17.6843
34985.6 17.6471
35097.4 17.6471
35316.9 17.6471
35432.7 22.1781
36997.3 22.2222
37109 22.2222
37328.6 22.2222
37557.1 15.782
37780.6 19.0395
39008.9 16.6667
39120.7 11.1111
39232.5 11.74
40797.1 13.3333
40908.8 13.3333
41016.6 18.792
42361.7 21.4286
42473.5 21.4286
42585.2 21.3739
43814.6 15.3846
44039.1 19.9881
44149.8 20
44369.4 18.792
45939 12.493
46050.7 11.7585
46157.5 12.5
47390.8 15.3952
47502.6 16.6171
48620.2 18.1818
48731.9 18.1818
