1935.27 1496.27
5659.56 3724.29
8642.79 6706.52
17584.5 11924.9
20564.7 11921.9
32481.6 14897.2
33226.7 12662
42912.5 10430.8
43657.5 10430.8
45146.6 11918.9
57072.6 14160.1
57814.6 14157.1
59302.7 14156.1
60051.8 14904.2
71228.7 14156.1
71970.7 14156.1
73458.8 14156.1
74954 14902.2
84635.7 13407
85381.8 14152.1
87618.9 12665
95066.5 10430.8
95811.6 10429.8
98045.8 10426.8
107733 12666
108478 13410
109967 14155.1
111457 13411
124128 16395.3
124873 16395.3
126363 17884.4
127107 17140.3
128593 17136.3
141264 17136.3
142749 15642.2
143498 14905.2
151691 10426.8
153180 10430.8
154675 11176.9
156160 12661
165102 13411
166592 13412
168086 13411
169571 13411
171066 14905.2
178513 13411
180747 14155.1
182241 14155.1
182986 13415
183727 12661
190434 11920.9
191923 13409
193413 12666
195652 13411
196397 13411
197138 13411
206080 15646.2
207569 15646.2
208319 16395.3
209809 16396.3
212044 16391.3
212790 16392.3
213535 16396.3
220981 14901.2
221726 14157.1
224710 11919.9
225455 11919.9
232902 11920.9
233647 11920.9
236631 11920.9
237376 11920.9
238862 13406
247807 14905.2
251532 14156.1
253022 14160.1
261217 9685.75
262704 9681.75
270900 9682.75
272394 9690.75
273879 11174.9
283569 12669
284314 11919.9
285055 11175.9
285800 11919.9
296235 12666
296980 12666
297721 12666
298466 12666
310391 14156.1
311136 14900.2
311881 14901.2
312627 14906.2
314113 15646.2
324544 14153.1
326039 13411
327524 13411
338704 14159.1
340195 14156.1
341685 14161.1
342427 14902.2
