242 0
847 0
1242 0
2327 0
2447 0
3527 0
3646 0
4722 0
5327 0
5447 0
6047 0
7126 0
7247 0
7847 0
8447 0
9527 0
9642 0
10247 0
11327 0
11447 0
12047 0
12646 0
13726 0
13847 0
14447 0
15527 0
15642 0
16722 0
16847 0
17447 0
18407 0
19487 0
19607 0
20202 0
20567 0
21642 0
22126 0
22722 0
23327 0
23447 0
24047 0
24887 0
25487 0
25967 0
26927 0
27047 0
27887 0
28367 0
28847 0
29447 0
30407 0
30527 0
31367 0
31487 0
31967 0
32447 0
32927 0
34007 0
34126 0
34607 0
35087 0
35927 0
36047 0
36887 0
37007 0
38447 0
38567 0
39047 0
39527 0
40007 0
40847 0
41447 0
42047 0
42527 0
43007 0
43847 0
43967 0
44447 0
45407 0
46367 0
46487 0
46967 0
47567 0
47927 0
48767 0
49722 0
