2000 2000
2240.32 240.323
2241.32 1
6720.97 4479.65
6721.97 1
9690.9 2968.93
11179 1488.12
22355.9 11176.9
23845 1489.12
23846 1
33531.8 9685.75
35021.9 1490.12
35764.9 743.058
35765.9 1
42468.5 6702.52
44707.6 2239.17
45450.7 743.058
46196.7 746.058
55139.4 8942.7
55140.4 1
58118.7 2978.23
58864.7 746.058
59607.8 743.058
71530.7 11922.9
72274.8 744.058
73018.8 744.058
84195.7 11176.9
84940.8 745.058
85684.8 744.058
96857.7 11172.9
96858.7 1
97606.8 748.058
98350.8 744.058
108783 10431.8
109528 745.058
109529 1
110273 744.058
111017 744.058
122939 11921.9
124428 1489.12
125174 746.058
125918 744.058
125919 1
126663 744.058
137096 10432.8
138584 1488.12
139330 746.058
140074 744.058
140819 745.058
140820 1
141564 744.058
149012 7447.58
152742 3730.29
153487 745.058
154230 743.058
161682 7451.58
163917 2235.17
164662 745.058
164663 1
165407 744.058
175094 9686.75
177328 2234.17
178817 1489.12
179563 746.058
179564 1
193720 14156.1
194465 745.058
194466 1
195208 742.058
204150 8941.7
204891 741.058
205639 748.058
206384 745.058
206385 1
213836 7450.58
214577 741.058
215325 748.058
216070 745.058
216815 745.058
216816 1
226502 9685.75
229483 2981.23
229484 1
230228 744.058
239914 9685.75
240654 740.058
241402 748.058
242892 1490.12
242893 1
252579 9685.75
253320 741.058
254065 745.058
255558 1493.12
257048 1490.12
257049 1
270461 13412
270462 1
271949 1487.12
273439 1490.12
285362 11922.9
285363 1
286851 1487.12
