1510.27 2
5234.56 2
5978.61 2.5
16411.4 2
17899.5 2.5
31312.6 2.9
32800.7 3.24483
40998.3 3.55301
41743.4 3.83446
42486.5 4.09525
52174.2 4.33944
52919.3 4.56988
53664.3 4.78871
54407.4 4.99753
63350.1 5.19763
64838.2 5.39003
65583.3 5.57555
66328.3 1
73780.9 2
75273 3
76759.1 3.33333
77506.2 3.63333
86446.9 3.90856
88682.1 4.16441
89427.1 1
99114.9 2
101350 2
102093 3
112524 3.33333
113269 3.63333
114757 3.90856
123700 4.16441
124445 4.40454
125933 4.63158
137113 4.84749
137858 5.05378
138599 5.25165
140089 1
150523 2
151268 2
152014 3
153500 3.33333
163934 3.63333
164679 3.90856
166166 4.16441
172874 4.40454
174362 4.63158
175856 4.84749
178086 5.05378
185540 5.25165
187028 5.44207
188522 5.62582
190752 5.80357
192243 5.97588
199696 1
201188 2
202678 3
204908 3.33333
206399 3.63333
218323 3.90856
220554 4.16441
222045 1
233223 1
235455 2
236946 3
246636 3.33333
248867 3.63333
249616 3.90856
259302 4.16441
262278 4.40454
263773 4.63158
273458 4.84749
274203 5.05378
277179 5.25165
277928 5.44207
286123 5.62582
286869 5.80357
288356 5.97588
290590 6.14322
291339 6.306
297299 6.46458
298044 6.61927
299531 6.77034
302511 1
304006 2
304750 3
312198 4
312946 4
313688 4.25
326355 1
327102 2
327848 3
328593 3.33333
339766 3.63333
340513 1
342004 2
353177 2.5
353922 2.9
362865 3.24483
363607 3.55301
