4489.5 2
12687.1 2
14921.3 2.5
29079.4 2.9
29823.5 3.24483
38762.2 3.55301
39509.2 3.83446
40253.3 4.09525
49193 1
49940 2
50686.1 3
51431.2 3.33333
61862 3.63333
62606 3.90856
64095.1 4.16441
72291.8 4.40454
73037.8 4.63158
74526 4.84749
76016.1 5.05378
84208.7 5.25165
84953.8 5.44207
85702.8 5.62582
87191.9 5.80357
87935 5.97588
96133.6 6.14322
97622.8 1
98368.8 1
99859.9 2
100605 3
109545 4
110291 4.25
111779 4.48529
119971 4.70824
120721 4.92064
122210 5.12386
122956 5.31903
132637 5.50703
133387 5.68862
134876 5.86441
135622 1
136366 2
146794 3
147543 3.33333
149778 1
160210 1
160955 1
170637 2
182558 2.5
184049 2.9
196714 3.24483
198203 3.55301
212364 3.83446
214599 4.09525
215343 4.33944
226517 4.56988
228755 1
229500 2
230990 3
239928 3.33333
241419 3.63333
242909 3.90856
252594 4.16441
254084 4.40454
255575 4.63158
266753 4.84749
268241 5.05378
269731 5.25165
271220 5.44207
278674 5.62582
280162 5.80357
280906 1
282399 2
283889 2
292084 3
293573 3.33333
305495 3.63333
306241 3.90856
307729 4.16441
318162 4.40454
318907 4.63158
320395 4.84749
321139 5.05378
332317 5.25165
333063 5.44207
334551 5.62582
335295 5.80357
336041 5.97588
345724 6.14322
346469 6.306
347962 1
348706 2
349454 3
356904 4
358393 4.25
359138 4.48529
367336 4.70824
368824 4.92064
370316 5.12386
371061 5.31903
375528 5.50703
