1490.27 1490.27
1490.27 0
4470.8 2980.53
4470.8 0
5216.56 745.76
7451.33 2234.77
8943.85 1492.52
13091.4 4147.57
17141.5 4050.07
20866.8 3725.29
32037.6 11170.9
32782.7 745.058
32782.7 0
41723.4 8940.7
42468.5 745.058
43213.5 745.058
43213.5 0
54394.4 11180.9
55883.5 1489.12
56624.6 741.058
69295.5 12671
70040.6 745.058
70040.6 0
84191.7 14151.1
84941.8 750.058
86430.9 1489.12
94623.5 8192.64
94623.5 0
95367.6 744.058
96861.7 1494.12
104309 7447.58
105802 1493.12
105802 0
106548 746.058
119209 12661
119959 750.058
120704 744.058
131130 10426.8
131875 745.058
132624 749.058
132624 0
142306 9681.75
143051 745.058
143796 745.058
144545 749.058
144545 0
155722 11176.9
157211 1489.12
157957 746.058
158702 744.058
159447 745.058
170623 11176.9
170623 0
175094 4470.35
175094 0
180306 5212.41
181050 744.058
184029 2979.23
184775 745.058
191482 6707.52
191482 0
197446 5963.46
204148 6702.52
205640 1492.12
210107 4466.35
219052 8945.7
223518 4465.35
230970 7452.58
236184 5213.41
236184 0
249595 13411
251085 1490.12
265986 14901.2
281632 15646.2
281632 0
291318 9685.75
292812 1494.12
304729 11916.9
304729 0
320375 15646.2
320375 0
329316 8940.7
330061 745.058
339007 8945.7
339007 0
340496 1489.12
347947 7451.58
348692 745.058
348692 0
349436 744.058
355394 5957.46
356139 745.058
356884 745.058
357632 748.058
357632 0
363593 5961.46
365083 1489.12
365829 746.058
366573 744.058
367318 745.058
367318 0
370295 2977.23
372534 2239.17
