2235.17 0
6705.52 0
8195.64 0
15646.2 0
16391.3 0
17881.4 2
29057.3 2
29802.3 3
31292.4 3
48428.8 3
49918.9 3
64075 3
64820.1 3
65565.1 3
77486 3
78231.1 3
89407 3
90152 3
91642.1 3
101328 3
102818 3
104308 3
105053 3
114739 3
115484 3
116974 3
127405 3
128150 3
128895 3
140071 3
141561 3
142306 3
143051 3
155717 3
156462 3
157207 3
166148 3
167638 3
176579 3
178069 3
189245 3
191480 3
192225 3
205636 3
207871 3
209361 3
210106 3
221282 3
222027 3
223517 3
224262 3
234693 3
235438 3
236928 3
248104 3
249594 3
251085 3
251830 3
265241 3
265986 3
267476 3
268221 3
268966 3
280887 3
282377 3
283122 3
283867 3
284612 3
293553 3
294298 3
295788 3
296533 3
297278 3
305474 3
306219 3
306964 3
308454 3
317395 3
318885 3
319630 3
320375 3
321865 3
329316 3
331551 3
333041 3
338256 3
339746 3
341237 3
347197 3
348687 3
349432 3
350177 3
356138 3
358373 3
359118 3
359863 3
361353 3
367314 3
369549 3
370294 3
371039 3
372529 3
