2998.38 2
10450 2
11942.1 2.5
23113.9 1
25354.1 1
35779.9 2
43980.6 2.5
45467.7 2.9
54406.4 3.24483
55901.5 3.55301
65582.3 3.83446
66331.3 4.09525
67819.4 4.33944
79738.4 4.56988
80487.4 1
81232.5 2
82723.6 3
94639.5 3.33333
96134.6 3.63333
96879.7 3.90856
108056 4.16441
108800 4.40454
109543 4.63158
119971 4.84749
120717 5.05378
121466 5.25165
122957 5.44207
133387 5.62582
134875 5.80357
135623 5.97588
136365 1
137858 1
146798 2
147543 3
148288 3.33333
155738 3.63333
156483 3.90856
157971 4.16441
166915 4.40454
167660 1
169150 2
170638 3
178835 3.33333
181814 1
182559 2
192247 2.5
195970 2.9
205657 3.24483
210127 3.55301
216829 3.83446
219068 4.09525
223538 4.33944
231735 1
234714 2
236206 3
240674 3.33333
252597 3.63333
254084 1
257065 2
266003 2.5
268988 2.9
280163 3.24483
281651 3.55301
292085 3.83446
292830 4.09525
294317 4.33944
304005 4.56988
304746 4.78871
305493 4.99753
306238 5.19763
317416 5.39003
318161 5.57555
318904 5.75491
319649 5.92867
321139 6.09735
329333 6.26135
330083 1
330828 2
331573 3
332318 4
333063 4
339023 4.25
339764 4.48529
340509 4.70824
342001 4.92064
346473 5.12386
347961 5.31903
348706 5.50703
350942 5.68862
356159 5.86441
357645 6.03493
358395 6.20063
359140 6.36191
362118 6.51909
368080 6.67249
369571 6.82236
370316 6.96893
371061 7.11243
371806 7.25303
374784 7.3909
