4917.5 4095.5
13856.6 8939.13
16090.4 11171.9
30250.5 16393.8
31737.6 15647.2
38444.1 8193.64
48874.9 10430.8
49620 11174.9
60797.9 11922.9
61540.9 11920.9
71973.7 11175.9
72716.8 11917.9
74205.9 12665
83147.6 11173.9
83894.7 11177.9
85381.8 12664
95814.6 11919.9
97302.7 11920.9
98050.8 12668
109225 13410
109972 12669
110714 12663
120401 11176.9
121146 11919.9
121890 11917.9
122635 11920.9
133813 13411
134557 13411
135301 14154.1
136046 14156.1
136791 14156.1
146479 12666
147223 12666
147967 12666
148712 12666
149457 13410
150202 13411
162124 15645.2
162869 15646.2
163613 15646.2
164361 15649.2
165106 15649.2
165851 16393.3
166596 16394.3
175535 13411
176280 10428.8
177024 10427.8
178514 11916.9
188201 12666
188946 12666
189691 12667
191180 12666
202357 14156.1
203846 15644.2
204594 15648.2
205339 15648.2
206826 15646.2
216513 14156.1
217258 11918.9
218747 11920.9
227689 11175.9
228434 11175.9
239612 11922.9
240357 11922.9
248547 8935.7
249296 8938.7
250785 10426.8
258981 10433.8
259726 10430.8
261215 10430.8
261963 11176.9
271649 12668
273136 13410
274627 13411
275374 13411
285805 14156.1
287293 15642.2
288786 15649.2
290276 15649.2
291020 15646.2
299214 13409
301450 11173.9
302196 11175.9
310390 11175.9
313372 11921.9
314118 11921.9
315605 13408
325291 14901.2
327529 14157.1
328274 14156.1
337212 9683.75
337954 10424.8
339447 11172.9
347643 10430.8
348385 10430.8
349877 10430.8
350621 11173.9
360309 12666
361056 12671
362546 12669
