3728.44 2
9687.9 3
11177 4
20863.8 5
22353.9 1
23843 2
24592.1 3
34278.8 1
36514 2
39494.2 2.5
48430.9 2.9
49925 3.24483
58861.7 3.55301
60350.9 3.83446
61845 4.09525
70782.7 4.33944
72271.8 4.56988
75255 4.78871
76747.1 4.99753
86432.9 1
87919 2
90902.2 3
91647.3 3.33333
101332 3.63333
102078 3.90856
103564 4.16441
113999 4.40454
114744 1
116235 2
116980 3
130390 1
131881 2
133367 2.5
144546 1
146037 2
157957 2.5
159444 2.9
172114 3.24483
173600 3.55301
183289 3.83446
184032 4.09525
184776 4.33944
194463 4.56988
195208 4.78871
195951 4.99753
197442 5.19763
207129 5.39003
207874 5.57555
208617 5.75491
210108 5.92867
210858 6.09735
222030 6.26135
222776 6.42106
223519 6.5768
224264 1
225009 2
225759 3
233206 4
233951 4.25
234694 4.48529
242892 4.70824
243637 4.92064
244380 5.12386
245870 5.31903
256303 1
257048 2
257793 3
259286 3.33333
260027 3.63333
271949 3.90856
273439 4.16441
274184 4.40454
283125 4.63158
286104 4.84749
286854 5.05378
288339 5.25165
297281 5.44207
300262 5.62582
301006 5.80357
301750 1
302495 2
312928 3
315911 3.33333
316652 3.63333
326339 1
327829 2
328573 2.5
337514 2.9
338259 3.24483
350180 3.55301
350925 3.83446
352414 4.09525
360611 4.33944
361356 4.56988
362101 4.78871
362844 4.99753
367317 5.19763
368810 5.39003
369552 5.57555
370297 5.75491
