3728.44 2
9687.9 3
11177 4
20863.8 5
22353.9 2
23844 3
24589.1 3.33333
35764.9 3.63333
38000.1 3.90856
42470.5 4.16441
44705.6 4.40454
46940.8 4.63158
49176 1
51411.2 1
53646.3 1
56626.6 1
59606.8 1
62587 1
65567.3 1
67802.4 1
70782.7 1
73017.8 1
75253 1
77488.2 1
79723.4 1
81958.5 1
84193.7 1
86428.9 1
88664.1 1
90899.2 1
93134.4 1
95369.6 1
97604.8 1
99839.9 1
102075 1
104310 1
106545 1
108781 1
111016 1
113251 1
115486 1
117721 1
119956 1
122192 1
124427 1
126662 1
371820 2
373310 2.5
374800 2.9
376290 3.24483
377778 3.55301
379268 3.83446
380758 4.09525
382248 4.33944
383739 4.56988
385229 4.78871
386719 4.99753
387464 5.19763
388954 5.39003
389699 5.57555
391189 5.75491
391934 5.92867
393424 6.09735
394914 6.26135
396405 6.42106
397150 6.5768
398640 1
399385 2
400875 3
401620 4
402365 4.25
403855 4.25
404600 4.48529
405345 4.70824
406835 4.70824
407580 4.92064
408325 5.12386
409816 5.31903
411308 5.50703
412798 5.50703
414288 5.68862
415778 5.86441
417268 6.03493
418758 6.20063
420248 6.36191
421739 6.51909
423229 6.51909
424719 6.51909
426209 6.51909
427699 6.51909
429189 6.51909
430679 6.51909
432169 6.51909
433659 6.51909
435150 6.51909
436640 6.51909
438130 6.51909
439620 6.51909
441110 6.51909
442600 6.51909
