3745.44 3245.44
11197 7451.58
13431.2 9684.75
24609.1 13412
28334.4 14903.2
35034.9 10425.8
42485.5 7450.58
43979.6 8943.7
52171.2 9685.75
54410.4 10430.8
64093.1 11921.9
65586.3 13414
67072.4 12662
76014.1 11920.9
78998.3 11925.9
86444.9 10430.8
89424.1 10425.8
98365.8 11920.9
99859.9 13414
102840 13416
111036 11175.9
113267 10426.8
119228 8192.64
122208 8940.7
124447 11178.9
131152 11923.9
134878 12670
137108 12661
138603 14155.1
143815 12663
154991 11175.9
166912 11920.9
168404 13412
179578 12666
181070 14157.1
181816 13412
192989 13411
193733 11916.9
204165 11175.9
204909 11175.9
217576 13411
219068 14902.2
220558 15649.2
229497 11920.9
231731 12663
232476 13407
233969 13411
242163 12666
244397 12666
245142 12666
246635 12666
248872 14901.2
256319 14156.1
258557 14160.1
259302 14160.1
260792 14157.1
263769 14897.2
265263 16390.3
271966 15647.2
273457 14900.2
277925 12662
283142 11175.9
285379 11921.9
286121 12663
290591 12666
294318 11175.9
301766 11174.9
302511 11918.9
306238 11919.9
314432 12666
315926 13415
320395 14157.1
321139 14900.2
327098 12666
327843 11916.9
333063 12668
333808 12669
334552 13412
338274 11175.9
339768 11924.9
342746 9682.75
343494 9685.75
344238 9685.75
347959 9685.75
348704 10429.8
349453 9685.75
351688 8941.7
352432 8937.7
353179 8940.7
357645 9685.75
358390 9685.75
359135 10429.8
359884 10430.8
362863 11175.9
363608 11176.9
364356 11176.9
368821 11175.9
370316 11925.9
371061 11925.9
371806 12670
