1490.12 0
5215.41 0
5960.46 0
10430.8 0
12666 1
14156.1 1
14901.2 1
25332 2
27567.1 2
28312.2 2
44703.5 2
46193.6 2
47683.7 2
58859.6 2
59604.6 2
70035.5 2
71525.6 2
72270.6 2
82701.4 2
84936.6 2
85681.7 2
87171.8 2
97602.6 2
98347.7 2
99092.7 2
100583 2
112504 2
113249 2
114739 2
125170 2
126660 2
128150 2
128895 2
143796 2
144541 2
146031 2
156462 2
157207 2
157952 2
166148 2
167638 2
168383 2
169128 2
178069 2
180304 2
181049 2
181794 2
182539 2
192225 2
194460 2
195950 2
205636 2
207871 2
209361 2
217557 2
218302 2
219792 2
220537 2
228733 2
229478 2
230223 2
231713 2
233203 2
242144 2
243634 2
244379 2
245869 2
247359 2
248104 2
257045 2
259280 2
262260 2
263005 2
268966 2
271201 2
279397 2
280887 2
283122 2
291318 2
293553 2
295788 2
297278 2
304729 2
306964 2
309199 2
319630 2
321120 2
322610 2
330061 2
332296 2
333041 2
333786 2
342727 2
343472 2
344217 2
354648 2
355393 2
356138 2
356883 2
365824 2
367314 2
368059 2
368804 2
