3725.29 0
9685.75 0
11175.9 0
20861.6 0
21606.7 0
22351.7 0
23096.8 0
34272.7 0
35762.8 0
36507.8 0
37252.9 0
37998 0
39488.1 0
40978.2 0
42468.3 0
51409 0
52899.1 0
53644.2 0
54389.2 0
63329.9 0
64075 0
64820.1 0
65565.1 0
67055.2 0
75995.9 0
76741 0
77486 0
78231.1 0
79721.2 0
90897.1 0
91642.1 0
92387.2 0
93132.3 0
93877.3 0
95367.4 0
105053 0
105798 0
106543 0
107288 0
108033 0
108778 0
110269 0
120699 0
121444 0
122190 0
122935 0
136346 0
137091 0
137836 0
138581 0
139326 0
150502 0
151247 0
151992 0
162423 0
163168 0
163913 0
174344 0
175089 0
175834 0
189245 0
189990 0
190735 0
191480 0
202656 0
203401 0
204146 0
204891 0
206381 0
215322 0
216067 0
216812 0
225753 0
227243 0
227988 0
239164 0
240654 0
241399 0
242889 0
253320 0
255555 0
256300 0
257790 0
258535 0
269711 0
270456 0
271946 0
281632 0
282377 0
283867 0
294298 0
295043 0
296533 0
298023 0
307709 0
308454 0
309944 0
310689 0
311434 0
321865 0
