2984.38 24.9652
7454.73 9.99443
8942.85 16.6627
17139.5 8.69405
18628.6 11.9986
19377.7 11.5348
20122.7 14.8103
32785.7 4.54502
33533.8 4.44363
35019.9 6.38259
43217.5 5.17192
43961.6 5.08438
45450.7 4.9178
46940.8 6.34892
55882.5 5.33303
56627.6 5.26287
58120.7 5.12766
67803.4 2.1977
69292.5 2.15047
70782.7 3.1578
78234.2 2.85703
79723.4 2.80366
81213.5 2.75222
90900.2 2.45893
91645.3 3.25192
93134.4 3.19993
93878.5 3.17456
105801 2.81682
106546 2.79712
107291 3.47215
108781 3.42459
109525 3.40132
122193 3.0487
122938 3.03023
123686 3.0119
125176 2.97604
125916 3.55026
126662 3.52935
139332 1.60421
140077 2.12757
140818 2.11637
142308 2.09421
154230 1.93233
154975 1.92304
155719 1.91385
157209 2.36964
158704 2.34733
167639 2.22221
168386 2.21235
169130 2.20262
169875 2.19295
170624 2.61999
171370 2.6086
180305 2.47932
181050 2.46912
181796 1.22949
192973 1.15828
193721 1.53841
194466 1.53252
195207 1.5267
207874 1.43367
209367 1.42345
210108 1.41843
210854 1.41341
212344 1.75437
224266 1.66111
225755 1.65015
226504 1.64469
227249 1.6393
228739 1.62862
230229 1.9417
239915 1.86331
240657 1.85756
241401 1.85184
250343 0.892846
251088 1.18693
251832 1.18342
253322 1.17646
263754 1.12993
264499 1.12675
265243 1.12359
266737 1.11729
277910 1.07237
278655 1.33688
280144 0.797866
292069 0.76529
292814 0.763343
294300 0.759488
303987 0.490191
305476 0.487801
317398 0.469479
318887 0.467287
319631 0.699298
332302 0.672633
333788 0.669639
341985 0.435726
342730 0.434779
350180 0.425528
351674 0.423721
352416 0.634244
