2252.17 0
6722.52 0
9702.75 0
17153.3 1
18643.5 1
19388.5 1
21623.7 1
30564.4 2
33544.6 2
34289.7 2
41740.3 2
43230.4 2
52171.1 2
53661.2 2
63346.9 2
64837.1 2
66327.2 2
78248.1 2
79738.2 2
80483.3 2
82718.4 2
92404.2 2
93894.3 2
94639.4 2
96874.5 2
98364.7 2
108050 2
109541 2
111031 2
119226 2
120716 2
122207 2
122952 2
132637 2
134127 2
136363 2
137108 2
137853 2
146793 2
148284 2
149029 2
149774 2
150519 2
160204 2
161695 2
162440 2
163185 2
163930 2
164675 2
175106 2
177341 2
178086 2
179576 2
187027 2
190007 2
190752 2
192242 2
200438 2
203418 2
204163 2
213104 2
216084 2
216829 2
226515 2
227260 2
235455 2
236200 2
237691 2
245886 2
247376 2
248866 2
249611 2
259297 2
260787 2
262277 2
263022 2
273453 2
274198 2
274943 2
288354 2
289100 2
289845 2
291335 2
302511 2
303256 2
304746 2
314432 2
315922 2
326352 2
327843 2
335293 2
336038 2
336783 2
346469 2
347214 2
347959 2
349449 2
357645 2
359135 2
359880 2
360625 2
367331 2
368076 2
