1490.27 49.995
5216.56 19.9946
8943.85 19.992
17141.5 12.4958
20866.8 12.4979
32042.6 6.66667
32782.7 12.5052
37999.1 25.0168
39492.2 22.209
46939.8 16.6667
48428.9 21.4306
49174 23.0865
56625.6 23.0769
58864.7 21.4183
59609.8 26.6547
60353.9 26.6571
68545.5 25.0021
71525.7 23.5387
72270.8 23.5387
73015.8 23.5368
74510 26.3158
81956.5 27.7778
84936.8 27.7778
86430.9 26.3084
87176.9 26.3065
88667.1 26.3139
90157.2 28.5696
96862.7 29.9899
100588 28.5623
102818 27.2794
111015 15.7939
111760 20.0054
115484 20.0067
124426 11.7647
126660 13.3333
135602 13.3333
137092 17.6471
139330 17.6415
149762 15.785
151997 14.996
153486 18.1785
154977 19.0464
162425 23.535
164663 23.5294
172111 15.3846
175090 14.2912
176580 18.7563
184777 17.6471
187760 17.6415
189995 16.6617
198933 15.7895
199678 20
207872 16.6685
208617 23.0793
209365 23.0722
219049 19.9982
219793 20
220541 20
221286 25
233204 21.0541
233949 21.0526
234697 21.0526
235442 21.0526
236188 25
250342 21.7379
251086 21.7391
251835 21.7379
262263 13.3321
263007 13.3381
271203 16.6667
271947 16.6667
272695 23.0698
282378 20.0018
283127 19.9928
283871 20
284616 25
295790 22.2206
296534 22.2289
297279 22.2272
309200 11.7647
309945 16.6667
310693 16.6629
321122 18.7484
321866 18.75
322614 18.75
323359 23.5294
333787 23.5313
334532 23.5294
335277 23.535
347943 11.1111
348692 15.785
349436 15.7861
359864 18.75
360609 18.7563
361354 18.7547
362103 23.5276
368806 33.3296
370298 18.184
371044 25
377005 27.2627
