1510.27 49.7945
5234.56 20.0054
5978.61 33.3483
16411.4 13.3321
17899.5 12.5
31312.6 10
32800.7 10
41743.4 14.2857
42488.5 15.3814
43231.5 21.4286
55156.4 16.6642
55899.5 16.6667
56644.6 16.6642
57391.6 21.0467
67820.4 13.3333
68565.5 13.3357
76761.1 16.6667
77506.2 23.0769
87191.9 14.2857
87937 14.2857
98367.8 13.3333
99112.9 13.3333
99855.9 18.7531
111034 17.6471
111779 17.6471
112522 17.6471
113267 22.2222
123700 23.5294
124445 23.5294
125188 23.5294
125933 23.5294
134876 26.6667
135621 31.25
136364 31.2552
137109 31.25
137854 31.25
149779 24.9966
150522 25
151269 28.5678
152010 28.5714
160954 21.4265
161698 26.6667
162441 26.6762
163186 26.6667
172130 26.6667
172874 26.6667
173617 26.6667
174366 31.2395
175111 31.2395
185540 27.7798
186285 18.7531
187028 18.7563
196715 20
197461 20
198208 19.9928
198953 24.9916
209381 13.3357
210127 18.7531
211615 17.6526
222793 16.6667
223538 16.6667
232480 15.3814
233223 15.3846
241419 16.6704
242164 16.6667
252595 13.3333
253340 18.75
254083 18.7531
266751 15.7895
267496 15.7895
268239 20.0027
268984 20
278672 25
279417 25
280162 24.9958
280905 25
281650 29.4118
290593 31.25
292085 29.4071
292828 29.4118
293571 29.4118
304749 17.6498
305494 17.6471
306239 17.6443
315180 21.4286
316672 19.9964
317415 25
328591 12.5021
329336 17.6498
330824 16.6692
340512 18.75
342002 17.6471
343490 17.6471
344234 22.2239
350942 28.5714
353180 26.6619
354670 26.6571
355410 26.6667
356160 31.2369
362863 31.25
