3728.44 3728.44
9687.9 5959.46
11177 7448.58
20863.8 11175.9
21608.8 11920.9
22352.9 11175.9
23097.9 11920.9
34274.8 13411
35019.9 14156.1
35764.9 14156.1
36509 14900.2
37254.1 14901.2
38744.2 16391.3
40238.3 17140.3
40978.3 17880.4
46940.8 12666
48430.9 13411
49176 13411
49924 13415
50669.1 13415
51414.2 12670
61099.9 11923.9
61842 12666
62586 12662
63331.1 12662
64076.1 12662
73762.9 12663
74508 12666
75256 12670
76001.1 13415
76742.1 13411
87173.9 11917.9
87919 11917.9
88663.1 12662
90157.2 13415
100585 13411
102075 11917.9
103564 13407
113252 12667
115485 13410
116979 13415
125918 12666
126662 13410
127406 11920.9
128151 11171.9
136349 10430.8
137096 10433.8
137837 11174.9
138582 11175.9
139327 11175.9
145288 8939.7
146034 8937.7
146778 8940.7
147523 8940.7
148268 9685.75
149758 10430.8
157955 12667
158703 12669
159444 12666
160189 12666
160934 12666
162424 14156.1
163172 13414
171366 13410
172111 13408
172859 13415
173604 13415
174349 13415
175835 13411
176580 14156.1
186270 12666
187012 13408
188505 14156.1
189991 14156.1
200426 13414
201912 13407
203406 13415
213834 13408
215327 13415
216817 13411
218303 14897.2
227990 11172.9
228735 11917.9
229479 11175.9
239911 11920.9
240656 11920.9
241401 11921.9
242145 12666
251832 11920.9
253321 12665
254067 12666
254811 12666
255556 13411
266733 14901.2
268967 15646.2
269713 15646.2
270458 15647.2
271206 15650.2
284614 17881.4
286107 19374.5
