4473.5 16.6549
11922.1 10.0027
13411.2 16.6723
23843 12.5
24588.1 17.6471
26078.2 17.6457
26823.2 22.2206
40979.3 10
41724.4 10
51410.2 14.2857
52155.2 20
52899.3 20.0018
64076.1 17.6471
64821.2 17.6471
65565.3 22.2239
67055.4 21.0526
79722.4 19.0476
80467.4 19.0476
81212.5 19.0464
82701.6 19.0476
84196.7 21.7328
96117.6 22.7217
97607.8 21.7341
98352.8 21.7341
99097.9 22.7203
109525 13.3381
110270 18.7563
111759 17.654
119955 21.4286
120701 21.4286
122190 21.4286
123685 24.9895
134112 21.0526
134857 21.0526
136346 21.0526
137840 21.0541
139331 23.8095
150507 22.7217
151252 22.7217
159444 16.6741
160189 23.0865
169874 14.2857
170619 14.2857
182544 11.761
183285 11.7647
184775 15.7906
196700 15.7895
197446 15.785
207873 13.3369
208618 13.3369
219048 13.3345
219794 13.3333
221287 17.6429
233204 11.1119
234695 11.1136
245870 11.7647
248106 11.1111
248855 15.7861
259282 16.6654
260771 17.6485
271203 12.5
273437 11.7647
285358 10.5271
287594 10.5263
288340 14.999
298028 17.6415
300260 17.6471
301006 17.6471
302494 21.0556
313671 11.7656
315160 11.7647
315909 16.6617
327086 16.6617
328571 16.6667
329316 16.6716
336771 23.0769
337516 28.5714
338257 30.7692
339002 30.7692
344965 36.3725
345712 36.3636
346457 41.6667
347197 41.6667
348687 38.4615
353161 45.4545
353906 45.4656
354648 45.4823
355393 45.4545
356883 46.1538
358378 46.13
362848 46.1443
363593 46.1443
364334 46.1538
365079 46.1538
366574 46.13
367318 49.9808
369553 46.6708
371788 58.3399
372533 58.3399
373278 58.3072
