563.943 21.2788
1563.94 42.5575
2010.98 46.9688
2676.53 35.4752
3240.32 32.4183
3682.36 35.1722
4357.91 27.975
4804.95 29.8157
5475.5 24.6028
6034.29 34.8065
6481.33 24.4567
7146.88 31.3896
7598.91 32.7596
8269.47 28.3584
8828.26 27.1032
9275.29 28.2288
9945.85 24.8989
10392.9 25.8457
11063.4 30.7017
11622.8 29.5779
12069.3 30.5876
12627.1 29.5012
13075.1 30.4745
13745.6 27.497
14187.7 28.4415
14863.2 25.7617
15310.3 26.5155
15980.8 24.2324
16539.6 23.5339
16986.6 18.121
17652.2 16.7271
18211 16.2823
18998.3 18.0153
20004.1 29.9382
20562.9 29.0849
21010 29.8514
21457 24.5274
22015.8 29.7651
22574.6 28.9215
23245.1 26.7245
23687.2 27.4327
24362.7 25.3945
24921.5 24.7779
25368.5 25.332
26039.1 28.3565
26374.4 25.2698
26933.2 24.6592
27603.7 27.6527
28161.5 27.0523
28716.3 26.5066
29167.3 26.9931
29726.1 26.411
30169.2 26.9747
30616.8 27.5142
31291.8 25.7902
31738.8 26.2889
32184.8 26.8174
32856.4 25.2067
33303.4 25.683
33862.2 25.1554
34421 24.6491
34868 25.1043
35315.1 25.5766
35873.9 25.0534
36544.4 23.6498
37103.2 23.2018
37657 22.8064
38109 23.1583
38556.1 23.5596
39225.6 22.3212
40008.9 23.9287
40567.7 23.4701
41014.8 23.8824
41573.6 23.4256
41908.8 20.6268
42579.4 23.3813
43249.9 26.1824
43920.5 24.6534
44479.3 24.1669
44814.6 25.5812
45373.4 25.0578
45820.4 25.5284
46379.2 25.0071
46938 24.5066
47385 24.9566
47715.3 26.5165
48279.1 25.9078
48949.6 24.4098
49508.4 27.9216
