2998.38 2
10450 2
11942.1 2.5
23113.9 2.9
25354.1 3.24483
35034.9 3.55301
36527 3.83446
37274.1 4.09525
43230.5 4.33944
44720.6 4.56988
45469.7 4.78871
46957.8 4.99753
53661.3 5.19763
55896.5 5.39003
56645.6 1
58136.7 2
65583.3 3
67077.4 3.33333
69307.5 3.63333
77506.2 3.90856
78994.3 4.16441
81230.5 4.40454
88682.1 4.63158
90915.2 4.84749
92406.3 5.05378
93896.5 5.25165
102838 5.44207
105071 5.62582
105816 5.80357
106561 5.97588
108053 6.14322
119229 6.306
121463 1
122953 2
123698 3
125192 4
126679 4.25
133386 4.48529
137858 4.70824
138603 4.92064
139345 5.12386
144561 1
148285 2
149029 3
149779 3.33333
151266 3.63333
160951 3.90856
161695 4.16441
163187 4.40454
170636 4.63158
172128 4.84749
173618 5.05378
174361 5.25165
182557 5.44207
184792 5.62582
186284 5.80357
187032 5.97588
187774 6.14322
195223 1
197458 2
198948 2
199693 3
200443 4
201930 4.25
210869 4.48529
211614 4.70824
212359 4.92064
213106 5.12386
223535 5.31903
225027 5.50703
225775 5.68862
226517 5.86441
228007 6.03493
237691 6.20063
239931 6.36191
240676 6.51909
241418 6.67249
243655 6.82236
244400 6.96893
253342 1
254087 2
254832 3
255577 4
257809 4
258556 4.25
266748 4.48529
268238 4.70824
269733 4.92064
271220 5.12386
279414 5.31903
281654 5.50703
283141 5.68862
285378 1
286123 2
294315 3
297300 3.33333
298787 3.63333
308476 3.90856
312200 1
313691 1
