3745.44 2
11197 2
13431.2 2.5
24606.1 2.9
28334.4 3.24483
35779.9 3.55301
38017.1 3.83446
38762.2 4.09525
43975.6 4.33944
46215.7 4.56988
47704.9 4.78871
48447.9 4.99753
55151.4 5.19763
57390.6 5.39003
58880.7 5.57555
59626.8 1
68562.5 2
70057.6 3
70802.7 3.33333
71546.7 3.63333
81973.5 3.90856
82718.6 4.16441
83467.7 4.40454
95384.6 4.63158
96129.6 4.84749
96878.7 5.05378
97623.8 5.25165
110288 5.44207
111031 5.62582
111776 5.80357
112525 5.97588
113270 1
128169 2
129662 1
130402 2
131152 2.5
140835 2.9
141580 3.24483
152009 3.55301
153503 3.83446
154249 1
163932 2
165424 2.5
175108 1
176598 2
188519 2.5
189264 2.9
201188 1
202675 2
213851 2.5
214596 2.9
227262 3.24483
228754 1
242163 2
242908 2.5
256322 2.9
257064 3.24483
267493 3.55301
268987 3.83446
270477 4.09525
280906 4.33944
282398 4.56988
283888 4.78871
284631 4.99753
296555 5.19763
298044 5.39003
299534 5.57555
300278 5.75491
310711 5.92867
311456 6.09735
312946 1
314437 2
315182 3
325608 4
326353 4.25
327102 4.25
335298 4.48529
336043 4.70824
336787 4.92064
337532 5.12386
345729 5.31903
346474 5.50703
347218 5.68862
347963 5.86441
349453 6.03493
356901 6.20063
357646 6.36191
358394 6.51909
359139 6.67249
360629 6.82236
361373 6.96893
367336 7.11243
368081 7.25303
368825 7.3909
369570 7.5262
371061 1
372551 2
377767 3
378512 4
379257 4.25
