3833.6 0.497535
7742.95 0.487894
9652.3 0.655593
11576.5 0.99507
13489.9 0.994032
15410.1 0.99507
17319.5 0.996361
19226.8 0.997403
21134.2 0.999651
23041.5 1
24948.9 1
26856.2 1
28763.6 1
30670.9 1
32578.3 1
34485.6 1
36393 1
38300.3 1
40207.7 1
42115 1
44022.4 1
45929.7 1
47837.1 1
49744.4 1
51651.8 1
53559.1 1
55466.5 1
57373.8 1
59281.2 1
61188.5 1
63095.9 1
65003.2 1
66910.6 1
68817.9 1
70725.3 1
72632.6 1
74540 1
76447.3 1
78354.6 1
80262 1
82169.3 1
84076.7 1
85984 1
87891.4 1
89798.7 1
91706.1 1
93613.4 1
95520.8 1
97428.1 1
99335.5 1
101243 1
103150 1
105058 1
106965 1
108872 1
110780 1
112687 1
114594 1
116502 1
118409 1
120316 1
122224 1
124131 1
126038 1
127946 1
129853 1
131760 1
133668 1
135575 1
137482 1
139390 1
141297 1
143205 1
145112 1
147019 1
148927 1
150834 1
152741 1
154649 1
156556 1
158463 1
160371 1
162278 1
164185 1
166093 1
168000 1
169907 1
171815 1
173722 1
175629 1
177537 1
179444 1
181351 1
183259 1
185166 1
187074 1
188981 1
190888 1
192796 1
194703 1
196610 1
198518 1
200425 1
202332 1
204240 1
206147 1
208054 1
209962 1
211869 1
213776 1
215684 1
217591 1
219498 1
221406 1
223313 1
225220 1
227128 1
229035 1
230943 1
232850 1
234757 1
236665 1
238572 1
240479 1
242387 1
244294 1
246201 1
248109 1
250016 1
251923 1
253831 1
255738 1
257645 1
259553 1
261460 1
263367 1
265275 1
267182 1
269090 1
270997 1
272904 1
274812 1
276719 1
278626 1
280534 1
282441 1
284348 1
286256 1
288163 1
290070 1
291978 1
293885 1
295792 1
297700 1
299607 1
301514 1
303422 1
305329 1
307236 1
309144 1
311051 1
312959 1
314866 1
316773 1
318681 1
320588 1
322495 1
324403 1
326310 1
328217 1
330125 1
332032 1
333939 1
335847 1
337754 1
339661 1
341569 1
378351 8.95563
383433 0.375336
385342 0.545654
387266 0.99507
389176 0.996361
391083 0.996708
392990 0.997529
394898 0.999738
396805 0.99979
398712 1
400620 1
402527 1
404434 1
406342 1
408249 1
410156 1
412064 1
413971 1
415878 1
417786 1
419693 1
421600 1
423508 1
425415 1
427322 1
429230 1
431137 1
433045 1
434952 1
436859 1
438767 1
440674 1
442581 1
444489 1
446396 1
448303 1
450211 1
452118 1
454025 1
455933 1
457840 1
459747 1
461655 1
463562 1
465469 1
467377 1
469284 1
471191 1
473099 1
475006 1
476914 1
478821 1
480728 1
482636 1
484543 1
486450 1
488358 1
490265 1
492172 1
494080 1
495987 1
497894 1
499802 1
501709 1
503616 1
505524 1
507431 1
509338 1
511246 1
513153 1
515061 1
516968 1
518875 1
520783 1
522690 1
524597 1
526505 1
528412 1
530319 1
532227 1
534134 1
536041 1
537949 1
539856 1
541763 1
543671 1
545578 1
547485 1
549393 1
551300 1
553207 1
555115 1
557022 1
558930 1
560837 1
562744 1
564652 1
566559 1
568466 1
570374 1
572281 1
574188 1
576096 1
578003 1
579910 1
581818 1
583725 1
585632 1
587540 1
589447 1
591354 1
593262 1
595169 1
597077 1
598984 1
600891 1
602799 1
604706 1
606613 1
608521 1
610428 1
612335 1
614243 1
616150 1
618057 1
619965 1
621872 1
623779 1
625687 1
627594 1
629501 1
631409 1
633316 1
635223 1
637131 1
639038 1
640946 1
642853 1
679635 8.95563
684717 0.375336
686626 0.545654
688550 0.99507
690460 0.996361
692367 0.996708
694274 0.997529
696182 0.999738
698089 0.99979
699996 1
701904 1
703811 1
705718 1
707626 1
709533 1
711440 1
713348 1
715255 1
717162 1
719070 1
720977 1
722885 1
724792 1
726699 1
728607 1
730514 1
732421 1
734329 1
736236 1
738143 1
740051 1
741958 1
743865 1
745773 1
747680 1
749587 1
751495 1
753402 1
755309 1
757217 1
759124 1
761032 1
762939 1
764846 1
766754 1
768661 1
770568 1
772476 1
774383 1
776290 1
778198 1
780105 1
782012 1
783920 1
785827 1
787734 1
789642 1
791549 1
793456 1
795364 1
797271 1
799178 1
801086 1
802993 1
804901 1
806808 1
808715 1
810623 1
812530 1
814437 1
816345 1
818252 1
820159 1
822067 1
823974 1
825881 1
827789 1
829696 1
831603 1
833511 1
835418 1
837325 1
839233 1
841140 1
843048 1
844955 1
846862 1
848770 1
850677 1
852584 1
854492 1
856399 1
858306 1
860214 1
862121 1
864028 1
865936 1
867843 1
869750 1
871658 1
873565 1
875472 1
877380 1
879287 1
881194 1
883102 1
885009 1
886917 1
888824 1
890731 1
892639 1
894546 1
896453 1
898361 1
900268 1
902175 1
904083 1
905990 1
907897 1
909805 1
911712 1
913619 1
915527 1
917434 1
919341 1
921249 1
923156 1
925063 1
926971 1
928878 1
930786 1
932693 1
934600 1
936508 1
938415 1
940322 1
942230 1
944137 1
980919 6.46795
