2984.38 24.9652
7454.73 16.6667
8942.85 25.0084
17139.5 15.3862
18628.6 20.0036
19377.7 21.4204
20122.7 26.6571
32785.7 11.1136
33533.8 11.1111
35019.9 15.004
44707.6 18.7484
45451.7 18.7547
46940.8 18.75
48430.9 22.2222
55882.5 26.6691
56627.6 26.6667
58116.7 26.6667
59606.8 26.6667
68548.5 23.5294
69296.5 27.7716
70041.6 27.7716
71527.7 27.7778
73017.8 27.7778
80469.4 31.25
81214.5 31.2579
81958.5 35.3053
83448.7 33.3433
84938.8 33.3333
86432.9 33.3234
93881.5 33.3308
94625.5 33.3333
95369.6 33.3333
96114.6 36.8421
96859.7 38.8889
97604.8 41.1765
99094.9 41.1895
107292 38.8918
108037 38.8889
108781 38.8889
109526 38.8889
110271 38.8889
111020 42.0934
112510 39.9893
114000 39.9893
122941 38.0879
123683 38.0952
124427 38.0952
126666 23.5294
127410 27.7798
134860 31.2552
135604 31.25
145290 14.2857
146035 14.2857
147524 18.7516
158702 16.6667
159446 16.6667
174348 9.52381
175093 9.5232
187758 11.1119
188503 11.1119
189996 14.998
202659 15
215325 5.88235
216070 11.1111
228737 5.88189
229481 11.1111
245130 9.0898
258539 5.55638
259284 10.5278
271952 11.1095
272697 11.1095
283126 13.3357
283873 18.75
285363 17.6471
294301 20.0018
295790 14.2912
305477 13.3333
306223 14.283
315908 14.2857
316654 19.9982
318142 18.7531
330065 11.1111
331553 11.1111
344968 9.99866
346454 10
347203 14.2821
360614 14.2857
361356 14.999
362100 15.004
362845 19.0525
368062 40.0161
368807 40
369551 40
370296 40
376260 36.3503
377006 41.6527
377747 41.6713
378496 41.648
379241 41.648
379986 100
