4473.5 16.6549
10433 12.5021
12667.1 18.1863
21608.8 13.3333
23097.9 17.6485
25338.1 17.6401
26828.2 21.0452
35763.9 21.0541
37255.1 23.8095
40239.3 16.6667
47684.9 18.75
50665.1 14.2926
58860.7 13.3333
61841 13.3333
72272.8 11.1103
73765.9 14.996
85687.8 11.1078
87176.9 11.1111
98349.8 11.7684
111765 5.5539
113254 9.99799
125172 11.1144
125921 11.7638
136348 7.1456
137093 13.3381
146779 14.2857
148272 13.3298
160190 11.1111
160935 15.7895
161683 16.6667
175836 14.2857
176581 14.2857
177326 18.1818
178074 18.1818
189247 22.2222
190740 21.0482
191486 21.0467
192230 21.0526
192975 25
203407 26.3084
204152 27.7757
204897 27.7778
205642 27.7757
206387 27.7757
207876 30
216818 20
217563 25
219052 23.5313
219793 25.0084
230225 22.2289
230974 22.2222
232463 22.2222
233204 26.3232
233953 26.3084
245875 23.8034
246616 23.8156
248110 23.808
248856 23.8019
249601 27.2644
250345 27.2727
260772 18.7563
261522 18.75
262266 23.5313
263756 22.2222
273438 23.5294
274184 23.5368
274929 23.535
276422 23.5294
284614 26.6667
286107 29.4048
286850 29.4118
287598 29.4048
289088 29.4118
295047 35.7074
296539 35.7109
297284 39.9964
298029 39.9857
298773 40
306966 23.0865
307711 28.5824
308456 28.5824
309949 26.6667
317399 28.566
318890 26.6595
319636 26.6571
320380 31.2421
321870 31.25
330810 27.7778
332301 27.7778
333047 27.7778
333791 27.7778
334536 31.5789
335281 33.3333
345713 29.996
347948 28.5696
348689 28.5787
349434 28.5769
350183 28.5696
350928 28.5696
352419 30.433
