3728.44 3728.44
9687.9 5959.46
11177 7448.58
20863.8 11175.9
21608.8 11920.9
22353.9 11176.9
23097.9 11920.9
34274.8 13411
35763.9 14900.2
46196.7 11921.9
47684.9 13410
49175 13411
58117.7 11920.9
59605.8 11920.9
61095.9 11920.9
61842 12667
73017.8 14900.2
74507 14901.2
75997.1 14901.2
76743.1 14901.2
77487.2 15645.2
89409.1 16391.3
90898.2 16391.3
92388.3 16391.3
93137.4 16394.3
93882.5 16395.3
105055 15646.2
105800 16391.3
106544 15646.2
107290 14901.2
108035 14897.2
108780 14897.2
120702 15646.2
121447 15646.2
122195 16394.3
122940 16395.3
134113 12666
134858 13411
135602 13407
136351 13411
145288 11175.9
146034 9682.75
147523 11171.9
157954 12666
158700 12666
160189 12666
172111 14156.1
172856 14156.1
174345 15645.2
175839 15650.2
189250 17139.3
189995 17139.3
191485 17140.3
192230 17885.4
194464 18625.5
205638 16388.3
206383 14153.1
208620 14156.1
216814 11175.9
217559 11175.9
219793 11172.9
228735 11920.9
229480 12666
230973 13414
232463 12670
242146 13411
244383 11919.9
245870 13407
257047 14901.2
259281 14898.2
260774 14904.2
271203 14156.1
272692 15645.2
274187 14905.2
276421 15646.2
285359 14156.1
289087 12666
297281 11921.9
298025 12666
301753 12666
309201 11919.9
309946 11920.9
314419 12666
315164 13411
325595 11175.9
327082 12663
327830 12666
338261 12666
339752 12670
341242 13412
341986 14156.1
354653 13411
355398 14156.1
356888 14902.2
365829 11175.9
366574 9685.75
371039 5210.41
371784 5210.41
374764 3725.29
375509 4470.35
