2257.32 1946.32
2258.32 1
6149.97 3891.65
6150.97 1
6723.67 572.702
9704.9 2981.23
16132.3 6427.38
19389.7 3257.37
21628.8 2239.17
33549.8 11920.9
42486.5 8936.7
42487.5 1
52172.2 9684.75
53661.3 1489.12
64093.1 10431.8
64094.1 1
65582.3 1488.12
78998.3 13416
80483.4 1485.12
80484.4 1
81233.5 749.058
92405.3 11171.9
94644.5 2239.17
94645.5 1
104326 9680.75
105071 745.058
105815 744.058
116247 10431.8
116248 1
116992 744.058
117736 744.058
131148 13412
131893 745.058
131894 1
132638 744.058
134128 1489.12
146795 12667
148284 1489.12
149034 750.058
150519 1485.12
150520 1
158716 8195.64
160210 1494.12
160211 1
161695 1484.12
169146 7451.58
170635 1489.12
172131 1495.12
184051 11920.9
185537 1485.12
185538 1
194479 8941.7
195967 1488.12
196714 747.058
205655 8940.7
205656 1
207143 1487.12
216834 9690.75
216835 1
217576 741.058
226517 8940.7
228755 2238.17
237693 8937.7
238438 745.058
248869 10430.8
248870 1
249614 744.058
262283 12669
263025 742.058
263026 1
275691 12665
277184 1493.12
277185 1
286870 9684.75
288355 1485.12
289850 1495.12
298042 8192.64
298043 1
299530 1487.12
301021 1490.12
310708 9687.75
314437 3728.29
314438 1
325610 11171.9
342004 16394.3
342005 1
351690 9684.75
353175 1485.12
360630 7455.58
360631 1
362115 1484.12
367332 5216.41
368077 745.058
368078 1
368821 743.058
371056 2235.17
371802 746.058
372546 744.058
374036 1490.12
374037 1
376271 2234.17
377018 746.058
