2252.17 0
6722.52 0
9702.75 0
17153.3 1
18643.5 1
19388.5 1
21623.7 1
30564.4 2
33544.6 2
34289.7 2
43975.4 2
55151.3 2
56641.4 2
67817.3 2
69307.4 2
82718.4 2
84208.6 2
99109.7 2
99854.8 2
111776 2
112521 2
123697 2
124442 2
125187 2
135618 2
136363 2
137108 2
138598 2
149029 2
149774 2
150519 2
152009 2
152754 2
163185 2
164675 2
165420 2
166165 2
166910 2
168400 2
178831 2
180321 2
181066 2
181811 2
190752 2
192242 2
192987 2
193732 2
195222 2
202673 2
204163 2
204908 2
205653 2
206398 2
207143 2
216829 2
218319 2
219064 2
219809 2
220554 2
221299 2
232475 2
233965 2
234710 2
235455 2
236200 2
236945 2
237691 2
244396 2
247376 2
248121 2
248866 2
249611 2
250357 2
251102 2
252592 2
260787 2
261532 2
263022 2
263768 2
265258 2
272708 2
273453 2
274943 2
276434 2
277924 2
278669 2
287609 2
288354 2
289845 2
292080 2
303256 2
304001 2
304746 2
307726 2
315177 2
316667 2
318902 2
327843 2
329333 2
331568 2
333058 2
346469 2
347959 2
