4473.5 4473.5
10433 5959.46
12667.1 8193.64
21608.8 11175.9
23097.9 12665
25338.1 12671
26828.2 14161.1
35763.9 14155.1
37258.1 15649.2
40239.3 13411
46940.8 11176.9
48433.9 11175.9
49179 8939.7
56626.6 9685.75
58119.7 11178.9
58865.7 10431.8
59609.8 10430.8
67057.4 10430.8
69296.5 11176.9
70036.6 11916.9
70785.7 11919.9
71531.7 11921.9
81213.5 14156.1
84197.7 14901.2
93879.5 12666
94623.5 13410
96858.7 12661
108781 14901.2
109526 14902.2
111765 14906.2
112510 15651.2
124427 15646.2
125921 16395.3
127410 15645.2
136348 10426.8
137838 10427.8
140072 12662
147524 11175.9
149759 11920.9
151998 11925.9
160935 13411
162428 14904.2
164660 14901.2
167639 15641.2
175836 14901.2
177329 14901.2
178075 15647.2
189992 14156.1
190737 13408
191482 13407
201172 11179.9
202661 11923.9
203403 12666
204151 12669
213834 12662
215327 12666
216073 12670
216817 13414
217563 13412
227245 13411
229484 14157.1
230225 12662
240656 13411
243636 14152.1
244381 14156.1
255561 11924.9
256306 11924.9
267478 11916.9
268223 11916.9
269716 13410
279399 11920.9
280892 12669
282382 12666
283128 13412
293556 14157.1
295790 14898.2
296535 14153.1
297283 14155.1
306222 12666
306967 13411
309201 13411
309946 13411
310691 13408
319633 13411
320378 13411
321125 14158.1
323360 14159.1
324850 14904.2
325597 14905.2
334534 14901.2
335279 14901.2
336024 14899.2
336772 15647.2
337517 14157.1
338263 13412
339007 13410
345710 11175.9
347203 9685.75
347945 9682.75
348690 9683.75
