3728.44 19.9831
12667.1 8.3352
14160.3 14.2843
26824.2 10.5256
29062.4 9.99933
38000.1 13.3333
38745.2 15.3894
39489.2 21.4368
50666.1 17.6471
51411.2 17.6471
52155.2 17.6471
52900.3 22.2222
65567.3 20
66312.3 20
67057.4 19.9987
67801.4 20
79723.4 21.0526
81212.5 23.811
81961.5 23.805
82706.6 23.805
83451.7 23.8034
93879.5 26.3158
94624.5 18.7547
95368.6 18.7563
106546 17.6457
107291 17.6471
119211 11.7656
119959 11.7619
131878 11.7638
132622 11.7675
146780 10
147524 14.2866
163916 8.69565
174346 7.14354
175091 13.3345
187012 11.7647
187760 11.7619
197443 14.2857
198188 20
198932 20.0072
210854 16.6667
211599 16.6667
212343 21.0541
213088 21.0526
226501 19.0464
227245 19.0476
227990 19.0464
228738 19.0428
229483 22.7217
239911 13.3369
240656 18.7547
241400 18.7563
253322 16.6667
254067 16.6667
254811 16.6667
255556 21.0526
265243 25
265988 25
266732 25
267481 24.9916
268226 29.4025
279399 26.3158
280147 17.6471
280892 17.6471
291320 13.3369
292065 13.3369
302496 13.3333
303244 13.3298
315163 11.7638
315907 16.6667
328574 5.88189
329319 11.1103
337514 9.09091
338260 16.6667
346454 16.6685
347202 16.6629
350179 40
350924 50
351670 50.0336
354650 50
356139 42.8654
356885 50
358374 44.4511
360609 50.0084
362099 50
362845 50
365081 44.4378
366570 45.4545
368060 50
369550 50
370296 50
373276 45.4545
374765 45.4545
376255 46.1538
377005 49.9776
378495 49.9776
379240 49.9832
382965 46.1396
384455 46.1348
385200 49.9776
