3745.44 3245.44
11197 7451.58
13431.2 9684.75
24609.1 13412
28334.4 14903.2
35779.9 11170.9
38020.1 9685.75
38762.2 10426.8
44722.6 8942.7
47702.9 9682.75
55156.4 10433.8
58133.7 10430.8
65582.3 10425.8
67819.4 9685.75
69311.5 11176.9
78248.2 12666
81230.5 13411
83465.7 14154.1
84210.7 14898.2
92404.3 14156.1
94641.5 13411
96876.7 13411
107308 12666
108053 13410
110291 13414
120719 13411
122209 14156.1
130402 9683.75
132639 10430.8
142323 11920.9
144560 11920.9
146053 13412
154991 10430.8
156483 10430.8
164675 9683.75
166912 10428.8
167657 11172.9
177346 12671
179578 12666
181070 13413
181813 14155.1
192242 14896.2
194481 14903.2
195971 14901.2
196714 14901.2
207145 14903.2
207888 15645.2
208633 14152.1
210129 14157.1
211618 14903.2
219811 12666
222049 11920.9
223539 11920.9
232480 12669
233970 11920.9
235459 11920.9
244398 10427.8
245886 10426.8
254084 9685.75
255576 9689.75
256322 10434.8
266005 11920.9
268243 12667
268988 12666
270478 14155.1
278671 12666
280909 10430.8
282398 11918.9
290590 11918.9
292829 11919.9
295063 12665
304746 14156.1
306238 15647.2
308475 15646.2
322632 16394.3
324121 17882.4
326353 17877.4
337533 14901.2
339023 14901.2
341254 14901.2
342002 15648.2
347964 10430.8
350939 8937.7
351685 9681.75
356901 8936.7
360628 9688.75
362119 10434.8
368077 11175.9
368822 11919.9
370315 9686.75
376272 7450.58
377766 7450.58
378512 8195.64
380747 4474.35
381492 3726.29
382236 3724.29
382981 2234.17
383726 2978.23
384471 2979.23
385217 2981.23
