4172.44 2
13110.1 2
14604.7 2.5
28013.3 2.9
30995.5 1
38444.1 2
48129.9 2.5
49618 2.9
60050.8 3.24483
61538.9 3.55301
71971.7 3.83446
73459.8 4.09525
74950 4.33944
87617.9 1
89108.1 2
89855.1 3
90600.2 3.33333
101029 3.63333
101774 3.90856
103262 4.16441
112205 4.40454
112950 4.63158
115184 4.84749
115929 5.05378
127108 5.25165
127853 1
130088 2
130833 3
131578 3.33333
139027 3.63333
142006 3.90856
142751 4.16441
150948 4.40454
155417 4.63158
156162 4.84749
156907 5.05378
165850 5.25165
168083 5.44207
169572 5.62582
170318 5.80357
171062 5.97588
179260 6.14322
181493 1
183729 2
184474 3
185220 4
194161 4.25
195649 4.48529
199376 4.70824
200121 4.92064
208317 5.12386
209805 5.31903
212042 1
212787 2
222473 3
223964 3.33333
224708 3.63333
234394 3.90856
237375 4.16441
238122 4.40454
248550 4.63158
250788 4.84749
251533 5.05378
253019 5.25165
264942 5.44207
265687 5.62582
266432 5.80357
267920 5.97588
268666 6.14322
278353 6.306
279841 6.46458
280588 6.61927
282076 6.77034
282822 6.91805
284311 7.0626
291764 7.20419
293999 7.343
294744 7.47918
296232 7.61288
296978 7.74424
299213 1
299958 2
306665 3
309645 4
310390 4.25
311878 4.48529
312624 4.70824
323803 1
324548 1
326781 1
327526 2
338705 3
340191 3.33333
346897 3.63333
348386 3.90856
349134 4.16441
352858 4.40454
354348 4.63158
355095 4.84749
355840 5.05378
