561.943 2
1455.01 3
1677.53 4
3243.15 5
3465.67 6
3577.43 7
3800.95 8
6148.88 8.125
6372.4 8.24808
6599.91 1
6711.67 2
9054.6 3
9389.88 4
9838.92 5
9950.67 5.2
10283 5.39231
10398.7 5.57776
11066.3 5.75704
11180 5.93074
11405.5 1
11629.1 2
11851.6 3
12742.6 3.33333
12854.4 3.63333
13528 3.90856
14421 4.16441
14530.8 1
14869.1 2
15762.1 3
15871.9 3.33333
17436.5 3.63333
17552.3 3.90856
17770.8 4.16441
19226.6 4.40454
19336.4 4.63158
19558.9 4.84749
19674.7 5.05378
21238.3 5.25165
21348.1 5.44207
21570.6 5.62582
21686.3 5.80357
21799.1 5.97588
23473.5 6.14322
23583.2 6.306
23805.8 1
24034.3 2
26045.9 3
27722.3 4
27834.1 4.25
28052.6 4.48529
29506.4 1
29618.2 2
29734 3
29845.7 3.33333
31406.3 3.63333
31518.1 3.90856
31740.6 4.16441
33422 1
33757.3 2
33869 3
35429.7 1
38447.1 2
40011.8 2.5
40123.5 2.9
41576.4 3.24483
41688.1 3.55301
43145 3.83446
43363.5 4.09525
43587 4.33944
44593.9 4.56988
44821.4 4.78871
45039.9 4.99753
45153.7 5.19763
45713.5 5.39003
45934 5.57555
46157.5 5.75491
46271.3 5.92867
46386 6.09735
46944.8 1
47168.3 2
47391.8 3
47503.6 4
47615.4 4.25
47833.9 4.48529
48729.9 4.70824
48841.7 1
49068.2 2
