4473.5 4473.5
14901.3 10427.8
16391.4 11916.9
30548.5 15647.2
31293.6 14902.2
40234.3 9685.75
40979.3 9685.75
41723.4 10428.8
52900.3 12666
53645.3 12666
54389.4 12666
55879.5 14155.1
64821.2 11920.9
65566.3 11920.9
66310.3 11920.9
67800.4 11920.9
77487.2 12666
78232.2 13410
78976.3 13410
80466.4 14156.1
81211.5 13411
93133.4 15646.2
93878.5 15646.2
94623.5 16390.3
95372.6 16396.3
96117.6 15651.2
96857.7 15646.2
106544 11171.9
107290 11171.9
108034 11914.9
109524 12666
118465 11920.9
119210 11920.9
119955 11921.9
131876 12666
132621 13410
134116 14160.1
147527 15650.2
149012 14896.2
157208 9681.75
158698 9685.75
168384 11175.9
169873 12664
171369 12671
182544 14160.1
184029 14156.1
184779 14904.2
187014 15645.2
196700 14156.1
198186 14156.1
198936 14157.1
201170 14156.1
201915 14900.2
210108 13407
210853 12667
211597 12661
213836 12666
215322 13407
216817 14901.2
223519 13411
224264 13411
225008 13411
227247 13411
227992 12670
229478 12661
230971 14153.1
238420 14901.2
239165 14901.2
239909 14901.2
242144 14897.2
242893 14901.2
244384 14906.2
246617 15646.2
255556 17136.3
256301 17880.4
257046 17881.4
257790 17881.4
259280 17136.3
271202 14901.2
271947 15645.2
272691 15645.2
274182 16391.3
274927 15646.2
283123 11920.9
283868 11920.9
284613 11921.9
286107 13415
287593 13411
296534 11920.9
297283 12669
298768 12661
300263 12670
308459 11924.9
309204 11920.9
310694 11925.9
312179 13410
319632 8937.7
321120 10424.8
321869 9689.75
329321 9688.75
