4473.5 16.6549
10433 12.5021
12667.1 18.1863
21608.8 13.3333
23097.9 17.6485
25338.1 17.6401
26828.2 21.0452
35763.9 21.0541
37258.1 23.805
40239.3 16.6667
46939.8 20
48433.9 20
49924 23.0793
51414.2 26.6691
57371.6 28.5687
58864.7 28.5714
60354.9 28.5714
61845 28.5714
62589 33.3363
70036.6 29.4141
71531.7 29.4094
73021.8 29.4094
74511 29.4118
75255 29.4118
87177.9 15.7895
88668.1 15.7884
89411.1 15.7895
99838.9 13.3393
100584 13.3369
110273 14.2816
111764 13.3286
122941 11.7628
123681 16.6704
125175 16.6667
134857 18.7579
136351 17.6415
137097 22.2139
137841 23.5294
148273 22.2139
149762 22.2222
150503 22.2305
151252 22.2222
152742 25
163174 25
164663 25
165409 24.9916
166154 24.9983
167644 24.9983
168386 28.5751
174348 40.0072
177327 16.6667
178072 23.0769
185526 19.9964
186271 24.9958
189248 25
190740 23.5257
198933 22.2289
199677 22.2305
202659 22.2222
203404 26.3158
204896 26.3158
213089 26.3158
213833 26.3158
216815 26.3158
217560 26.3158
218307 29.996
229479 17.6498
230226 22.2222
230971 22.2222
231719 22.2206
242892 12.5
243637 12.5031
245130 16.6667
254068 20
256303 13.3369
267477 11.1128
269714 11.1111
282383 5.88096
283125 11.1111
292809 7.6939
293556 14.2857
304735 12.4948
305480 12.4969
317396 11.7694
318146 16.6667
319635 15.7906
328577 19.9911
329317 20.009
330066 25.0021
330811 26.6667
341239 23.5368
341984 23.5276
342732 23.5294
343477 23.5294
344967 26.3158
352419 33.3214
353160 33.3333
353909 33.3304
354654 33.3304
356144 33.3304
