4489.5 2
12687.1 2
14921.3 2.5
29079.4 2.9
29823.5 3.24483
39507.2 3.55301
40254.3 3.83446
40998.3 4.09525
50683.1 4.33944
51430.2 4.56988
52174.2 4.78871
52919.3 4.99753
64094.1 5.19763
64841.2 5.39003
65585.3 5.57555
66330.3 1
76760.1 2
77507.2 3
78253.2 3.33333
78996.3 3.63333
89426.1 3.90856
90173.2 4.16441
90918.2 1
100602 2
102095 3
102840 3.33333
113268 3.63333
114013 3.90856
115504 4.16441
122952 4.40454
124444 4.63158
125189 1
125935 2
134873 3
137110 3.33333
146796 3.63333
147544 3.90856
149776 1
159462 2
160210 2
169147 2.5
169890 2.9
180323 3.24483
181814 3.55301
193737 3.83446
195225 4.09525
195967 1
204910 2
206398 3
207143 3.33333
216084 3.63333
216829 3.90856
217574 4.16441
227260 4.40454
228755 4.63158
229500 4.84749
230243 5.05378
241418 5.25165
242161 5.44207
242906 5.62582
243654 5.80357
245144 5.97588
255574 6.14322
257065 6.306
257810 6.46458
258555 1
260047 1
269733 1
270478 1
271223 2
271968 2
280161 3
280904 4
291337 4.25
292828 4.48529
294318 4.70824
295061 4.92064
305493 5.12386
306236 5.31903
307729 5.50703
308474 5.68862
317414 5.86441
318905 6.03493
320395 6.20063
321138 6.36191
321885 1
330825 2
332318 2
333063 3
334551 3
335294 4
346469 4.25
347962 4.48529
348709 4.70824
349452 4.92064
357645 5.12386
358390 5.31903
359135 1
359885 2
368076 3
