2257.32 2
6723.67 2
9704.9 2.5
19389.7 2
21628.8 2.5
33549.8 2.9
34294.8 3.24483
43976.6 3.55301
44721.6 3.83446
46210.7 4.09525
56646.6 4.33944
57391.6 1
58881.7 2
59626.8 3
68563.5 3.33333
70802.7 3.63333
72287.8 3.90856
81974.5 4.16441
82719.6 4.40454
84208.7 4.63158
94640.5 4.84749
95385.6 5.05378
96874.7 5.25165
97619.8 5.44207
107311 1
108056 2
109546 3
110290 3.33333
111031 3.33333
119227 3.63333
119975 3.90856
120722 4.16441
130406 4.40454
131151 1
131892 2
133388 3
143069 1
144563 2
146049 2.5
157229 2.9
158715 3.24483
166166 3.55301
167655 3.83446
168402 4.09525
176600 4.33944
178086 4.56988
179581 4.78871
181066 4.99753
189267 1
190757 1
192989 2
194482 2
204165 3
205653 3.33333
213851 3.63333
214596 3.90856
215339 4.16441
225027 4.40454
225772 4.63158
226515 1
228010 2
239928 1
240673 2
254829 2.5
256319 1
268240 1
279416 2
290594 2.5
292080 1
304751 2
316669 2.5
318157 2.9
330080 1
331570 2
344984 2.5
345729 2.9
356157 3.24483
356902 3.55301
366591 3.83446
367336 4.09525
368821 4.33944
371806 4.56988
372551 4.78871
373291 4.99753
374036 5.19763
374781 5.39003
375526 5.57555
376271 5.75491
377017 5.92867
377762 6.09735
378507 6.26135
379252 6.42106
379997 6.5768
380742 6.72885
381487 6.87746
382232 7.02286
382977 7.16526
383722 7.30482
384472 7.44171
385217 7.57609
