2388 2000
2998.38 610.381
2999.38 1
8219.14 5219.76
8220.14 1
10450 2229.82
11942.1 1492.12
23113.9 11171.9
35035.9 11921.9
35036.9 1
40996.3 5959.46
43235.5 2239.17
49937 6701.52
49938 1
52171.2 2233.17
61116.9 8945.7
63347.1 2230.17
74523 11175.9
76763.1 2240.17
76764.1 1
88684.1 11919.9
91664.3 2980.23
93151.4 1487.12
93152.4 1
102836 9683.75
105820 2984.23
107308 1487.12
108055 747.058
116247 8192.64
116248 1
119976 3728.29
121464 1487.12
132642 11178.9
132643 1
134128 1484.12
145303 11175.9
148288 2984.23
159465 11176.9
162445 2980.23
172871 10425.8
172872 1
175856 2984.23
184046 8190.64
185539 1492.12
185540 1
187774 2234.17
195968 8194.64
197460 1491.12
198208 748.058
200442 2234.17
200443 1
209379 8936.7
210874 1494.12
211614 740.058
213853 2239.17
215341 1488.12
215342 1
222045 6703.52
223537 1491.12
224280 743.058
226520 2240.17
228007 1487.12
228754 747.058
228755 1
234711 5956.46
236203 1491.12
237693 1490.12
238441 748.058
239928 1487.12
241418 1490.12
242908 1490.12
248122 5214.41
248123 1
249613 1489.12
251102 1489.12
251847 745.058
254087 2240.17
254831 744.058
256319 1488.12
260788 4469.35
262279 1490.12
262280 1
263773 1493.12
266008 2235.17
266753 745.058
268987 2234.17
278674 9686.75
280161 1487.12
281651 1490.12
282399 748.058
284633 2234.17
289101 4467.35
290592 1491.12
291335 743.058
291336 1
292080 744.058
295064 2984.23
300277 5212.41
301767 1490.12
303261 1494.12
304001 740.058
304002 1
