20343.3 0
30448.1 0
40553 0
50880.3 0
50975.6 0
60993.1 0
61088.5 0
71106 0
71201.3 0
81409.6 0
81504.9 0
81600.3 0
91522.4 0
91617.8 0
91713.2 0
101874 0
101969 0
102064 0
102160 0
111987 0
112082 0
112177 0
112273 0
122099 0
122195 0
122290 0
122386 0
132403 0
132498 0
132594 0
132689 0
132784 0
142516 0
142611 0
142707 0
142802 0
142897 0
152867 0
152962 0
153058 0
153153 0
153248 0
153344 0
162980 0
163075 0
163170 0
163266 0
163361 0
163457 0
173331 0
173426 0
173522 0
173617 0
173712 0
173808 0
173903 0
183444 0
183539 0
183635 0
183730 0
183825 0
183921 0
184016 0
193795 0
193890 0
193986 0
194081 0
194177 0
194272 0
194367 0
194463 0
203908 0
204003 0
204099 0
204194 0
204289 0
204385 0
204480 0
204576 0
214259 0
214355 0
214450 0
214545 0
214641 0
214736 0
214831 0
214927 0
215022 0
224372 0
224467 0
224563 0
224658 0
224754 0
224849 0
224944 0
225040 0
225135 0
234485 0
234580 0
234676 0
234771 0
234866 0
234962 0
235057 0
235153 0
235248 0
244789 0
244884 0
244979 0
245075 0
245170 0
245265 0
245361 0
245456 0
245551 0
245647 0
254901 0
254997 0
255092 0
255188 0
255283 0
255378 0
255474 0
255569 0
255664 0
255760 0
265220 0
265316 0
265411 0
265506 0
265602 0
265697 0
265793 0
265888 0
265983 0
266079 0
266174 0
275333 0
275429 0
275524 0
275619 0
275715 0
275810 0
275905 0
276001 0
276096 0
276192 0
276287 0
285684 0
285780 0
285875 0
285971 0
286066 0
286161 0
286257 0
286352 0
286447 0
286543 0
286638 0
286734 0
295797 0
295893 0
295988 0
296083 0
296179 0
296274 0
296370 0
296465 0
296560 0
296656 0
296751 0
296846 0
306149 0
306244 0
306339 0
306435 0
306530 0
306625 0
306721 0
306816 0
306912 0
307007 0
307102 0
307198 0
307293 0
316261 0
316357 0
316452 0
316548 0
316643 0
316738 0
316834 0
316929 0
317024 0
317120 0
317215 0
317311 0
317406 0
326613 0
326708 0
326803 0
326899 0
326994 0
327090 0
327185 0
327280 0
327376 0
327471 0
327566 0
327662 0
327757 0
327853 0
336726 0
336821 0
336916 0
337012 0
337107 0
337202 0
337298 0
337393 0
337489 0
337584 0
337679 0
337775 0
337870 0
337965 0
347077 0
347172 0
347268 0
347363 0
347458 0
347554 0
347649 0
347744 0
347840 0
347935 0
348031 0
348126 0
348221 0
348317 0
348412 0
357190 0
357285 0
357380 0
357476 0
357571 0
357667 0
357762 0
357857 0
357953 0
358048 0
358143 0
358239 0
358334 0
358429 0
358524 0
367540 0
367635 0
367731 0
367826 0
367922 0
368017 0
368112 0
368208 0
368303 0
368398 0
368494 0
368589 0
368684 0
368780 0
368828 0
368970 0
377653 0
377748 0
377844 0
377939 0
378034 0
378130 0
378225 0
378321 0
378416 0
378511 0
378607 0
378702 0
378797 0
378893 0
378939 0
379083 0
388003 0
388099 0
388194 0
388289 0
388385 0
388480 0
388576 0
388671 0
388765 0
388861 0
388957 0
389051 0
389147 0
389242 0
389290 0
389386 0
389481 0
398116 0
398212 0
398307 0
398402 0
398498 0
398593 0
398688 0
398784 0
398879 0
398975 0
399070 0
399164 0
399260 0
399355 0
399403 0
399498 0
399593 0
408445 0
408541 0
408636 0
408732 0
408827 0
408922 0
409018 0
409113 0
409208 0
409304 0
409398 0
409493 0
409589 0
409684 0
409731 0
409827 0
409923 0
409970 0
418558 0
418654 0
418749 0
418844 0
418940 0
419034 0
419130 0
419226 0
419321 0
419417 0
419511 0
419606 0
419702 0
419797 0
419844 0
419940 0
420036 0
420083 0
428671 0
428767 0
428862 0
428957 0
429053 0
429147 0
429242 0
429339 0
429433 0
429528 0
429624 0
429719 0
429814 0
429910 0
429957 0
430053 0
430148 0
430196 0
438936 0
439031 0
439126 0
439222 0
439316 0
439413 0
439508 0
439603 0
439698 0
439793 0
439888 0
439984 0
440078 0
440175 0
440270 0
440318 0
440413 0
440506 0
440556 0
449049 0
449144 0
449239 0
449334 0
449429 0
449525 0
449621 0
449716 0
449811 0
449906 0
450001 0
450097 0
450191 0
450287 0
450383 0
450430 0
450526 0
450619 0
450669 0
459326 0
459422 0
459516 0
459611 0
459660 0
459803 0
459897 0
459993 0
460088 0
460183 0
460278 0
460374 0
460469 0
460565 0
460660 0
460754 0
460803 0
460899 0
460993 0
461040 0
469439 0
469533 0
469629 0
469725 0
469773 0
469915 0
470010 0
470106 0
470201 0
470296 0
470391 0
470487 0
470581 0
470678 0
470773 0
470867 0
470916 0
471012 0
471106 0
471153 0
479716 0
479811 0
479907 0
480002 0
480049 0
480145 0
480239 0
480383 0
480478 0
480574 0
480668 0
480765 0
480860 0
480954 0
481051 0
481146 0
481241 0
481287 0
481384 0
481479 0
481526 0
489828 0
489925 0
490020 0
490115 0
490162 0
490258 0
490352 0
490496 0
490590 0
490687 0
490781 0
490878 0
490973 0
491067 0
491164 0
491259 0
491353 0
491400 0
491496 0
491592 0
491638 0
500133 0
500229 0
500324 0
500419 0
500466 0
500561 0
500658 0
500704 0
500848 0
500991 0
501087 0
501181 0
501276 0
501372 0
501466 0
501562 0
501658 0
501753 0
501800 0
501895 0
501992 0
502039 0
510246 0
510341 0
510437 0
510532 0
510579 0
510674 0
510771 0
510817 0
510961 0
511104 0
511200 0
511294 0
511388 0
511484 0
511579 0
511675 0
511771 0
511866 0
511913 0
512008 0
512104 0
512151 0
520571 0
520667 0
520762 0
520857 0
520905 0
520999 0
521096 0
521142 0
521287 0
521334 0
521476 0
521618 0
521714 0
521810 0
521904 0
522000 0
522095 0
522191 0
522287 0
522334 0
522430 0
522524 0
522573 0
530683 0
530778 0
530874 0
530969 0
531017 0
531111 0
531208 0
531254 0
531398 0
531446 0
531588 0
531730 0
531826 0
531922 0
532016 0
532112 0
532207 0
532302 0
532399 0
532445 0
532541 0
532636 0
532685 0
541009 0
541105 0
541199 0
541296 0
541343 0
541438 0
541534 0
541582 0
541724 0
541770 0
541915 0
541961 0
542104 0
542248 0
542344 0
542439 0
542533 0
542629 0
542725 0
542820 0
542867 0
542963 0
543059 0
543105 0
551121 0
551217 0
551311 0
551407 0
551455 0
551549 0
551646 0
551693 0
551836 0
551882 0
552027 0
552073 0
552216 0
552360 0
552455 0
552551 0
552645 0
552741 0
552837 0
552932 0
552979 0
553075 0
553171 0
553217 0
561449 0
561545 0
561639 0
561736 0
561783 0
561879 0
561973 0
562020 0
562165 0
562210 0
562354 0
562401 0
562544 0
562593 0
562736 0
562879 0
562973 0
563069 0
563164 0
563260 0
563355 0
563404 0
563499 0
563594 0
563641 0
571561 0
571657 0
571751 0
571847 0
571895 0
571991 0
572085 0
572132 0
572277 0
572322 0
572465 0
572513 0
572656 0
572705 0
572848 0
572991 0
573085 0
573181 0
573276 0
573371 0
573467 0
573514 0
573611 0
573706 0
573753 0
581890 0
581986 0
582081 0
582176 0
582223 0
582320 0
582415 0
582461 0
582604 0
582652 0
582795 0
582843 0
582986 0
583034 0
583177 0
583224 0
583367 0
583511 0
583606 0
583702 0
583796 0
583891 0
583940 0
584035 0
584131 0
584177 0
592002 0
592098 0
592193 0
592288 0
592335 0
592432 0
592527 0
592573 0
592716 0
592763 0
592907 0
592955 0
593098 0
593146 0
593289 0
593336 0
593479 0
593623 0
593718 0
593814 0
593908 0
594003 0
594052 0
594147 0
594243 0
594289 0
602333 0
602427 0
602522 0
602617 0
602667 0
602761 0
602855 0
602903 0
603046 0
603095 0
603238 0
603285 0
603429 0
603476 0
603619 0
603666 0
603810 0
603857 0
604001 0
604144 0
604238 0
604334 0
604429 0
604478 0
604571 0
604666 0
604715 0
612632 0
612728 0
612822 0
612919 0
612964 0
613063 0
613156 0
613203 0
613347 0
613393 0
613536 0
613585 0
613727 0
613776 0
613918 0
613967 0
614109 0
614157 0
614299 0
614442 0
614538 0
614633 0
614730 0
614776 0
614872 0
614970 0
615017 0
623170 0
623266 0
623361 0
623456 0
623503 0
623598 0
623694 0
623741 0
623884 0
623933 0
624075 0
624123 0
624265 0
624314 0
624457 0
624504 0
624648 0
624694 0
624838 0
624886 0
625029 0
625172 0
625268 0
625361 0
625410 0
625505 0
625600 0
625647 0
633851 0
633947 0
634042 0
634137 0
634185 0
634279 0
634375 0
634422 0
634565 0
634614 0
634756 0
634804 0
634946 0
634995 0
635138 0
635185 0
635329 0
635376 0
635519 0
635567 0
635712 0
635855 0
635950 0
636046 0
636094 0
636189 0
636285 0
636332 0
644771 0
644866 0
644960 0
645056 0
645104 0
645199 0
645294 0
645343 0
645485 0
645533 0
645675 0
645724 0
645867 0
645915 0
646057 0
646105 0
646248 0
646295 0
646438 0
646487 0
646630 0
646677 0
646820 0
646962 0
647057 0
647106 0
647199 0
647295 0
647342 0
655834 0
655928 0
656023 0
656119 0
656167 0
656262 0
656356 0
656405 0
656547 0
656596 0
656738 0
656787 0
656930 0
656977 0
657122 0
657170 0
657313 0
657361 0
657504 0
657552 0
657695 0
657742 0
657885 0
658028 0
658124 0
658171 0
658267 0
658362 0
658410 0
667133 0
667229 0
667324 0
667420 0
667467 0
667563 0
667657 0
667706 0
667848 0
667897 0
668040 0
668088 0
668231 0
668277 0
668421 0
668468 0
668611 0
668659 0
668802 0
668851 0
668994 0
669040 0
669183 0
669230 0
669374 0
669517 0
669563 0
669660 0
669755 0
669801 0
678577 0
678673 0
678768 0
678864 0
678911 0
679007 0
679102 0
679150 0
679292 0
679341 0
679484 0
679532 0
679677 0
679723 0
679867 0
679915 0
680058 0
680105 0
680249 0
680297 0
680440 0
680487 0
680630 0
680678 0
680821 0
680964 0
681012 0
681107 0
681203 0
681250 0
690021 0
690118 0
690212 0
690308 0
690355 0
690451 0
690546 0
690594 0
690736 0
690785 0
690928 0
690976 0
691119 0
691166 0
691310 0
691356 0
691499 0
691547 0
691690 0
691739 0
691882 0
691929 0
692072 0
692118 0
692262 0
692405 0
692451 0
692548 0
692643 0
692689 0
701418 0
701514 0
701608 0
701705 0
701751 0
701848 0
701942 0
701991 0
702133 0
702182 0
702325 0
702372 0
702515 0
702562 0
702707 0
702756 0
702899 0
702946 0
703089 0
703137 0
703280 0
703328 0
703471 0
703519 0
703662 0
703805 0
703852 0
703948 0
704043 0
704091 0
712814 0
712910 0
713005 0
713101 0
713148 0
713244 0
713338 0
713387 0
713529 0
713578 0
713721 0
713769 0
713912 0
713958 0
714102 0
714149 0
714292 0
714340 0
714483 0
714532 0
714675 0
714721 0
714864 0
714911 0
715055 0
715198 0
715244 0
715341 0
715436 0
715482 0
724210 0
724307 0
724401 0
724497 0
724544 0
724641 0
724735 0
724784 0
724926 0
724974 0
725117 0
725165 0
725308 0
725355 0
725498 0
725548 0
725691 0
725739 0
725882 0
725930 0
726073 0
726121 0
726264 0
726311 0
726454 0
726597 0
726645 0
726693 0
726788 0
726836 0
735559 0
735655 0
735750 0
735846 0
735893 0
735989 0
736084 0
736132 0
736274 0
736323 0
736466 0
736514 0
736657 0
736704 0
736848 0
736894 0
737037 0
737085 0
737228 0
737277 0
737420 0
737466 0
737610 0
737656 0
737800 0
737943 0
737989 0
738037 0
738132 0
738181 0
746908 0
747004 0
747147 0
747242 0
747290 0
747385 0
747481 0
747529 0
747672 0
747719 0
747863 0
747909 0
748055 0
748103 0
748246 0
748294 0
748437 0
748484 0
748627 0
748675 0
748818 0
748866 0
749009 0
749057 0
749200 0
749343 0
749390 0
749438 0
749533 0
749581 0
758352 0
758448 0
758591 0
758686 0
758734 0
758832 0
758925 0
758973 0
759116 0
759164 0
759307 0
759353 0
759496 0
759545 0
759687 0
759735 0
759878 0
759926 0
760070 0
760116 0
760259 0
760307 0
760449 0
760498 0
760640 0
760787 0
760834 0
760882 0
760978 0
761025 0
769559 0
769701 0
769797 0
769844 0
769940 0
770035 0
770083 0
770226 0
770273 0
770417 0
770463 0
770610 0
770657 0
770800 0
770848 0
770988 0
771037 0
771180 0
771227 0
771370 0
771417 0
771560 0
771607 0
771751 0
771893 0
771942 0
771987 0
772085 0
772131 0
780906 0
781050 0
781146 0
781193 0
781240 0
781336 0
781432 0
781480 0
781623 0
781670 0
781813 0
781860 0
782003 0
782052 0
782197 0
782244 0
782387 0
782434 0
782578 0
782626 0
782769 0
782817 0
782960 0
783007 0
783150 0
783293 0
783341 0
783389 0
783484 0
783532 0
792350 0
792494 0
792590 0
792638 0
792684 0
792781 0
792876 0
792924 0
793067 0
793114 0
793257 0
793304 0
793447 0
793496 0
793638 0
793686 0
793829 0
793877 0
794020 0
794067 0
794210 0
794258 0
794400 0
794448 0
794591 0
794733 0
794782 0
794828 0
794923 0
794972 0
803795 0
803939 0
804034 0
804082 0
804128 0
804225 0
804320 0
804368 0
804511 0
804558 0
804701 0
804751 0
804894 0
804942 0
805085 0
805133 0
805275 0
805322 0
805466 0
805514 0
805657 0
805705 0
805848 0
805895 0
806039 0
806182 0
806229 0
806277 0
806372 0
806420 0
815239 0
815383 0
815478 0
815526 0
815572 0
815669 0
815764 0
815812 0
815955 0
816003 0
816146 0
816192 0
816335 0
816384 0
816526 0
816574 0
816717 0
816765 0
816909 0
816955 0
817098 0
817146 0
817288 0
817337 0
817479 0
817621 0
817670 0
817716 0
817812 0
817860 0
826683 0
826827 0
826922 0
826970 0
827065 0
827160 0
827208 0
827350 0
827399 0
827542 0
827590 0
827734 0
827782 0
827924 0
827973 0
828116 0
828163 0
828307 0
828352 0
828498 0
828545 0
828688 0
828736 0
828879 0
829022 0
829070 0
829117 0
829213 0
829261 0
837889 0
838032 0
838128 0
838174 0
838223 0
838318 0
838366 0
838509 0
838557 0
838700 0
838748 0
838891 0
838937 0
839080 0
839129 0
839271 0
839319 0
839462 0
839511 0
839654 0
839700 0
839843 0
839891 0
840033 0
840177 0
840224 0
840273 0
840366 0
840416 0
849189 0
849333 0
849477 0
849523 0
849572 0
849666 0
849715 0
849763 0
849906 0
849953 0
850096 0
850143 0
850286 0
850335 0
850479 0
850528 0
850670 0
850718 0
850861 0
850909 0
851052 0
851100 0
851243 0
851290 0
851433 0
851576 0
851624 0
851672 0
851767 0
851815 0
860729 0
860873 0
861016 0
861064 0
861110 0
861207 0
861253 0
861301 0
861445 0
861492 0
861635 0
861684 0
861827 0
861873 0
862016 0
862065 0
862208 0
862255 0
862399 0
862445 0
862589 0
862636 0
862778 0
862827 0
862969 0
863111 0
863161 0
863206 0
863303 0
863349 0
872173 0
872317 0
872460 0
872508 0
872554 0
872651 0
872697 0
872745 0
872889 0
872939 0
873082 0
873130 0
873273 0
873320 0
873463 0
873511 0
873654 0
873702 0
873845 0
873892 0
874036 0
874083 0
874226 0
874274 0
874417 0
874560 0
874608 0
874655 0
874751 0
874798 0
883617 0
883761 0
883904 0
883952 0
884047 0
884095 0
884142 0
884286 0
884333 0
884476 0
884523 0
884666 0
884715 0
884857 0
884905 0
885048 0
885096 0
885238 0
885287 0
885430 0
885477 0
885620 0
885666 0
885810 0
885952 0
885999 0
886049 0
886143 0
886191 0
894966 0
895110 0
895253 0
895301 0
895347 0
895396 0
895444 0
895587 0
895634 0
895777 0
895825 0
895968 0
896018 0
896161 0
896209 0
896352 0
896399 0
896542 0
896590 0
896733 0
896781 0
896924 0
896971 0
897114 0
897257 0
897305 0
897353 0
897448 0
897496 0
906314 0
906459 0
906649 0
906696 0
906745 0
906792 0
906839 0
906887 0
907031 0
907077 0
907220 0
907269 0
907412 0
907459 0
907602 0
907651 0
907794 0
907840 0
907984 0
908031 0
908174 0
908222 0
908364 0
908413 0
908555 0
908697 0
908746 0
908792 0
908888 0
908935 0
917759 0
917903 0
918093 0
918140 0
918189 0
918236 0
918283 0
918331 0
918475 0
918525 0
918667 0
918715 0
918858 0
918906 0
919049 0
919097 0
919240 0
919287 0
919430 0
919478 0
919621 0
919669 0
919812 0
919860 0
920003 0
920146 0
920193 0
920241 0
920337 0
920384 0
929203 0
929347 0
929537 0
929584 0
929633 0
929681 0
929727 0
929775 0
929919 0
929966 0
930109 0
930157 0
930300 0
930347 0
930490 0
930539 0
930682 0
930729 0
930873 0
930919 0
931062 0
931110 0
931252 0
931301 0
931443 0
931585 0
931635 0
931680 0
931777 0
931823 0
940456 0
940600 0
940790 0
940838 0
940886 0
940933 0
940982 0
941029 0
941172 0
941220 0
941365 0
941413 0
941556 0
941603 0
941746 0
941794 0
941937 0
941985 0
942125 0
942173 0
942316 0
942364 0
942505 0
942554 0
942696 0
942840 0
942886 0
942934 0
943029 0
943078 0
951852 0
951996 0
952187 0
952234 0
952283 0
952330 0
952377 0
952425 0
952569 0
952615 0
952761 0
952809 0
952952 0
953000 0
953142 0
953190 0
953334 0
953381 0
953524 0
953572 0
953715 0
953763 0
953906 0
953953 0
954096 0
954240 0
954287 0
954335 0
954430 0
954478 0
963297 0
963441 0
963631 0
963678 0
963727 0
963774 0
963821 0
963869 0
964013 0
964059 0
964203 0
964251 0
964394 0
964441 0
964584 0
964633 0
964776 0
964822 0
964966 0
965013 0
965156 0
965204 0
965346 0
965395 0
965537 0
965679 0
965726 0
965776 0
965870 0
965918 0
974741 0
974885 0
975075 0
975122 0
975171 0
975218 0
975265 0
975313 0
975457 0
975507 0
975650 0
975697 0
975839 0
975888 0
976031 0
976078 0
976222 0
976269 0
976412 0
976460 0
976603 0
976651 0
976794 0
976842 0
976985 0
977128 0
977175 0
977223 0
977318 0
977366 0
986185 0
986329 0
986519 0
986566 0
986615 0
986663 0
986709 0
986757 0
986901 0
986948 0
987091 0
987139 0
987282 0
987329 0
987472 0
987521 0
987664 0
987711 0
987855 0
987901 0
988044 0
988092 0
988234 0
988283 0
988425 0
988567 0
988615 0
988664 0
988759 0
988810 0
997486 0
997630 0
997820 0
997868 0
997916 0
997963 0
998011 0
998059 0
998202 0
998250 0
998393 0
998440 0
998585 0
998633 0
998776 0
998824 0
998967 0
999015 0
999155 0
999202 0
999345 0
999394 0
999535 0
999584 0
999726 0
999869 0
999918 0
999963 0
1.00006e+06 0
1.00011e+06 0
1.00883e+06 0
1.00898e+06 0
1.00917e+06 0
1.00922e+06 0
1.00926e+06 0
1.00931e+06 0
1.00936e+06 0
1.00941e+06 0
1.00955e+06 0
1.0096e+06 0
1.00974e+06 0
1.00979e+06 0
1.00993e+06 0
1.00998e+06 0
1.01012e+06 0
1.01017e+06 0
1.01032e+06 0
1.01036e+06 0
1.01051e+06 0
1.01055e+06 0
1.0107e+06 0
1.01074e+06 0
1.01089e+06 0
1.01094e+06 0
1.01108e+06 0
1.01122e+06 0
1.01127e+06 0
1.01132e+06 0
1.01141e+06 0
1.01146e+06 0
1.02028e+06 0
1.02042e+06 0
1.02061e+06 0
1.02066e+06 0
1.02071e+06 0
1.02076e+06 0
1.0208e+06 0
1.02085e+06 0
1.02099e+06 0
1.02104e+06 0
1.02118e+06 0
1.02123e+06 0
1.02138e+06 0
1.02142e+06 0
1.02157e+06 0
1.02161e+06 0
1.02176e+06 0
1.0218e+06 0
1.02195e+06 0
1.022e+06 0
1.02214e+06 0
1.02219e+06 0
1.02233e+06 0
1.02238e+06 0
1.02252e+06 0
1.02266e+06 0
1.02271e+06 0
1.02276e+06 0
1.02285e+06 0
1.0229e+06 0
1.03172e+06 0
1.03187e+06 0
1.03206e+06 0
1.0321e+06 0
1.03215e+06 0
1.0322e+06 0
1.03225e+06 0
1.03229e+06 0
1.03244e+06 0
1.03249e+06 0
1.03263e+06 0
1.03268e+06 0
1.03282e+06 0
1.03287e+06 0
1.03301e+06 0
1.03306e+06 0
1.0332e+06 0
1.03325e+06 0
1.03339e+06 0
1.03344e+06 0
1.03359e+06 0
1.03363e+06 0
1.03378e+06 0
1.03382e+06 0
1.03397e+06 0
1.03411e+06 0
1.03416e+06 0
1.03421e+06 0
1.0343e+06 0
1.03435e+06 0
1.04317e+06 0
1.04331e+06 0
1.0435e+06 0
1.04355e+06 0
1.0436e+06 0
1.04364e+06 0
1.04369e+06 0
1.04374e+06 0
1.04388e+06 0
1.04393e+06 0
1.04407e+06 0
1.04412e+06 0
1.04426e+06 0
1.04431e+06 0
1.04445e+06 0
1.0445e+06 0
1.04465e+06 0
1.04469e+06 0
1.04484e+06 0
1.04488e+06 0
1.04503e+06 0
1.04507e+06 0
1.04522e+06 0
1.04526e+06 0
1.04541e+06 0
1.04555e+06 0
1.0456e+06 0
1.04565e+06 0
1.04574e+06 0
1.04579e+06 0
1.05461e+06 0
1.05475e+06 0
1.05495e+06 0
1.05499e+06 0
1.05504e+06 0
1.05509e+06 0
1.05514e+06 0
1.05518e+06 0
1.05533e+06 0
1.05538e+06 0
1.05552e+06 0
1.05557e+06 0
1.05571e+06 0
1.05576e+06 0
1.0559e+06 0
1.05595e+06 0
1.05609e+06 0
1.05614e+06 0
1.05628e+06 0
1.05633e+06 0
1.05647e+06 0
1.05652e+06 0
1.05666e+06 0
1.05671e+06 0
1.05685e+06 0
1.057e+06 0
1.05705e+06 0
1.05709e+06 0
1.05719e+06 0
1.05724e+06 0
1.06582e+06 0
1.06596e+06 0
1.0661e+06 0
1.06615e+06 0
1.0662e+06 0
1.06625e+06 0
1.06629e+06 0
1.06644e+06 0
1.06648e+06 0
1.06663e+06 0
1.06667e+06 0
1.06682e+06 0
1.06687e+06 0
1.06701e+06 0
1.06706e+06 0
1.0672e+06 0
1.06725e+06 0
1.06739e+06 0
1.06744e+06 0
1.06758e+06 0
1.06763e+06 0
1.06777e+06 0
1.06782e+06 0
1.06796e+06 0
1.06811e+06 0
1.06815e+06 0
1.0682e+06 0
1.06829e+06 0
1.06834e+06 0
1.07712e+06 0
1.07726e+06 0
1.0774e+06 0
1.07745e+06 0
1.0775e+06 0
1.07755e+06 0
1.0776e+06 0
1.07764e+06 0
1.07779e+06 0
1.07788e+06 0
1.07803e+06 0
1.07807e+06 0
1.07822e+06 0
1.07826e+06 0
1.07841e+06 0
1.07845e+06 0
1.0786e+06 0
1.07865e+06 0
1.07879e+06 0
1.07884e+06 0
1.07898e+06 0
1.07903e+06 0
1.07917e+06 0
1.07922e+06 0
1.07936e+06 0
1.0795e+06 0
1.07955e+06 0
1.0796e+06 0
1.0797e+06 0
1.07974e+06 0
1.08861e+06 0
1.08875e+06 0
1.0889e+06 0
1.08894e+06 0
1.08899e+06 0
1.08904e+06 0
1.08909e+06 0
1.08913e+06 0
1.08928e+06 0
1.08937e+06 0
1.08952e+06 0
1.08956e+06 0
1.08971e+06 0
1.08975e+06 0
1.0899e+06 0
1.08994e+06 0
1.09009e+06 0
1.09014e+06 0
1.09028e+06 0
1.09033e+06 0
1.09047e+06 0
1.09052e+06 0
1.09066e+06 0
1.09071e+06 0
1.09085e+06 0
1.09099e+06 0
1.09104e+06 0
1.09109e+06 0
1.09118e+06 0
1.09123e+06 0
1.10005e+06 0
1.1002e+06 0
1.10034e+06 0
1.10039e+06 0
1.10044e+06 0
1.10048e+06 0
1.10053e+06 0
1.10058e+06 0
1.10072e+06 0
1.10082e+06 0
1.10096e+06 0
1.10101e+06 0
1.10115e+06 0
1.1012e+06 0
1.10134e+06 0
1.10139e+06 0
1.10153e+06 0
1.10158e+06 0
1.10173e+06 0
1.10177e+06 0
1.10192e+06 0
1.10196e+06 0
1.10211e+06 0
1.10215e+06 0
1.1023e+06 0
1.10244e+06 0
1.10249e+06 0
1.10254e+06 0
1.10263e+06 0
1.10268e+06 0
1.1115e+06 0
1.11164e+06 0
1.11178e+06 0
1.11183e+06 0
1.11188e+06 0
1.11193e+06 0
1.11197e+06 0
1.11202e+06 0
1.11217e+06 0
1.11226e+06 0
1.1124e+06 0
1.11245e+06 0
1.11259e+06 0
1.11264e+06 0
1.11279e+06 0
1.11283e+06 0
1.11298e+06 0
1.11302e+06 0
1.11317e+06 0
1.11321e+06 0
1.11336e+06 0
1.1134e+06 0
1.11355e+06 0
1.1136e+06 0
1.11374e+06 0
1.11388e+06 0
1.11393e+06 0
1.11398e+06 0
1.11407e+06 0
1.11412e+06 0
1.12289e+06 0
1.12304e+06 0
1.12318e+06 0
1.12323e+06 0
1.12328e+06 0
1.12332e+06 0
1.12337e+06 0
1.12342e+06 0
1.12361e+06 0
1.12371e+06 0
1.12375e+06 0
1.1239e+06 0
1.12395e+06 0
1.12409e+06 0
1.12414e+06 0
1.12428e+06 0
1.12433e+06 0
1.12447e+06 0
1.12452e+06 0
1.12466e+06 0
1.12471e+06 0
1.12485e+06 0
1.1249e+06 0
1.12504e+06 0
1.12519e+06 0
1.12523e+06 0
1.12528e+06 0
1.12538e+06 0
1.12542e+06 0
1.1342e+06 0
1.13434e+06 0
1.13448e+06 0
1.13453e+06 0
1.13458e+06 0
1.13463e+06 0
1.13467e+06 0
1.13472e+06 0
1.13491e+06 0
1.13501e+06 0
1.13505e+06 0
1.1351e+06 0
1.13525e+06 0
1.13534e+06 0
1.13548e+06 0
1.13553e+06 0
1.13567e+06 0
1.13572e+06 0
1.13586e+06 0
1.13591e+06 0
1.13605e+06 0
1.1361e+06 0
1.13625e+06 0
1.13629e+06 0
1.13644e+06 0
1.13658e+06 0
1.13662e+06 0
1.13667e+06 0
1.13677e+06 0
1.13682e+06 0
1.14564e+06 0
1.14578e+06 0
1.14593e+06 0
1.14597e+06 0
1.14602e+06 0
1.14607e+06 0
1.14612e+06 0
1.14616e+06 0
1.14635e+06 0
1.14645e+06 0
1.1465e+06 0
1.14655e+06 0
1.14669e+06 0
1.14679e+06 0
1.14693e+06 0
1.14698e+06 0
1.14712e+06 0
1.14717e+06 0
1.14731e+06 0
1.14736e+06 0
1.1475e+06 0
1.14755e+06 0
1.14769e+06 0
1.14774e+06 0
1.14788e+06 0
1.14803e+06 0
1.14807e+06 0
1.14812e+06 0
1.14822e+06 0
1.14826e+06 0
1.15708e+06 0
1.15723e+06 0
1.15737e+06 0
1.15742e+06 0
1.15747e+06 0
1.15751e+06 0
1.15756e+06 0
1.15761e+06 0
1.1578e+06 0
1.15789e+06 0
1.15794e+06 0
1.15799e+06 0
1.15813e+06 0
1.15823e+06 0
1.15837e+06 0
1.15842e+06 0
1.15856e+06 0
1.15861e+06 0
1.15875e+06 0
1.1588e+06 0
1.15894e+06 0
1.15899e+06 0
1.15913e+06 0
1.15918e+06 0
1.15932e+06 0
1.15947e+06 0
1.15951e+06 0
1.15956e+06 0
1.15966e+06 0
1.1597e+06 0
1.16853e+06 0
1.16867e+06 0
1.16881e+06 0
1.16886e+06 0
1.16891e+06 0
1.16896e+06 0
1.169e+06 0
1.16905e+06 0
1.16924e+06 0
1.16934e+06 0
1.16939e+06 0
1.16944e+06 0
1.16958e+06 0
1.16967e+06 0
1.16982e+06 0
1.16987e+06 0
1.17001e+06 0
1.17006e+06 0
1.1702e+06 0
1.17025e+06 0
1.17039e+06 0
1.17044e+06 0
1.17058e+06 0
1.17063e+06 0
1.17077e+06 0
1.17091e+06 0
1.17096e+06 0
1.17101e+06 0
1.17111e+06 0
1.17115e+06 0
1.17992e+06 0
1.18007e+06 0
1.18021e+06 0
1.18026e+06 0
1.18031e+06 0
1.18035e+06 0
1.1804e+06 0
1.18045e+06 0
1.18064e+06 0
1.18074e+06 0
1.18078e+06 0
1.18083e+06 0
1.18097e+06 0
1.18107e+06 0
1.18116e+06 0
1.18121e+06 0
1.18136e+06 0
1.1814e+06 0
1.18155e+06 0
1.18159e+06 0
1.18174e+06 0
1.18178e+06 0
1.18193e+06 0
1.18197e+06 0
1.18212e+06 0
1.18226e+06 0
1.18231e+06 0
1.18235e+06 0
1.18245e+06 0
1.1825e+06 0
1.19123e+06 0
1.19137e+06 0
1.19151e+06 0
1.19156e+06 0
1.19161e+06 0
1.19165e+06 0
1.1917e+06 0
1.19175e+06 0
1.19194e+06 0
1.19204e+06 0
1.19209e+06 0
1.19213e+06 0
1.19228e+06 0
1.19237e+06 0
1.19247e+06 0
1.19256e+06 0
1.19271e+06 0
1.19275e+06 0
1.1929e+06 0
1.19294e+06 0
1.19309e+06 0
1.19313e+06 0
1.19328e+06 0
1.19333e+06 0
1.19347e+06 0
1.19361e+06 0
1.19366e+06 0
1.19371e+06 0
1.1938e+06 0
1.19385e+06 0
1.20267e+06 0
1.20281e+06 0
1.20296e+06 0
1.203e+06 0
1.20305e+06 0
1.2031e+06 0
1.20315e+06 0
1.20319e+06 0
1.20338e+06 0
1.20348e+06 0
1.20353e+06 0
1.20358e+06 0
1.20372e+06 0
1.20381e+06 0
1.20391e+06 0
1.204e+06 0
1.20415e+06 0
1.20419e+06 0
1.20434e+06 0
1.20439e+06 0
1.20453e+06 0
1.20458e+06 0
1.20472e+06 0
1.20477e+06 0
1.20491e+06 0
1.20505e+06 0
1.2051e+06 0
1.20515e+06 0
1.20524e+06 0
1.20529e+06 0
1.21411e+06 0
1.21426e+06 0
1.2144e+06 0
1.21445e+06 0
1.2145e+06 0
1.21454e+06 0
1.21459e+06 0
1.21464e+06 0
1.21483e+06 0
1.21492e+06 0
1.21497e+06 0
1.21502e+06 0
1.21516e+06 0
1.21526e+06 0
1.21536e+06 0
1.21545e+06 0
1.21559e+06 0
1.21564e+06 0
1.21578e+06 0
1.21583e+06 0
1.21598e+06 0
1.21602e+06 0
1.21617e+06 0
1.21621e+06 0
1.21636e+06 0
1.2165e+06 0
1.21655e+06 0
1.2166e+06 0
1.21669e+06 0
1.21674e+06 0
1.22551e+06 0
1.22565e+06 0
1.2258e+06 0
1.22584e+06 0
1.22589e+06 0
1.22594e+06 0
1.22599e+06 0
1.22603e+06 0
1.22622e+06 0
1.22632e+06 0
1.22637e+06 0
1.22642e+06 0
1.22656e+06 0
1.22665e+06 0
1.22675e+06 0
1.22684e+06 0
1.22699e+06 0
1.22704e+06 0
1.22718e+06 0
1.22723e+06 0
1.22737e+06 0
1.22742e+06 0
1.22756e+06 0
1.22761e+06 0
1.22775e+06 0
1.22789e+06 0
1.22794e+06 0
1.22799e+06 0
1.22808e+06 0
1.22813e+06 0
1.23691e+06 0
1.23705e+06 0
1.23719e+06 0
1.23724e+06 0
1.23729e+06 0
1.23734e+06 0
1.23738e+06 0
1.23743e+06 0
1.23762e+06 0
1.23772e+06 0
1.23776e+06 0
1.23781e+06 0
1.23796e+06 0
1.23805e+06 0
1.23815e+06 0
1.23824e+06 0
1.23839e+06 0
1.23843e+06 0
1.23858e+06 0
1.23863e+06 0
1.23877e+06 0
1.23886e+06 0
1.23891e+06 0
1.23905e+06 0
1.2392e+06 0
1.23925e+06 0
1.23929e+06 0
1.23939e+06 0
1.23944e+06 0
1.24821e+06 0
1.24835e+06 0
1.24849e+06 0
1.24854e+06 0
1.24859e+06 0
1.24864e+06 0
1.24868e+06 0
1.24873e+06 0
1.24892e+06 0
1.24902e+06 0
1.24907e+06 0
1.24911e+06 0
1.24926e+06 0
1.24935e+06 0
1.24945e+06 0
1.24954e+06 0
1.24968e+06 0
1.24973e+06 0
1.24988e+06 0
1.24992e+06 0
1.25007e+06 0
1.25016e+06 0
1.25021e+06 0
1.25035e+06 0
1.2504e+06 0
1.25054e+06 0
1.25064e+06 0
1.25069e+06 0
1.25078e+06 0
1.25083e+06 0
1.25965e+06 0
1.25979e+06 0
1.25994e+06 0
1.25998e+06 0
1.26003e+06 0
1.26008e+06 0
1.26013e+06 0
1.26018e+06 0
1.26037e+06 0
1.26046e+06 0
1.26051e+06 0
1.26056e+06 0
1.2607e+06 0
1.2608e+06 0
1.26089e+06 0
1.26099e+06 0
1.26113e+06 0
1.26118e+06 0
1.26132e+06 0
1.26137e+06 0
1.26151e+06 0
1.26161e+06 0
1.26166e+06 0
1.2618e+06 0
1.26185e+06 0
1.26199e+06 0
1.26209e+06 0
1.26213e+06 0
1.26223e+06 0
1.26228e+06 0
1.2711e+06 0
1.27124e+06 0
1.27138e+06 0
1.27143e+06 0
1.27148e+06 0
1.27153e+06 0
1.27157e+06 0
1.27162e+06 0
1.27181e+06 0
1.27191e+06 0
1.27195e+06 0
1.272e+06 0
1.27214e+06 0
1.27224e+06 0
1.27233e+06 0
1.27243e+06 0
1.27257e+06 0
1.27262e+06 0
1.27276e+06 0
1.27281e+06 0
1.27295e+06 0
1.27305e+06 0
1.2731e+06 0
1.27324e+06 0
1.27329e+06 0
1.27343e+06 0
1.27352e+06 0
1.27357e+06 0
1.27367e+06 0
1.27372e+06 0
1.28254e+06 0
1.28268e+06 0
1.28283e+06 0
1.28287e+06 0
1.28292e+06 0
1.28297e+06 0
1.28302e+06 0
1.28306e+06 0
1.28325e+06 0
1.28335e+06 0
1.2834e+06 0
1.28345e+06 0
1.28359e+06 0
1.28369e+06 0
1.28378e+06 0
1.28388e+06 0
1.28402e+06 0
1.28407e+06 0
1.28421e+06 0
1.28426e+06 0
1.2844e+06 0
1.2845e+06 0
1.28454e+06 0
1.28469e+06 0
1.28474e+06 0
1.28488e+06 0
1.28497e+06 0
1.28502e+06 0
1.28512e+06 0
1.28516e+06 0
1.29394e+06 0
1.29408e+06 0
1.29422e+06 0
1.29427e+06 0
1.29432e+06 0
1.29437e+06 0
1.29441e+06 0
1.29446e+06 0
1.29465e+06 0
1.29475e+06 0
1.29479e+06 0
1.29484e+06 0
1.29499e+06 0
1.29508e+06 0
1.29518e+06 0
1.29527e+06 0
1.29541e+06 0
1.29546e+06 0
1.2956e+06 0
1.29565e+06 0
1.2958e+06 0
1.29589e+06 0
1.29594e+06 0
1.29608e+06 0
1.29613e+06 0
1.29627e+06 0
1.29637e+06 0
1.29641e+06 0
1.29646e+06 0
1.29651e+06 0
1.30529e+06 0
1.30543e+06 0
1.30557e+06 0
1.30562e+06 0
1.30567e+06 0
1.30571e+06 0
1.30576e+06 0
1.30581e+06 0
1.306e+06 0
1.3061e+06 0
1.30615e+06 0
1.30619e+06 0
1.30634e+06 0
1.30643e+06 0
1.30653e+06 0
1.30662e+06 0
1.30677e+06 0
1.30681e+06 0
1.30696e+06 0
1.307e+06 0
1.30715e+06 0
1.30724e+06 0
1.30729e+06 0
1.30743e+06 0
1.30748e+06 0
1.30762e+06 0
1.30772e+06 0
1.30777e+06 0
1.30781e+06 0
1.30786e+06 0
1.31673e+06 0
1.31687e+06 0
1.31702e+06 0
1.31706e+06 0
1.31711e+06 0
1.31716e+06 0
1.31721e+06 0
1.31725e+06 0
1.31744e+06 0
1.31754e+06 0
1.31759e+06 0
1.31764e+06 0
1.31778e+06 0
1.31787e+06 0
1.31797e+06 0
1.31806e+06 0
1.31821e+06 0
1.31825e+06 0
1.3184e+06 0
1.31844e+06 0
1.31859e+06 0
1.31868e+06 0
1.31873e+06 0
1.31887e+06 0
1.31892e+06 0
1.31906e+06 0
1.31916e+06 0
1.31921e+06 0
1.31925e+06 0
1.31931e+06 0
1.32793e+06 0
1.32813e+06 0
1.32817e+06 0
1.32822e+06 0
1.32827e+06 0
1.32832e+06 0
1.32836e+06 0
1.32855e+06 0
1.32865e+06 0
1.3287e+06 0
1.32874e+06 0
1.32889e+06 0
1.32898e+06 0
1.32908e+06 0
1.32918e+06 0
1.32932e+06 0
1.32937e+06 0
1.32951e+06 0
1.32956e+06 0
1.3297e+06 0
1.32979e+06 0
1.32984e+06 0
1.32998e+06 0
1.33003e+06 0
1.33017e+06 0
1.33027e+06 0
1.33032e+06 0
1.33037e+06 0
1.33041e+06 0
1.33924e+06 0
1.33943e+06 0
1.33947e+06 0
1.33952e+06 0
1.33957e+06 0
1.33962e+06 0
1.33967e+06 0
1.33971e+06 0
1.3399e+06 0
1.34005e+06 0
1.34009e+06 0
1.34014e+06 0
1.34028e+06 0
1.34038e+06 0
1.34048e+06 0
1.34057e+06 0
1.34072e+06 0
1.34076e+06 0
1.34091e+06 0
1.34095e+06 0
1.3411e+06 0
1.34119e+06 0
1.34124e+06 0
1.34138e+06 0
1.34143e+06 0
1.34157e+06 0
1.34167e+06 0
1.34172e+06 0
1.34177e+06 0
1.34181e+06 0
1.35068e+06 0
1.35087e+06 0
1.35092e+06 0
1.35097e+06 0
1.35101e+06 0
1.35106e+06 0
1.35111e+06 0
1.35116e+06 0
1.35135e+06 0
1.35149e+06 0
1.35154e+06 0
1.35159e+06 0
1.35173e+06 0
1.35182e+06 0
1.35192e+06 0
1.35201e+06 0
1.35216e+06 0
1.3522e+06 0
1.35235e+06 0
1.3524e+06 0
1.35254e+06 0
1.35263e+06 0
1.35268e+06 0
1.35282e+06 0
1.35287e+06 0
1.35301e+06 0
1.35311e+06 0
1.35316e+06 0
1.35321e+06 0
1.35325e+06 0
1.36212e+06 0
1.36231e+06 0
1.36236e+06 0
1.36241e+06 0
1.36246e+06 0
1.36251e+06 0
1.36255e+06 0
1.3626e+06 0
1.36279e+06 0
1.36293e+06 0
1.36298e+06 0
1.36303e+06 0
1.36318e+06 0
1.36327e+06 0
1.36337e+06 0
1.36346e+06 0
1.3636e+06 0
1.36365e+06 0
1.36379e+06 0
1.36384e+06 0
1.36399e+06 0
1.36408e+06 0
1.36413e+06 0
1.36427e+06 0
1.36432e+06 0
1.36446e+06 0
1.36456e+06 0
1.36461e+06 0
1.36465e+06 0
1.3647e+06 0
1.37357e+06 0
1.37376e+06 0
1.37381e+06 0
1.37385e+06 0
1.3739e+06 0
1.37395e+06 0
1.374e+06 0
1.37404e+06 0
1.37424e+06 0
1.37438e+06 0
1.37443e+06 0
1.37447e+06 0
1.37462e+06 0
1.37471e+06 0
1.37481e+06 0
1.3749e+06 0
1.37505e+06 0
1.37509e+06 0
1.37524e+06 0
1.37528e+06 0
1.37543e+06 0
1.37552e+06 0
1.37557e+06 0
1.37571e+06 0
1.37576e+06 0
1.3759e+06 0
1.376e+06 0
1.37604e+06 0
1.37609e+06 0
1.37614e+06 0
1.38501e+06 0
1.3852e+06 0
1.38525e+06 0
1.3853e+06 0
1.38535e+06 0
1.38539e+06 0
1.38544e+06 0
1.38549e+06 0
1.38568e+06 0
1.38578e+06 0
1.38582e+06 0
1.38587e+06 0
1.38602e+06 0
1.38611e+06 0
1.38621e+06 0
1.3863e+06 0
1.38644e+06 0
1.38649e+06 0
1.38664e+06 0
1.38668e+06 0
1.38683e+06 0
1.38692e+06 0
1.38697e+06 0
1.38711e+06 0
1.38716e+06 0
1.3873e+06 0
1.3874e+06 0
1.38745e+06 0
1.38749e+06 0
1.38754e+06 0
1.39631e+06 0
1.3965e+06 0
1.39655e+06 0
1.3966e+06 0
1.39665e+06 0
1.39669e+06 0
1.39674e+06 0
1.39679e+06 0
1.39698e+06 0
1.39708e+06 0
1.39712e+06 0
1.39727e+06 0
1.39736e+06 0
1.39746e+06 0
1.39755e+06 0
1.3977e+06 0
1.39774e+06 0
1.39789e+06 0
1.39793e+06 0
1.39808e+06 0
1.39817e+06 0
1.39822e+06 0
1.39836e+06 0
1.39841e+06 0
1.39855e+06 0
1.39865e+06 0
1.3987e+06 0
1.39874e+06 0
1.39879e+06 0
1.40766e+06 0
1.40785e+06 0
1.4079e+06 0
1.40795e+06 0
1.40799e+06 0
1.40804e+06 0
1.40809e+06 0
1.40814e+06 0
1.40819e+06 0
1.40838e+06 0
1.40852e+06 0
1.40857e+06 0
1.40871e+06 0
1.40881e+06 0
1.4089e+06 0
1.409e+06 0
1.40914e+06 0
1.40919e+06 0
1.40933e+06 0
1.40938e+06 0
1.40952e+06 0
1.40962e+06 0
1.40967e+06 0
1.40981e+06 0
1.40986e+06 0
1.41e+06 0
1.4101e+06 0
1.41014e+06 0
1.41019e+06 0
1.41024e+06 0
1.41911e+06 0
1.4193e+06 0
1.41934e+06 0
1.41939e+06 0
1.41944e+06 0
1.41949e+06 0
1.41954e+06 0
1.41958e+06 0
1.41963e+06 0
1.41982e+06 0
1.41996e+06 0
1.42001e+06 0
1.42016e+06 0
1.42025e+06 0
1.42034e+06 0
1.42044e+06 0
1.42058e+06 0
1.42063e+06 0
1.42077e+06 0
1.42082e+06 0
1.42096e+06 0
1.42106e+06 0
1.42111e+06 0
1.42125e+06 0
1.4213e+06 0
1.42144e+06 0
1.42154e+06 0
1.42158e+06 0
1.42163e+06 0
1.42168e+06 0
1.43055e+06 0
1.43074e+06 0
1.43079e+06 0
1.43084e+06 0
1.43088e+06 0
1.43093e+06 0
1.43098e+06 0
1.43103e+06 0
1.43107e+06 0
1.43126e+06 0
1.43141e+06 0
1.43146e+06 0
1.4316e+06 0
1.4317e+06 0
1.43179e+06 0
1.43189e+06 0
1.43203e+06 0
1.43208e+06 0
1.43222e+06 0
1.43227e+06 0
1.43241e+06 0
1.43251e+06 0
1.43255e+06 0
1.4327e+06 0
1.43275e+06 0
1.43289e+06 0
1.43298e+06 0
1.43303e+06 0
1.43308e+06 0
1.43313e+06 0
1.44199e+06 0
1.44218e+06 0
1.44223e+06 0
1.44228e+06 0
1.44233e+06 0
1.44238e+06 0
1.44242e+06 0
1.44247e+06 0
1.44252e+06 0
1.44271e+06 0
1.44285e+06 0
1.4429e+06 0
1.44304e+06 0
1.44314e+06 0
1.44323e+06 0
1.44333e+06 0
1.44347e+06 0
1.44352e+06 0
1.44366e+06 0
1.44371e+06 0
1.44385e+06 0
1.44395e+06 0
1.444e+06 0
1.44414e+06 0
1.44419e+06 0
1.44433e+06 0
1.44442e+06 0
1.44447e+06 0
1.44452e+06 0
1.44457e+06 0
1.45344e+06 0
1.45358e+06 0
1.45363e+06 0
1.45368e+06 0
1.45372e+06 0
1.45377e+06 0
1.45382e+06 0
1.45387e+06 0
1.45406e+06 0
1.4542e+06 0
1.45425e+06 0
1.45439e+06 0
1.45449e+06 0
1.45458e+06 0
1.45468e+06 0
1.45482e+06 0
1.45487e+06 0
1.45501e+06 0
1.45506e+06 0
1.4552e+06 0
1.4553e+06 0
1.45535e+06 0
1.45549e+06 0
1.45554e+06 0
1.45568e+06 0
1.45578e+06 0
1.45582e+06 0
1.45587e+06 0
1.45592e+06 0
1.46469e+06 0
1.46483e+06 0
1.46488e+06 0
1.46493e+06 0
1.46498e+06 0
1.46502e+06 0
1.46507e+06 0
1.46512e+06 0
1.46517e+06 0
1.46536e+06 0
1.4655e+06 0
1.4656e+06 0
1.46574e+06 0
1.46584e+06 0
1.46593e+06 0
1.46603e+06 0
1.46617e+06 0
1.46622e+06 0
1.46636e+06 0
1.46641e+06 0
1.46655e+06 0
1.46665e+06 0
1.46669e+06 0
1.46684e+06 0
1.46688e+06 0
1.46703e+06 0
1.46712e+06 0
1.46717e+06 0
1.46722e+06 0
1.46726e+06 0
1.47614e+06 0
1.47628e+06 0
1.47633e+06 0
1.47637e+06 0
1.47642e+06 0
1.47647e+06 0
1.47652e+06 0
1.47657e+06 0
1.47661e+06 0
1.4768e+06 0
1.47695e+06 0
1.47704e+06 0
1.47719e+06 0
1.47728e+06 0
1.47738e+06 0
1.47747e+06 0
1.47762e+06 0
1.47766e+06 0
1.47781e+06 0
1.47785e+06 0
1.478e+06 0
1.47809e+06 0
1.47814e+06 0
1.47828e+06 0
1.47833e+06 0
1.47847e+06 0
1.47857e+06 0
1.47862e+06 0
1.47867e+06 0
1.47871e+06 0
1.48758e+06 0
1.48772e+06 0
1.48777e+06 0
1.48782e+06 0
1.48787e+06 0
1.48791e+06 0
1.48796e+06 0
1.48801e+06 0
1.48806e+06 0
1.48825e+06 0
1.48839e+06 0
1.48849e+06 0
1.48858e+06 0
1.48868e+06 0
1.48877e+06 0
1.48887e+06 0
1.48901e+06 0
1.48906e+06 0
1.4892e+06 0
1.48925e+06 0
1.48939e+06 0
1.48949e+06 0
1.48953e+06 0
1.48968e+06 0
1.48972e+06 0
1.48987e+06 0
1.48996e+06 0
1.49001e+06 0
1.49006e+06 0
1.49011e+06 0
1.49898e+06 0
1.49912e+06 0
1.49917e+06 0
1.49921e+06 0
1.49926e+06 0
1.49931e+06 0
1.49936e+06 0
1.49941e+06 0
1.49945e+06 0
1.49964e+06 0
1.49979e+06 0
1.49988e+06 0
1.49998e+06 0
1.50012e+06 0
1.50022e+06 0
1.50036e+06 0
1.50041e+06 0
1.50055e+06 0
1.5006e+06 0
1.50074e+06 0
1.50084e+06 0
1.50089e+06 0
1.50103e+06 0
1.50108e+06 0
1.50122e+06 0
1.50131e+06 0
1.50136e+06 0
1.50141e+06 0
1.50146e+06 0
1.51033e+06 0
1.51047e+06 0
1.51051e+06 0
1.51056e+06 0
1.51061e+06 0
1.51066e+06 0
1.51071e+06 0
1.51075e+06 0
1.5108e+06 0
1.51099e+06 0
1.51114e+06 0
1.51123e+06 0
1.51133e+06 0
1.51147e+06 0
1.51156e+06 0
1.51171e+06 0
1.51176e+06 0
1.5119e+06 0
1.51195e+06 0
1.51209e+06 0
1.51218e+06 0
1.51223e+06 0
1.51237e+06 0
1.51242e+06 0
1.51256e+06 0
1.51266e+06 0
1.51271e+06 0
1.51275e+06 0
1.5128e+06 0
1.52167e+06 0
1.52182e+06 0
1.52191e+06 0
1.52196e+06 0
1.52201e+06 0
1.52206e+06 0
1.5221e+06 0
1.52215e+06 0
1.5222e+06 0
1.52225e+06 0
1.52244e+06 0
1.52258e+06 0
1.52267e+06 0
1.52277e+06 0
1.52292e+06 0
1.52301e+06 0
1.52315e+06 0
1.5232e+06 0
1.52334e+06 0
1.52339e+06 0
1.52354e+06 0
1.52363e+06 0
1.52368e+06 0
1.52382e+06 0
1.52387e+06 0
1.52401e+06 0
1.52411e+06 0
1.52416e+06 0
1.5242e+06 0
1.52425e+06 0
1.53312e+06 0
1.53326e+06 0
1.53336e+06 0
1.5334e+06 0
1.53345e+06 0
1.5335e+06 0
1.53355e+06 0
1.53359e+06 0
1.53364e+06 0
1.53369e+06 0
1.53388e+06 0
1.53402e+06 0
1.53412e+06 0
1.53421e+06 0
1.53436e+06 0
1.53445e+06 0
1.53455e+06 0
1.5346e+06 0
1.53474e+06 0
1.53488e+06 0
1.53498e+06 0
1.53502e+06 0
1.53517e+06 0
1.53522e+06 0
1.53536e+06 0
1.53545e+06 0
1.5355e+06 0
1.53555e+06 0
1.53559e+06 0
1.54427e+06 0
1.54442e+06 0
1.54451e+06 0
1.54456e+06 0
1.54461e+06 0
1.54466e+06 0
1.54471e+06 0
1.54475e+06 0
1.5448e+06 0
1.54485e+06 0
1.54504e+06 0
1.54518e+06 0
1.54528e+06 0
1.54537e+06 0
1.54552e+06 0
1.54561e+06 0
1.54571e+06 0
1.54576e+06 0
1.5459e+06 0
1.54604e+06 0
1.54614e+06 0
1.54619e+06 0
1.54623e+06 0
1.54638e+06 0
1.54642e+06 0
1.54657e+06 0
1.54671e+06 0
1.54676e+06 0
1.54681e+06 0
1.54685e+06 0
1.55572e+06 0
1.55586e+06 0
1.55596e+06 0
1.55601e+06 0
1.55605e+06 0
1.5561e+06 0
1.55615e+06 0
1.5562e+06 0
1.55624e+06 0
1.55629e+06 0
1.55648e+06 0
1.55663e+06 0
1.55672e+06 0
1.55682e+06 0
1.55696e+06 0
1.55705e+06 0
1.55715e+06 0
1.5572e+06 0
1.55734e+06 0
1.55748e+06 0
1.55758e+06 0
1.55763e+06 0
1.55767e+06 0
1.55782e+06 0
1.55786e+06 0
1.55801e+06 0
1.55815e+06 0
1.5582e+06 0
1.55825e+06 0
1.55829e+06 0
1.56716e+06 0
1.56731e+06 0
1.5674e+06 0
1.56745e+06 0
1.5675e+06 0
1.56755e+06 0
1.56759e+06 0
1.56764e+06 0
1.56769e+06 0
1.56774e+06 0
1.56793e+06 0
1.56807e+06 0
1.56817e+06 0
1.56826e+06 0
1.56841e+06 0
1.5685e+06 0
1.5686e+06 0
1.56864e+06 0
1.56879e+06 0
1.56893e+06 0
1.56903e+06 0
1.56907e+06 0
1.56912e+06 0
1.56926e+06 0
1.56931e+06 0
1.56945e+06 0
1.5696e+06 0
1.56965e+06 0
1.56969e+06 0
1.56974e+06 0
1.57861e+06 0
1.57875e+06 0
1.57885e+06 0
1.57889e+06 0
1.57894e+06 0
1.57899e+06 0
1.57904e+06 0
1.57908e+06 0
1.57913e+06 0
1.57918e+06 0
1.57937e+06 0
1.57951e+06 0
1.57961e+06 0
1.5797e+06 0
1.57985e+06 0
1.57994e+06 0
1.58004e+06 0
1.58009e+06 0
1.58023e+06 0
1.58037e+06 0
1.58047e+06 0
1.58051e+06 0
1.58056e+06 0
1.58071e+06 0
1.58075e+06 0
1.5809e+06 0
1.58104e+06 0
1.58108e+06 0
1.58113e+06 0
1.58118e+06 0
1.59005e+06 0
1.5902e+06 0
1.59029e+06 0
1.59034e+06 0
1.59039e+06 0
1.59043e+06 0
1.59048e+06 0
1.59053e+06 0
1.59058e+06 0
1.59062e+06 0
1.59082e+06 0
1.59096e+06 0
1.59106e+06 0
1.59115e+06 0
1.59129e+06 0
1.59139e+06 0
1.59148e+06 0
1.59153e+06 0
1.59168e+06 0
1.59182e+06 0
1.59191e+06 0
1.59196e+06 0
1.59201e+06 0
1.59215e+06 0
1.5922e+06 0
1.59234e+06 0
1.59249e+06 0
1.59253e+06 0
1.59258e+06 0
1.59263e+06 0
1.60135e+06 0
1.6015e+06 0
1.60154e+06 0
1.60159e+06 0
1.60164e+06 0
1.60169e+06 0
1.60173e+06 0
1.60178e+06 0
1.60183e+06 0
1.60202e+06 0
1.60216e+06 0
1.60226e+06 0
1.60235e+06 0
1.6025e+06 0
1.60259e+06 0
1.60269e+06 0
1.60274e+06 0
1.60288e+06 0
1.60302e+06 0
1.60312e+06 0
1.60316e+06 0
1.60321e+06 0
1.60335e+06 0
1.6034e+06 0
1.60355e+06 0
1.60369e+06 0
1.60374e+06 0
1.60378e+06 0
1.60383e+06 0
1.61256e+06 0
1.61261e+06 0
1.61275e+06 0
1.61285e+06 0
1.61289e+06 0
1.61294e+06 0
1.61299e+06 0
1.61303e+06 0
1.61308e+06 0
1.61313e+06 0
1.61332e+06 0
1.61346e+06 0
1.61356e+06 0
1.61365e+06 0
1.6138e+06 0
1.6139e+06 0
1.61399e+06 0
1.61404e+06 0
1.61418e+06 0
1.61433e+06 0
1.61442e+06 0
1.61447e+06 0
1.61452e+06 0
1.61466e+06 0
1.61471e+06 0
1.61485e+06 0
1.61499e+06 0
1.61504e+06 0
1.61509e+06 0
1.61514e+06 0
1.624e+06 0
1.62405e+06 0
1.62419e+06 0
1.62429e+06 0
1.62434e+06 0
1.62438e+06 0
1.62443e+06 0
1.62448e+06 0
1.62453e+06 0
1.62458e+06 0
1.62477e+06 0
1.62491e+06 0
1.625e+06 0
1.6251e+06 0
1.62524e+06 0
1.62534e+06 0
1.62543e+06 0
1.62548e+06 0
1.62562e+06 0
1.62577e+06 0
1.62586e+06 0
1.62591e+06 0
1.62596e+06 0
1.6261e+06 0
1.62615e+06 0
1.62629e+06 0
1.62643e+06 0
1.62648e+06 0
1.62653e+06 0
1.62658e+06 0
1.63545e+06 0
1.63549e+06 0
1.63564e+06 0
1.63573e+06 0
1.63578e+06 0
1.63583e+06 0
1.63588e+06 0
1.63592e+06 0
1.63597e+06 0
1.63602e+06 0
1.63621e+06 0
1.63636e+06 0
1.63645e+06 0
1.63654e+06 0
1.63669e+06 0
1.63678e+06 0
1.63688e+06 0
1.63693e+06 0
1.63707e+06 0
1.63721e+06 0
1.63731e+06 0
1.63736e+06 0
1.6374e+06 0
1.63755e+06 0
1.63759e+06 0
1.63774e+06 0
1.63788e+06 0
1.63793e+06 0
1.63798e+06 0
1.63802e+06 0
1.64689e+06 0
1.64694e+06 0
1.64708e+06 0
1.64718e+06 0
1.64722e+06 0
1.64727e+06 0
1.64732e+06 0
1.64737e+06 0
1.64741e+06 0
1.64746e+06 0
1.64765e+06 0
1.6478e+06 0
1.64789e+06 0
1.64799e+06 0
1.64813e+06 0
1.64823e+06 0
1.64832e+06 0
1.64837e+06 0
1.64851e+06 0
1.64866e+06 0
1.64875e+06 0
1.6488e+06 0
1.64885e+06 0
1.64899e+06 0
1.64904e+06 0
1.64918e+06 0
1.64932e+06 0
1.64937e+06 0
1.64942e+06 0
1.64946e+06 0
1.65834e+06 0
1.65838e+06 0
1.65853e+06 0
1.65862e+06 0
1.65867e+06 0
1.65872e+06 0
1.65876e+06 0
1.65881e+06 0
1.65886e+06 0
1.65891e+06 0
1.6591e+06 0
1.65924e+06 0
1.65934e+06 0
1.65943e+06 0
1.65958e+06 0
1.65967e+06 0
1.65977e+06 0
1.65982e+06 0
1.65996e+06 0
1.6601e+06 0
1.6602e+06 0
1.66024e+06 0
1.66029e+06 0
1.66044e+06 0
1.66048e+06 0
1.66063e+06 0
1.66077e+06 0
1.66082e+06 0
1.66086e+06 0
1.66091e+06 0
1.66968e+06 0
1.66973e+06 0
1.66987e+06 0
1.66997e+06 0
1.67002e+06 0
1.67007e+06 0
1.67011e+06 0
1.67016e+06 0
1.67021e+06 0
1.67026e+06 0
1.67045e+06 0
1.67059e+06 0
1.67068e+06 0
1.67078e+06 0
1.67092e+06 0
1.67102e+06 0
1.67111e+06 0
1.67116e+06 0
1.67131e+06 0
1.67145e+06 0
1.67154e+06 0
1.67159e+06 0
1.67164e+06 0
1.67178e+06 0
1.67183e+06 0
1.67197e+06 0
1.67211e+06 0
1.67216e+06 0
1.67221e+06 0
1.67226e+06 0
1.68099e+06 0
1.68103e+06 0
1.68117e+06 0
1.68127e+06 0
1.68132e+06 0
1.68137e+06 0
1.68141e+06 0
1.68146e+06 0
1.68151e+06 0
1.68156e+06 0
1.68175e+06 0
1.68189e+06 0
1.68199e+06 0
1.68208e+06 0
1.68223e+06 0
1.68232e+06 0
1.68242e+06 0
1.68247e+06 0
1.68261e+06 0
1.68275e+06 0
1.68285e+06 0
1.68289e+06 0
1.68294e+06 0
1.68309e+06 0
1.68313e+06 0
1.68328e+06 0
1.68342e+06 0
1.68347e+06 0
1.68351e+06 0
1.68356e+06 0
1.69243e+06 0
1.69248e+06 0
1.69262e+06 0
1.69272e+06 0
1.69276e+06 0
1.69281e+06 0
1.69286e+06 0
1.69291e+06 0
1.69295e+06 0
1.693e+06 0
1.69319e+06 0
1.69334e+06 0
1.69343e+06 0
1.69352e+06 0
1.69367e+06 0
1.69376e+06 0
1.69386e+06 0
1.69391e+06 0
1.69405e+06 0
1.69419e+06 0
1.69429e+06 0
1.69433e+06 0
1.69438e+06 0
1.69453e+06 0
1.69457e+06 0
1.69472e+06 0
1.69486e+06 0
1.69491e+06 0
1.69496e+06 0
1.695e+06 0
1.70387e+06 0
1.70392e+06 0
1.70406e+06 0
1.70416e+06 0
1.70421e+06 0
1.70425e+06 0
1.7043e+06 0
1.70435e+06 0
1.7044e+06 0
1.70445e+06 0
1.70464e+06 0
1.70478e+06 0
1.70488e+06 0
1.70497e+06 0
1.70512e+06 0
1.70521e+06 0
1.70531e+06 0
1.70535e+06 0
1.7055e+06 0
1.70564e+06 0
1.70573e+06 0
1.70578e+06 0
1.70583e+06 0
1.70597e+06 0
1.70602e+06 0
1.70616e+06 0
1.70631e+06 0
1.70635e+06 0
1.7064e+06 0
1.70645e+06 0
1.71532e+06 0
1.71536e+06 0
1.71551e+06 0
1.7156e+06 0
1.71565e+06 0
1.7157e+06 0
1.71575e+06 0
1.71579e+06 0
1.71584e+06 0
1.71589e+06 0
1.71608e+06 0
1.71622e+06 0
1.71632e+06 0
1.71641e+06 0
1.71656e+06 0
1.71665e+06 0
1.71675e+06 0
1.71679e+06 0
1.71694e+06 0
1.71708e+06 0
1.71718e+06 0
1.71722e+06 0
1.71727e+06 0
1.71741e+06 0
1.71746e+06 0
1.7176e+06 0
1.71775e+06 0
1.71779e+06 0
1.71784e+06 0
1.71789e+06 0
1.72676e+06 0
1.72681e+06 0
1.72695e+06 0
1.72705e+06 0
1.72709e+06 0
1.72714e+06 0
1.72719e+06 0
1.72724e+06 0
1.72729e+06 0
1.72733e+06 0
1.72753e+06 0
1.72767e+06 0
1.72776e+06 0
1.72786e+06 0
1.728e+06 0
1.7281e+06 0
1.72819e+06 0
1.72824e+06 0
1.72838e+06 0
1.72853e+06 0
1.72862e+06 0
1.72867e+06 0
1.72872e+06 0
1.72886e+06 0
1.72891e+06 0
1.72905e+06 0
1.7292e+06 0
1.72924e+06 0
1.72929e+06 0
1.72934e+06 0
1.73806e+06 0
1.73811e+06 0
1.73825e+06 0
1.73835e+06 0
1.7384e+06 0
1.73844e+06 0
1.73849e+06 0
1.73854e+06 0
1.73859e+06 0
1.73863e+06 0
1.73883e+06 0
1.73897e+06 0
1.73906e+06 0
1.73916e+06 0
1.7393e+06 0
1.7394e+06 0
1.73949e+06 0
1.73954e+06 0
1.73968e+06 0
1.73983e+06 0
1.73992e+06 0
1.73997e+06 0
1.74002e+06 0
1.74016e+06 0
1.74021e+06 0
1.74035e+06 0
1.74049e+06 0
1.74054e+06 0
1.74059e+06 0
1.74063e+06 0
1.74951e+06 0
1.74955e+06 0
1.7497e+06 0
1.74979e+06 0
1.74984e+06 0
1.74989e+06 0
1.74994e+06 0
1.74998e+06 0
1.75003e+06 0
1.75008e+06 0
1.75027e+06 0
1.75041e+06 0
1.75051e+06 0
1.7506e+06 0
1.75075e+06 0
1.75084e+06 0
1.75094e+06 0
1.75099e+06 0
1.75113e+06 0
1.75127e+06 0
1.75137e+06 0
1.75142e+06 0
1.75146e+06 0
1.75161e+06 0
1.75165e+06 0
1.7518e+06 0
1.75194e+06 0
1.75199e+06 0
1.75204e+06 0
1.75208e+06 0
1.76095e+06 0
1.761e+06 0
1.76114e+06 0
1.76124e+06 0
1.76128e+06 0
1.76133e+06 0
1.76138e+06 0
1.76143e+06 0
1.76147e+06 0
1.76152e+06 0
1.76171e+06 0
1.76186e+06 0
1.76195e+06 0
1.76205e+06 0
1.76219e+06 0
1.76228e+06 0
1.76238e+06 0
1.76243e+06 0
1.76257e+06 0
1.76272e+06 0
1.76281e+06 0
1.76286e+06 0
1.7629e+06 0
1.76305e+06 0
1.76309e+06 0
1.76324e+06 0
1.76338e+06 0
1.76343e+06 0
1.76348e+06 0
1.76352e+06 0
1.77239e+06 0
1.77244e+06 0
1.77258e+06 0
1.77268e+06 0
1.77273e+06 0
1.77278e+06 0
1.77282e+06 0
1.77287e+06 0
1.77292e+06 0
1.77297e+06 0
1.77316e+06 0
1.7733e+06 0
1.7734e+06 0
1.77349e+06 0
1.77364e+06 0
1.77373e+06 0
1.77383e+06 0
1.77387e+06 0
1.77402e+06 0
1.77416e+06 0
1.77426e+06 0
1.7743e+06 0
1.77435e+06 0
1.77449e+06 0
1.77454e+06 0
1.77469e+06 0
1.77483e+06 0
1.77488e+06 0
1.77492e+06 0
1.77497e+06 0
1.78384e+06 0
1.78389e+06 0
1.78403e+06 0
1.78413e+06 0
1.78417e+06 0
1.78422e+06 0
1.78427e+06 0
1.78431e+06 0
1.78436e+06 0
1.78441e+06 0
1.7846e+06 0
1.78474e+06 0
1.78484e+06 0
1.78493e+06 0
1.78508e+06 0
1.78517e+06 0
1.78527e+06 0
1.78532e+06 0
1.78546e+06 0
1.7856e+06 0
1.7857e+06 0
1.78574e+06 0
1.78579e+06 0
1.78594e+06 0
1.78598e+06 0
1.78613e+06 0
1.78627e+06 0
1.78632e+06 0
1.78637e+06 0
1.78642e+06 0
1.79504e+06 0
1.79509e+06 0
1.79523e+06 0
1.79528e+06 0
1.79533e+06 0
1.79538e+06 0
1.79543e+06 0
1.79547e+06 0
1.79552e+06 0
1.79557e+06 0
1.79576e+06 0
1.7959e+06 0
1.796e+06 0
1.7961e+06 0
1.79624e+06 0
1.79633e+06 0
1.79643e+06 0
1.79647e+06 0
1.79662e+06 0
1.79676e+06 0
1.79686e+06 0
1.7969e+06 0
1.79695e+06 0
1.79709e+06 0
1.79714e+06 0
1.79728e+06 0
1.79743e+06 0
1.79747e+06 0
1.79752e+06 0
1.79757e+06 0
1.80635e+06 0
1.80639e+06 0
1.80654e+06 0
1.80663e+06 0
1.80668e+06 0
1.80673e+06 0
1.80677e+06 0
1.80682e+06 0
1.80687e+06 0
1.80692e+06 0
1.80711e+06 0
1.80725e+06 0
1.80735e+06 0
1.80744e+06 0
1.80759e+06 0
1.80768e+06 0
1.80778e+06 0
1.80783e+06 0
1.80797e+06 0
1.80811e+06 0
1.80821e+06 0
1.80825e+06 0
1.8083e+06 0
1.80845e+06 0
1.80849e+06 0
1.80864e+06 0
1.80878e+06 0
1.80883e+06 0
1.80887e+06 0
1.80892e+06 0
1.81779e+06 0
1.81784e+06 0
1.81798e+06 0
1.81808e+06 0
1.81812e+06 0
1.81817e+06 0
1.81822e+06 0
1.81827e+06 0
1.81831e+06 0
1.81836e+06 0
1.81855e+06 0
1.8187e+06 0
1.81879e+06 0
1.81889e+06 0
1.81903e+06 0
1.81912e+06 0
1.81922e+06 0
1.81927e+06 0
1.81941e+06 0
1.81955e+06 0
1.81965e+06 0
1.8197e+06 0
1.81974e+06 0
1.81989e+06 0
1.81993e+06 0
1.82008e+06 0
1.82022e+06 0
1.82027e+06 0
1.82032e+06 0
1.82036e+06 0
1.82923e+06 0
1.82928e+06 0
1.82942e+06 0
1.82952e+06 0
1.82957e+06 0
1.82962e+06 0
1.82966e+06 0
1.82971e+06 0
1.82976e+06 0
1.82981e+06 0
1.83e+06 0
1.83014e+06 0
1.83024e+06 0
1.83033e+06 0
1.83048e+06 0
1.83057e+06 0
1.83067e+06 0
1.83071e+06 0
1.83086e+06 0
1.831e+06 0
1.8311e+06 0
1.83114e+06 0
1.83119e+06 0
1.83133e+06 0
1.83138e+06 0
1.83152e+06 0
1.83167e+06 0
1.83172e+06 0
1.83176e+06 0
1.83181e+06 0
1.84068e+06 0
1.84072e+06 0
1.84087e+06 0
1.84096e+06 0
1.84101e+06 0
1.84106e+06 0
1.84111e+06 0
1.84115e+06 0
1.8412e+06 0
1.84125e+06 0
1.84144e+06 0
1.84158e+06 0
1.84168e+06 0
1.84177e+06 0
1.84192e+06 0
1.84201e+06 0
1.84211e+06 0
1.84216e+06 0
1.8423e+06 0
1.84244e+06 0
1.84254e+06 0
1.84258e+06 0
1.84263e+06 0
1.84277e+06 0
1.84282e+06 0
1.84296e+06 0
1.84311e+06 0
1.84315e+06 0
1.8432e+06 0
1.84325e+06 0
1.85207e+06 0
1.85212e+06 0
1.85226e+06 0
1.85236e+06 0
1.85241e+06 0
1.85246e+06 0
1.8525e+06 0
1.85255e+06 0
1.8526e+06 0
1.85265e+06 0
1.85284e+06 0
1.85298e+06 0
1.85308e+06 0
1.85317e+06 0
1.85332e+06 0
1.85341e+06 0
1.85351e+06 0
1.85355e+06 0
1.8537e+06 0
1.85384e+06 0
1.85393e+06 0
1.85398e+06 0
1.85403e+06 0
1.85417e+06 0
1.85422e+06 0
1.85437e+06 0
1.85451e+06 0
1.85456e+06 0
1.8546e+06 0
1.85465e+06 0
1.86342e+06 0
1.86347e+06 0
1.86361e+06 0
1.86371e+06 0
1.86376e+06 0
1.8638e+06 0
1.86385e+06 0
1.8639e+06 0
1.86395e+06 0
1.864e+06 0
1.86414e+06 0
1.86428e+06 0
1.86438e+06 0
1.86447e+06 0
1.86461e+06 0
1.86471e+06 0
1.8648e+06 0
1.86485e+06 0
1.865e+06 0
1.86514e+06 0
1.86523e+06 0
1.86528e+06 0
1.86533e+06 0
1.86547e+06 0
1.86552e+06 0
1.86566e+06 0
1.86581e+06 0
1.86585e+06 0
1.8659e+06 0
1.86595e+06 0
1.87477e+06 0
1.87482e+06 0
1.87496e+06 0
1.87506e+06 0
1.8751e+06 0
1.87515e+06 0
1.8752e+06 0
1.87525e+06 0
1.8753e+06 0
1.87534e+06 0
1.87549e+06 0
1.87563e+06 0
1.87577e+06 0
1.87587e+06 0
1.87601e+06 0
1.87611e+06 0
1.8762e+06 0
1.87625e+06 0
1.87639e+06 0
1.87654e+06 0
1.87663e+06 0
1.87668e+06 0
1.87673e+06 0
1.87687e+06 0
1.87692e+06 0
1.87706e+06 0
1.87721e+06 0
1.87725e+06 0
1.8773e+06 0
1.87735e+06 0
1.88622e+06 0
1.88626e+06 0
1.88641e+06 0
1.8865e+06 0
1.88655e+06 0
1.8866e+06 0
1.88665e+06 0
1.88669e+06 0
1.88674e+06 0
1.88679e+06 0
1.88693e+06 0
1.88707e+06 0
1.88722e+06 0
1.88731e+06 0
1.88745e+06 0
1.88755e+06 0
1.88765e+06 0
1.88769e+06 0
1.88784e+06 0
1.88798e+06 0
1.88807e+06 0
1.88812e+06 0
1.88817e+06 0
1.88831e+06 0
1.88836e+06 0
1.8885e+06 0
1.88864e+06 0
1.88869e+06 0
1.88874e+06 0
1.88879e+06 0
1.89761e+06 0
1.89766e+06 0
1.8978e+06 0
1.8979e+06 0
1.89795e+06 0
1.89799e+06 0
1.89804e+06 0
1.89809e+06 0
1.89814e+06 0
1.89818e+06 0
1.89833e+06 0
1.89847e+06 0
1.89862e+06 0
1.89871e+06 0
1.89885e+06 0
1.89895e+06 0
1.89904e+06 0
1.89909e+06 0
1.89923e+06 0
1.89938e+06 0
1.89947e+06 0
1.89952e+06 0
1.89957e+06 0
1.89971e+06 0
1.89976e+06 0
1.8999e+06 0
1.90005e+06 0
1.90009e+06 0
1.90014e+06 0
1.90019e+06 0
1.90896e+06 0
1.90901e+06 0
1.90915e+06 0
1.90925e+06 0
1.90929e+06 0
1.90934e+06 0
1.90939e+06 0
1.90944e+06 0
1.90948e+06 0
1.90953e+06 0
1.90968e+06 0
1.90982e+06 0
1.90996e+06 0
1.91006e+06 0
1.9102e+06 0
1.9103e+06 0
1.91039e+06 0
1.91044e+06 0
1.91058e+06 0
1.91073e+06 0
1.91082e+06 0
1.91087e+06 0
1.91092e+06 0
1.91106e+06 0
1.91111e+06 0
1.91125e+06 0
1.91139e+06 0
1.91144e+06 0
1.91149e+06 0
1.91153e+06 0
1.92031e+06 0
1.92036e+06 0
1.9205e+06 0
1.9206e+06 0
1.92064e+06 0
1.92069e+06 0
1.92074e+06 0
1.92079e+06 0
1.92083e+06 0
1.92088e+06 0
1.92102e+06 0
1.92117e+06 0
1.92131e+06 0
1.92141e+06 0
1.92155e+06 0
1.92165e+06 0
1.92174e+06 0
1.92179e+06 0
1.92193e+06 0
1.92208e+06 0
1.92217e+06 0
1.92222e+06 0
1.92227e+06 0
1.92241e+06 0
1.92246e+06 0
1.9226e+06 0
1.92274e+06 0
1.92279e+06 0
1.92284e+06 0
1.92289e+06 0
1.93176e+06 0
1.9318e+06 0
1.93194e+06 0
1.93204e+06 0
1.93209e+06 0
1.93214e+06 0
1.93218e+06 0
1.93223e+06 0
1.93228e+06 0
1.93233e+06 0
1.93247e+06 0
1.93261e+06 0
1.93275e+06 0
1.93285e+06 0
1.93299e+06 0
1.93309e+06 0
1.93318e+06 0
1.93323e+06 0
1.93338e+06 0
1.93352e+06 0
1.93361e+06 0
1.93366e+06 0
1.93371e+06 0
1.93385e+06 0
1.9339e+06 0
1.93404e+06 0
1.93418e+06 0
1.93423e+06 0
1.93428e+06 0
1.93433e+06 0
1.94296e+06 0
1.94301e+06 0
1.94315e+06 0
1.94325e+06 0
1.94329e+06 0
1.94334e+06 0
1.94339e+06 0
1.94344e+06 0
1.94348e+06 0
1.94353e+06 0
1.94363e+06 0
1.94377e+06 0
1.94391e+06 0
1.94401e+06 0
1.9442e+06 0
1.94429e+06 0
1.94434e+06 0
1.94449e+06 0
1.94463e+06 0
1.94472e+06 0
1.94477e+06 0
1.94482e+06 0
1.94496e+06 0
1.94501e+06 0
1.94515e+06 0
1.9453e+06 0
1.94535e+06 0
1.94539e+06 0
1.94544e+06 0
1.95421e+06 0
1.95426e+06 0
1.9544e+06 0
1.9545e+06 0
1.95459e+06 0
1.95464e+06 0
1.95469e+06 0
1.95474e+06 0
1.95479e+06 0
1.95483e+06 0
1.95488e+06 0
1.95497e+06 0
1.95512e+06 0
1.95526e+06 0
1.95536e+06 0
1.95555e+06 0
1.95564e+06 0
1.95569e+06 0
1.95583e+06 0
1.95598e+06 0
1.95607e+06 0
1.95612e+06 0
1.95617e+06 0
1.95631e+06 0
1.95636e+06 0
1.9565e+06 0
1.95664e+06 0
1.95669e+06 0
1.95674e+06 0
1.95679e+06 0
1.96566e+06 0
1.9657e+06 0
1.96585e+06 0
1.96594e+06 0
1.96604e+06 0
1.96609e+06 0
1.96613e+06 0
1.96618e+06 0
1.96623e+06 0
1.96628e+06 0
1.96632e+06 0
1.96642e+06 0
1.96656e+06 0
1.96671e+06 0
1.9668e+06 0
1.96699e+06 0
1.96709e+06 0
1.96714e+06 0
1.96728e+06 0
1.96742e+06 0
1.96752e+06 0
1.96757e+06 0
1.96761e+06 0
1.96776e+06 0
1.9678e+06 0
1.96795e+06 0
1.96809e+06 0
1.96814e+06 0
1.96819e+06 0
1.96823e+06 0
1.9771e+06 0
1.97715e+06 0
1.97729e+06 0
1.97739e+06 0
1.97748e+06 0
1.97753e+06 0
1.97758e+06 0
1.97762e+06 0
1.97767e+06 0
1.97772e+06 0
1.97777e+06 0
1.97786e+06 0
1.97801e+06 0
1.97815e+06 0
1.97825e+06 0
1.97844e+06 0
1.97853e+06 0
1.97858e+06 0
1.97872e+06 0
1.97887e+06 0
1.97896e+06 0
1.97901e+06 0
1.97906e+06 0
1.9792e+06 0
1.97925e+06 0
1.97939e+06 0
1.97953e+06 0
1.97958e+06 0
1.97963e+06 0
1.97967e+06 0
1.98854e+06 0
1.98859e+06 0
1.98874e+06 0
1.98883e+06 0
1.98893e+06 0
1.98897e+06 0
1.98902e+06 0
1.98907e+06 0
1.98912e+06 0
1.98916e+06 0
1.98921e+06 0
1.98931e+06 0
1.98945e+06 0
1.9896e+06 0
1.98969e+06 0
1.98988e+06 0
1.98998e+06 0
1.99003e+06 0
1.99017e+06 0
1.99031e+06 0
1.99041e+06 0
1.99045e+06 0
1.9905e+06 0
1.99065e+06 0
1.99069e+06 0
1.99084e+06 0
1.99098e+06 0
1.99103e+06 0
1.99107e+06 0
1.99112e+06 0
1.99994e+06 0
1.99999e+06 0
2.00013e+06 0
2.00023e+06 0
2.00032e+06 0
2.00037e+06 0
2.00042e+06 0
2.00047e+06 0
2.00051e+06 0
2.00056e+06 0
2.00061e+06 0
2.0007e+06 0
2.00085e+06 0
2.00099e+06 0
2.00109e+06 0
2.00128e+06 0
2.00137e+06 0
2.00142e+06 0
2.00156e+06 0
2.00171e+06 0
2.0018e+06 0
2.00185e+06 0
2.0019e+06 0
2.00204e+06 0
2.00209e+06 0
2.00223e+06 0
2.00237e+06 0
2.00242e+06 0
2.00247e+06 0
2.00252e+06 0
2.01134e+06 0
2.01139e+06 0
2.01153e+06 0
2.01162e+06 0
2.01172e+06 0
2.01177e+06 0
2.01181e+06 0
2.01186e+06 0
2.01191e+06 0
2.01196e+06 0
2.01205e+06 0
2.01215e+06 0
2.01229e+06 0
2.01239e+06 0
2.01258e+06 0
2.01268e+06 0
2.01272e+06 0
2.01287e+06 0
2.01301e+06 0
2.0131e+06 0
2.01315e+06 0
2.0132e+06 0
2.01334e+06 0
2.01339e+06 0
2.01353e+06 0
2.01368e+06 0
2.01372e+06 0
2.01377e+06 0
2.01382e+06 0
2.02259e+06 0
2.02264e+06 0
2.02278e+06 0
2.02288e+06 0
2.02297e+06 0
2.02302e+06 0
2.02307e+06 0
2.02311e+06 0
2.02316e+06 0
2.02321e+06 0
2.02326e+06 0
2.0234e+06 0
2.02345e+06 0
2.02359e+06 0
2.02374e+06 0
2.02393e+06 0
2.02402e+06 0
2.02407e+06 0
2.02421e+06 0
2.02436e+06 0
2.02445e+06 0
2.0245e+06 0
2.02455e+06 0
2.02469e+06 0
2.02474e+06 0
2.02488e+06 0
2.02502e+06 0
2.02507e+06 0
2.02512e+06 0
2.02517e+06 0
2.03403e+06 0
2.03408e+06 0
2.03423e+06 0
2.03432e+06 0
2.03442e+06 0
2.03446e+06 0
2.03451e+06 0
2.03456e+06 0
2.03461e+06 0
2.03465e+06 0
2.0347e+06 0
2.03485e+06 0
2.03489e+06 0
2.03504e+06 0
2.03518e+06 0
2.03537e+06 0
2.03547e+06 0
2.03552e+06 0
2.03566e+06 0
2.0358e+06 0
2.0359e+06 0
2.03594e+06 0
2.03599e+06 0
2.03614e+06 0
2.03618e+06 0
2.03633e+06 0
2.03647e+06 0
2.03652e+06 0
2.03656e+06 0
2.03661e+06 0
2.04548e+06 0
2.04553e+06 0
2.04567e+06 0
2.04576e+06 0
2.04586e+06 0
2.04591e+06 0
2.04596e+06 0
2.046e+06 0
2.04605e+06 0
2.0461e+06 0
2.04615e+06 0
2.04629e+06 0
2.04634e+06 0
2.04648e+06 0
2.04662e+06 0
2.04681e+06 0
2.04691e+06 0
2.04696e+06 0
2.0471e+06 0
2.04724e+06 0
2.04734e+06 0
2.04738e+06 0
2.04743e+06 0
2.04758e+06 0
2.04762e+06 0
2.04777e+06 0
2.04791e+06 0
2.04796e+06 0
2.048e+06 0
2.04805e+06 0
2.05692e+06 0
2.05697e+06 0
2.05711e+06 0
2.05721e+06 0
2.05731e+06 0
2.05735e+06 0
2.0574e+06 0
2.05745e+06 0
2.0575e+06 0
2.05754e+06 0
2.05759e+06 0
2.05773e+06 0
2.05778e+06 0
2.05793e+06 0
2.05807e+06 0
2.05826e+06 0
2.05836e+06 0
2.0584e+06 0
2.05855e+06 0
2.05869e+06 0
2.05879e+06 0
2.05883e+06 0
2.05888e+06 0
2.05902e+06 0
2.05907e+06 0
2.05921e+06 0
2.05936e+06 0
2.05941e+06 0
2.05945e+06 0
2.0595e+06 0
2.06832e+06 0
2.06837e+06 0
2.06851e+06 0
2.06861e+06 0
2.0687e+06 0
2.06875e+06 0
2.0688e+06 0
2.06884e+06 0
2.06889e+06 0
2.06894e+06 0
2.06899e+06 0
2.06913e+06 0
2.06918e+06 0
2.06932e+06 0
2.06946e+06 0
2.06961e+06 0
2.0697e+06 0
2.06975e+06 0
2.06989e+06 0
2.07004e+06 0
2.07013e+06 0
2.07018e+06 0
2.07023e+06 0
2.07037e+06 0
2.07042e+06 0
2.07056e+06 0
2.0707e+06 0
2.07075e+06 0
2.0708e+06 0
2.07084e+06 0
2.07962e+06 0
2.07967e+06 0
2.07981e+06 0
2.07991e+06 0
2.08e+06 0
2.08005e+06 0
2.0801e+06 0
2.08014e+06 0
2.08019e+06 0
2.08024e+06 0
2.08029e+06 0
2.08043e+06 0
2.08048e+06 0
2.08062e+06 0
2.08077e+06 0
2.08091e+06 0
2.08101e+06 0
2.08105e+06 0
2.0812e+06 0
2.08139e+06 0
2.08148e+06 0
2.08153e+06 0
2.08158e+06 0
2.08172e+06 0
2.08177e+06 0
2.08191e+06 0
2.08205e+06 0
2.0821e+06 0
2.08215e+06 0
2.0822e+06 0
2.09106e+06 0
2.09111e+06 0
2.09126e+06 0
2.09135e+06 0
2.09145e+06 0
2.09149e+06 0
2.09154e+06 0
2.09159e+06 0
2.09164e+06 0
2.09168e+06 0
2.09173e+06 0
2.09188e+06 0
2.09192e+06 0
2.09207e+06 0
2.09221e+06 0
2.09235e+06 0
2.09245e+06 0
2.0925e+06 0
2.09264e+06 0
2.09283e+06 0
2.09292e+06 0
2.09297e+06 0
2.09302e+06 0
2.09316e+06 0
2.09321e+06 0
2.09335e+06 0
2.09349e+06 0
2.09354e+06 0
2.09359e+06 0
2.09364e+06 0
2.10251e+06 0
2.10256e+06 0
2.1027e+06 0
2.10279e+06 0
2.10289e+06 0
2.10294e+06 0
2.10299e+06 0
2.10303e+06 0
2.10308e+06 0
2.10313e+06 0
2.10318e+06 0
2.10332e+06 0
2.10337e+06 0
2.10351e+06 0
2.10366e+06 0
2.1038e+06 0
2.10389e+06 0
2.10394e+06 0
2.10408e+06 0
2.10428e+06 0
2.10437e+06 0
2.10442e+06 0
2.10447e+06 0
2.10461e+06 0
2.10466e+06 0
2.1048e+06 0
2.10494e+06 0
2.10499e+06 0
2.10504e+06 0
2.10509e+06 0
2.11395e+06 0
2.114e+06 0
2.11414e+06 0
2.11424e+06 0
2.11433e+06 0
2.11438e+06 0
2.11443e+06 0
2.11448e+06 0
2.11453e+06 0
2.11457e+06 0
2.11462e+06 0
2.11476e+06 0
2.11481e+06 0
2.11495e+06 0
2.1151e+06 0
2.11524e+06 0
2.11534e+06 0
2.11538e+06 0
2.11553e+06 0
2.11572e+06 0
2.11581e+06 0
2.11586e+06 0
2.11591e+06 0
2.11605e+06 0
2.1161e+06 0
2.11624e+06 0
2.11638e+06 0
2.11643e+06 0
2.11648e+06 0
2.11653e+06 0
2.1254e+06 0
2.12545e+06 0
2.12559e+06 0
2.12569e+06 0
2.12578e+06 0
2.12583e+06 0
2.12587e+06 0
2.12592e+06 0
2.12597e+06 0
2.12602e+06 0
2.12606e+06 0
2.12621e+06 0
2.12626e+06 0
2.1264e+06 0
2.12654e+06 0
2.12669e+06 0
2.12678e+06 0
2.12683e+06 0
2.12697e+06 0
2.12716e+06 0
2.12726e+06 0
2.12731e+06 0
2.1274e+06 0
2.12745e+06 0
2.12759e+06 0
2.12774e+06 0
2.12778e+06 0
2.12783e+06 0
2.12788e+06 0
2.13655e+06 0
2.1366e+06 0
2.13675e+06 0
2.13684e+06 0
2.13694e+06 0
2.13698e+06 0
2.13703e+06 0
2.13708e+06 0
2.13713e+06 0
2.13717e+06 0
2.13722e+06 0
2.13737e+06 0
2.13741e+06 0
2.13756e+06 0
2.1377e+06 0
2.13784e+06 0
2.13794e+06 0
2.13799e+06 0
2.13813e+06 0
2.13832e+06 0
2.13841e+06 0
2.13846e+06 0
2.13856e+06 0
2.1386e+06 0
2.13875e+06 0
2.13889e+06 0
2.13894e+06 0
2.13899e+06 0
2.13903e+06 0
2.1479e+06 0
2.14795e+06 0
2.14809e+06 0
2.14814e+06 0
2.14824e+06 0
2.14838e+06 0
2.14843e+06 0
2.14848e+06 0
2.14852e+06 0
2.14857e+06 0
2.14862e+06 0
2.14867e+06 0
2.14881e+06 0
2.14886e+06 0
2.149e+06 0
2.14915e+06 0
2.14929e+06 0
2.14938e+06 0
2.14943e+06 0
2.14957e+06 0
2.14977e+06 0
2.14986e+06 0
2.14991e+06 0
2.15e+06 0
2.15005e+06 0
2.15019e+06 0
2.15034e+06 0
2.15039e+06 0
2.15043e+06 0
2.15048e+06 0
2.15935e+06 0
2.1594e+06 0
2.15954e+06 0
2.15959e+06 0
2.15968e+06 0
2.15982e+06 0
2.15987e+06 0
2.15992e+06 0
2.15997e+06 0
2.16002e+06 0
2.16006e+06 0
2.16011e+06 0
2.16025e+06 0
2.1603e+06 0
2.16044e+06 0
2.16059e+06 0
2.16073e+06 0
2.16083e+06 0
2.16087e+06 0
2.16102e+06 0
2.16121e+06 0
2.1613e+06 0
2.16135e+06 0
2.16144e+06 0
2.16149e+06 0
2.16163e+06 0
2.16178e+06 0
2.16182e+06 0
2.16187e+06 0
2.16192e+06 0
2.17079e+06 0
2.17084e+06 0
2.17098e+06 0
2.17103e+06 0
2.17113e+06 0
2.17127e+06 0
2.17132e+06 0
2.17136e+06 0
2.17141e+06 0
2.17146e+06 0
2.17151e+06 0
2.17156e+06 0
2.1717e+06 0
2.17175e+06 0
2.17189e+06 0
2.17203e+06 0
2.17218e+06 0
2.17227e+06 0
2.17232e+06 0
2.17246e+06 0
2.17265e+06 0
2.17275e+06 0
2.1728e+06 0
2.17289e+06 0
2.17294e+06 0
2.17308e+06 0
2.17323e+06 0
2.17327e+06 0
2.17332e+06 0
2.17337e+06 0
2.18224e+06 0
2.18228e+06 0
2.18243e+06 0
2.18247e+06 0
2.18257e+06 0
2.18271e+06 0
2.18276e+06 0
2.18281e+06 0
2.18286e+06 0
2.1829e+06 0
2.18295e+06 0
2.183e+06 0
2.18314e+06 0
2.18319e+06 0
2.18333e+06 0
2.18348e+06 0
2.18362e+06 0
2.18371e+06 0
2.18376e+06 0
2.1839e+06 0
2.1841e+06 0
2.18419e+06 0
2.18424e+06 0
2.18433e+06 0
2.18438e+06 0
2.18452e+06 0
2.18467e+06 0
2.18471e+06 0
2.18476e+06 0
2.18481e+06 0
2.19368e+06 0
2.19373e+06 0
2.19387e+06 0
2.19392e+06 0
2.19406e+06 0
2.19411e+06 0
2.19416e+06 0
2.1942e+06 0
2.19425e+06 0
2.1943e+06 0
2.19435e+06 0
2.19449e+06 0
2.19454e+06 0
2.19468e+06 0
2.19483e+06 0
2.19497e+06 0
2.19507e+06 0
2.19511e+06 0
2.19526e+06 0
2.19545e+06 0
2.19554e+06 0
2.19559e+06 0
2.19569e+06 0
2.19573e+06 0
2.19588e+06 0
2.19602e+06 0
2.19607e+06 0
2.19611e+06 0
2.19616e+06 0
2.20484e+06 0
2.20489e+06 0
2.20503e+06 0
2.20508e+06 0
2.20522e+06 0
2.20527e+06 0
2.20532e+06 0
2.20536e+06 0
2.20541e+06 0
2.20546e+06 0
2.20551e+06 0
2.20555e+06 0
2.2057e+06 0
2.20574e+06 0
2.20589e+06 0
2.20603e+06 0
2.20617e+06 0
2.20627e+06 0
2.20632e+06 0
2.20646e+06 0
2.20665e+06 0
2.20674e+06 0
2.20679e+06 0
2.20689e+06 0
2.20693e+06 0
2.20708e+06 0
2.20722e+06 0
2.20727e+06 0
2.20732e+06 0
2.20736e+06 0
2.21623e+06 0
2.21628e+06 0
2.21643e+06 0
2.21652e+06 0
2.21666e+06 0
2.21671e+06 0
2.21676e+06 0
2.21681e+06 0
2.21685e+06 0
2.2169e+06 0
2.21695e+06 0
2.217e+06 0
2.21714e+06 0
2.21719e+06 0
2.21733e+06 0
2.21748e+06 0
2.21762e+06 0
2.21772e+06 0
2.21776e+06 0
2.21791e+06 0
2.2181e+06 0
2.21819e+06 0
2.21824e+06 0
2.21833e+06 0
2.21838e+06 0
2.21853e+06 0
2.21867e+06 0
2.21872e+06 0
2.21876e+06 0
2.21881e+06 0
2.22768e+06 0
2.22773e+06 0
2.22787e+06 0
2.22797e+06 0
2.22811e+06 0
2.22815e+06 0
2.2282e+06 0
2.22825e+06 0
2.2283e+06 0
2.22835e+06 0
2.22839e+06 0
2.22844e+06 0
2.22858e+06 0
2.22863e+06 0
2.22877e+06 0
2.22892e+06 0
2.22906e+06 0
2.22916e+06 0
2.2292e+06 0
2.22935e+06 0
2.22954e+06 0
2.22963e+06 0
2.22968e+06 0
2.22978e+06 0
2.22982e+06 0
2.22997e+06 0
2.23011e+06 0
2.23016e+06 0
2.2302e+06 0
2.23025e+06 0
2.23912e+06 0
2.23917e+06 0
2.23931e+06 0
2.23941e+06 0
2.23955e+06 0
2.2396e+06 0
2.23965e+06 0
2.23969e+06 0
2.23974e+06 0
2.23979e+06 0
2.23984e+06 0
2.23988e+06 0
2.24003e+06 0
2.24008e+06 0
2.24022e+06 0
2.24036e+06 0
2.24051e+06 0
2.2406e+06 0
2.24065e+06 0
2.24079e+06 0
2.24098e+06 0
2.24108e+06 0
2.24113e+06 0
2.24122e+06 0
2.24127e+06 0
2.24141e+06 0
2.24156e+06 0
2.2416e+06 0
2.24165e+06 0
2.2417e+06 0
2.25057e+06 0
2.25061e+06 0
2.25076e+06 0
2.25085e+06 0
2.251e+06 0
2.25104e+06 0
2.25109e+06 0
2.25114e+06 0
2.25119e+06 0
2.25123e+06 0
2.25128e+06 0
2.25133e+06 0
2.25147e+06 0
2.25152e+06 0
2.25166e+06 0
2.25181e+06 0
2.25195e+06 0
2.25204e+06 0
2.25209e+06 0
2.25224e+06 0
2.25243e+06 0
2.25252e+06 0
2.25257e+06 0
2.25266e+06 0
2.25271e+06 0
2.25285e+06 0
2.253e+06 0
2.25304e+06 0
2.25309e+06 0
2.25314e+06 0
2.26196e+06 0
2.26201e+06 0
2.26215e+06 0
2.2623e+06 0
2.26235e+06 0
2.26239e+06 0
2.26244e+06 0
2.26249e+06 0
2.26254e+06 0
2.26258e+06 0
2.26263e+06 0
2.26277e+06 0
2.26282e+06 0
2.26296e+06 0
2.26311e+06 0
2.26325e+06 0
2.26335e+06 0
2.2634e+06 0
2.26354e+06 0
2.26373e+06 0
2.26382e+06 0
2.26387e+06 0
2.26397e+06 0
2.26401e+06 0
2.26416e+06 0
2.2643e+06 0
2.26435e+06 0
2.26439e+06 0
2.26444e+06 0
2.27322e+06 0
2.27326e+06 0
2.27341e+06 0
2.27355e+06 0
2.2736e+06 0
2.27365e+06 0
2.27369e+06 0
2.27374e+06 0
2.27379e+06 0
2.27384e+06 0
2.27388e+06 0
2.27393e+06 0
2.27408e+06 0
2.27417e+06 0
2.27432e+06 0
2.27446e+06 0
2.2746e+06 0
2.2747e+06 0
2.27474e+06 0
2.27489e+06 0
2.27508e+06 0
2.27517e+06 0
2.27522e+06 0
2.27531e+06 0
2.27536e+06 0
2.2755e+06 0
2.27565e+06 0
2.27569e+06 0
2.27574e+06 0
2.27579e+06 0
2.28466e+06 0
2.28471e+06 0
2.28485e+06 0
2.28499e+06 0
2.28504e+06 0
2.28509e+06 0
2.28514e+06 0
2.28519e+06 0
2.28523e+06 0
2.28528e+06 0
2.28533e+06 0
2.28538e+06 0
2.28552e+06 0
2.28561e+06 0
2.28576e+06 0
2.2859e+06 0
2.28605e+06 0
2.28614e+06 0
2.28619e+06 0
2.28633e+06 0
2.28652e+06 0
2.28662e+06 0
2.28667e+06 0
2.28676e+06 0
2.28681e+06 0
2.28695e+06 0
2.28709e+06 0
2.28714e+06 0
2.28719e+06 0
2.28724e+06 0
2.29611e+06 0
2.29615e+06 0
2.2963e+06 0
2.29644e+06 0
2.29649e+06 0
2.29653e+06 0
2.29658e+06 0
2.29663e+06 0
2.29668e+06 0
2.29672e+06 0
2.29677e+06 0
2.29682e+06 0
2.29696e+06 0
2.29706e+06 0
2.2972e+06 0
2.29734e+06 0
2.29749e+06 0
2.29758e+06 0
2.29763e+06 0
2.29777e+06 0
2.29796e+06 0
2.29806e+06 0
2.29811e+06 0
2.2982e+06 0
2.29825e+06 0
2.29839e+06 0
2.29853e+06 0
2.29858e+06 0
2.29863e+06 0
2.29868e+06 0
2.30755e+06 0
2.3076e+06 0
2.30774e+06 0
2.30788e+06 0
2.30793e+06 0
2.30798e+06 0
2.30802e+06 0
2.30807e+06 0
2.30812e+06 0
2.30817e+06 0
2.30822e+06 0
2.30826e+06 0
2.30841e+06 0
2.3085e+06 0
2.30864e+06 0
2.30879e+06 0
2.30893e+06 0
2.30903e+06 0
2.30908e+06 0
2.30922e+06 0
2.30941e+06 0
2.30951e+06 0
2.30955e+06 0
2.30965e+06 0
2.3097e+06 0
2.30984e+06 0
2.30998e+06 0
2.31003e+06 0
2.31008e+06 0
2.31013e+06 0
2.31894e+06 0
2.31899e+06 0
2.31914e+06 0
2.31928e+06 0
2.31933e+06 0
2.31937e+06 0
2.31942e+06 0
2.31947e+06 0
2.31952e+06 0
2.31956e+06 0
2.31961e+06 0
2.31966e+06 0
2.3198e+06 0
2.3199e+06 0
2.32004e+06 0
2.32014e+06 0
2.32028e+06 0
2.32038e+06 0
2.32042e+06 0
2.32057e+06 0
2.32076e+06 0
2.32085e+06 0
2.3209e+06 0
2.32099e+06 0
2.32104e+06 0
2.32119e+06 0
2.32133e+06 0
2.32138e+06 0
2.32143e+06 0
2.32147e+06 0
2.33025e+06 0
2.33029e+06 0
2.33044e+06 0
2.33058e+06 0
2.33063e+06 0
2.33068e+06 0
2.33072e+06 0
2.33077e+06 0
2.33082e+06 0
2.33087e+06 0
2.33091e+06 0
2.33096e+06 0
2.3311e+06 0
2.3312e+06 0
2.33134e+06 0
2.33144e+06 0
2.33158e+06 0
2.33172e+06 0
2.33177e+06 0
2.33191e+06 0
2.33211e+06 0
2.3322e+06 0
2.33225e+06 0
2.33234e+06 0
2.33239e+06 0
2.33253e+06 0
2.33268e+06 0
2.33272e+06 0
2.33277e+06 0
2.33282e+06 0
2.34169e+06 0
2.34174e+06 0
2.34188e+06 0
2.34202e+06 0
2.34207e+06 0
2.34212e+06 0
2.34217e+06 0
2.34222e+06 0
2.34226e+06 0
2.34231e+06 0
2.34236e+06 0
2.34241e+06 0
2.34255e+06 0
2.34264e+06 0
2.34279e+06 0
2.34288e+06 0
2.34303e+06 0
2.34317e+06 0
2.34322e+06 0
2.34336e+06 0
2.34355e+06 0
2.34365e+06 0
2.3437e+06 0
2.34379e+06 0
2.34384e+06 0
2.34398e+06 0
2.34412e+06 0
2.34417e+06 0
2.34422e+06 0
2.34427e+06 0
2.35313e+06 0
2.35318e+06 0
2.35333e+06 0
2.35347e+06 0
2.35352e+06 0
2.35356e+06 0
2.35361e+06 0
2.35366e+06 0
2.35371e+06 0
2.35375e+06 0
2.3538e+06 0
2.35385e+06 0
2.35399e+06 0
2.35409e+06 0
2.35423e+06 0
2.35433e+06 0
2.35447e+06 0
2.35461e+06 0
2.35466e+06 0
2.3548e+06 0
2.35499e+06 0
2.35509e+06 0
2.35514e+06 0
2.35523e+06 0
2.35528e+06 0
2.35542e+06 0
2.35556e+06 0
2.35561e+06 0
2.35566e+06 0
2.35571e+06 0
2.36444e+06 0
2.36448e+06 0
2.36463e+06 0
2.36477e+06 0
2.36482e+06 0
2.36486e+06 0
2.36491e+06 0
2.36496e+06 0
2.36501e+06 0
2.36505e+06 0
2.3651e+06 0
2.36515e+06 0
2.3653e+06 0
2.36539e+06 0
2.36553e+06 0
2.36563e+06 0
2.36577e+06 0
2.36592e+06 0
2.36596e+06 0
2.36611e+06 0
2.36625e+06 0
2.36634e+06 0
2.36639e+06 0
2.36649e+06 0
2.36654e+06 0
2.36668e+06 0
2.36682e+06 0
2.36687e+06 0
2.36692e+06 0
2.36696e+06 0
2.37578e+06 0
2.37583e+06 0
2.37598e+06 0
2.37617e+06 0
2.37621e+06 0
2.37626e+06 0
2.37631e+06 0
2.37636e+06 0
2.3764e+06 0
2.37645e+06 0
2.3765e+06 0
2.37655e+06 0
2.37669e+06 0
2.37678e+06 0
2.37693e+06 0
2.37702e+06 0
2.37717e+06 0
2.37731e+06 0
2.37736e+06 0
2.3775e+06 0
2.37764e+06 0
2.37774e+06 0
2.37779e+06 0
2.37788e+06 0
2.37793e+06 0
2.37807e+06 0
2.37821e+06 0
2.37826e+06 0
2.37831e+06 0
2.37836e+06 0
2.38723e+06 0
2.38728e+06 0
2.38742e+06 0
2.38761e+06 0
2.38766e+06 0
2.3877e+06 0
2.38775e+06 0
2.3878e+06 0
2.38785e+06 0
2.3879e+06 0
2.38794e+06 0
2.38799e+06 0
2.38813e+06 0
2.38823e+06 0
2.38837e+06 0
2.38847e+06 0
2.38861e+06 0
2.38876e+06 0
2.3888e+06 0
2.38895e+06 0
2.38909e+06 0
2.38919e+06 0
2.38923e+06 0
2.38933e+06 0
2.38938e+06 0
2.38952e+06 0
2.38966e+06 0
2.38971e+06 0
2.38976e+06 0
2.38981e+06 0
2.39867e+06 0
2.39872e+06 0
2.39886e+06 0
2.39905e+06 0
2.3991e+06 0
2.39915e+06 0
2.3992e+06 0
2.39924e+06 0
2.39929e+06 0
2.39934e+06 0
2.39939e+06 0
2.39943e+06 0
2.39958e+06 0
2.39967e+06 0
2.39982e+06 0
2.39991e+06 0
2.40005e+06 0
2.4002e+06 0
2.40025e+06 0
2.40039e+06 0
2.40053e+06 0
2.40063e+06 0
2.40067e+06 0
2.40077e+06 0
2.40082e+06 0
2.40096e+06 0
2.4011e+06 0
2.40115e+06 0
2.4012e+06 0
2.40124e+06 0
2.41007e+06 0
2.41012e+06 0
2.41026e+06 0
2.41045e+06 0
2.4105e+06 0
2.41054e+06 0
2.41059e+06 0
2.41064e+06 0
2.41069e+06 0
2.41074e+06 0
2.41078e+06 0
2.41083e+06 0
2.41098e+06 0
2.41107e+06 0
2.41121e+06 0
2.41131e+06 0
2.41145e+06 0
2.4116e+06 0
2.41164e+06 0
2.41179e+06 0
2.41193e+06 0
2.41203e+06 0
2.41207e+06 0
2.41217e+06 0
2.41222e+06 0
2.41236e+06 0
2.4125e+06 0
2.41255e+06 0
2.4126e+06 0
2.41265e+06 0
2.42147e+06 0
2.42151e+06 0
2.42166e+06 0
2.42185e+06 0
2.42189e+06 0
2.42194e+06 0
2.42199e+06 0
2.42204e+06 0
2.42208e+06 0
2.42213e+06 0
2.42218e+06 0
2.42223e+06 0
2.42237e+06 0
2.42247e+06 0
2.42261e+06 0
2.4227e+06 0
2.42285e+06 0
2.42299e+06 0
2.42304e+06 0
2.42318e+06 0
2.42332e+06 0
2.42342e+06 0
2.42347e+06 0
2.42356e+06 0
2.42361e+06 0
2.42375e+06 0
2.4239e+06 0
2.42394e+06 0
2.42399e+06 0
2.42404e+06 0
2.43272e+06 0
2.43277e+06 0
2.43291e+06 0
2.43305e+06 0
2.4331e+06 0
2.43315e+06 0
2.43319e+06 0
2.43324e+06 0
2.43329e+06 0
2.43334e+06 0
2.43339e+06 0
2.43343e+06 0
2.43358e+06 0
2.43367e+06 0
2.43382e+06 0
2.43391e+06 0
2.43406e+06 0
2.4342e+06 0
2.43425e+06 0
2.43439e+06 0
2.43453e+06 0
2.43463e+06 0
2.43467e+06 0
2.43477e+06 0
2.43482e+06 0
2.43496e+06 0
2.4351e+06 0
2.43515e+06 0
2.4352e+06 0
2.43525e+06 0
2.44412e+06 0
2.44421e+06 0
2.44435e+06 0
2.4445e+06 0
2.44454e+06 0
2.44459e+06 0
2.44464e+06 0
2.44469e+06 0
2.44473e+06 0
2.44478e+06 0
2.44483e+06 0
2.44488e+06 0
2.44502e+06 0
2.44512e+06 0
2.44526e+06 0
2.44535e+06 0
2.4455e+06 0
2.44564e+06 0
2.44569e+06 0
2.44583e+06 0
2.44597e+06 0
2.44607e+06 0
2.44612e+06 0
2.44621e+06 0
2.44626e+06 0
2.4464e+06 0
2.44655e+06 0
2.44659e+06 0
2.44664e+06 0
2.44669e+06 0
2.45556e+06 0
2.45565e+06 0
2.4558e+06 0
2.45594e+06 0
2.45599e+06 0
2.45604e+06 0
2.45608e+06 0
2.45613e+06 0
2.45618e+06 0
2.45623e+06 0
2.45627e+06 0
2.45632e+06 0
2.45647e+06 0
2.45656e+06 0
2.4567e+06 0
2.4568e+06 0
2.45694e+06 0
2.45709e+06 0
2.45713e+06 0
2.45728e+06 0
2.45742e+06 0
2.45752e+06 0
2.45756e+06 0
2.45766e+06 0
2.45771e+06 0
2.45785e+06 0
2.45799e+06 0
2.45804e+06 0
2.45809e+06 0
2.45814e+06 0
2.467e+06 0
2.4671e+06 0
2.46724e+06 0
2.46738e+06 0
2.46743e+06 0
2.46748e+06 0
2.46753e+06 0
2.46757e+06 0
2.46762e+06 0
2.46767e+06 0
2.46772e+06 0
2.46777e+06 0
2.46791e+06 0
2.468e+06 0
2.46815e+06 0
2.46824e+06 0
2.46839e+06 0
2.46853e+06 0
2.46858e+06 0
2.46872e+06 0
2.46886e+06 0
2.46896e+06 0
2.469e+06 0
2.4691e+06 0
2.46915e+06 0
2.46929e+06 0
2.46943e+06 0
2.46948e+06 0
2.46953e+06 0
2.46958e+06 0
2.4784e+06 0
2.4785e+06 0
2.47864e+06 0
2.47878e+06 0
2.47883e+06 0
2.47888e+06 0
2.47892e+06 0
2.47897e+06 0
2.47902e+06 0
2.47907e+06 0
2.47912e+06 0
2.47916e+06 0
2.47931e+06 0
2.4794e+06 0
2.47954e+06 0
2.47964e+06 0
2.47978e+06 0
2.47993e+06 0
2.47997e+06 0
2.48012e+06 0
2.48026e+06 0
2.48036e+06 0
2.4804e+06 0
2.4805e+06 0
2.48055e+06 0
2.48069e+06 0
2.48083e+06 0
2.48088e+06 0
2.48093e+06 0
2.48098e+06 0
2.4898e+06 0
2.48989e+06 0
2.49003e+06 0
2.49018e+06 0
2.49022e+06 0
2.49027e+06 0
2.49032e+06 0
2.49037e+06 0
2.49042e+06 0
2.49046e+06 0
2.49051e+06 0
2.49056e+06 0
2.4907e+06 0
2.4908e+06 0
2.49094e+06 0
2.49104e+06 0
2.49118e+06 0
2.49132e+06 0
2.49137e+06 0
2.49151e+06 0
2.49165e+06 0
2.49175e+06 0
2.4918e+06 0
2.49189e+06 0
2.49194e+06 0
2.49208e+06 0
2.49223e+06 0
2.49227e+06 0
2.49232e+06 0
2.49237e+06 0
2.5011e+06 0
2.50119e+06 0
2.50133e+06 0
2.50143e+06 0
2.50148e+06 0
2.50153e+06 0
2.50157e+06 0
2.50162e+06 0
2.50167e+06 0
2.50172e+06 0
2.50176e+06 0
2.50181e+06 0
2.50196e+06 0
2.50205e+06 0
2.5022e+06 0
2.50229e+06 0
2.50243e+06 0
2.50258e+06 0
2.50263e+06 0
2.50277e+06 0
2.50291e+06 0
2.50301e+06 0
2.50305e+06 0
2.50315e+06 0
2.5032e+06 0
2.50334e+06 0
2.50348e+06 0
2.50353e+06 0
2.50358e+06 0
2.50363e+06 0
2.5124e+06 0
2.51249e+06 0
2.51264e+06 0
2.51278e+06 0
2.51283e+06 0
2.51287e+06 0
2.51292e+06 0
2.51297e+06 0
2.51302e+06 0
2.51307e+06 0
2.51311e+06 0
2.51316e+06 0
2.5133e+06 0
2.5134e+06 0
2.51354e+06 0
2.51364e+06 0
2.51378e+06 0
2.51392e+06 0
2.51397e+06 0
2.51411e+06 0
2.51426e+06 0
2.51435e+06 0
2.5144e+06 0
2.51449e+06 0
2.51454e+06 0
2.51469e+06 0
2.51483e+06 0
2.51488e+06 0
2.51492e+06 0
2.51497e+06 0
2.52389e+06 0
2.52399e+06 0
2.52413e+06 0
2.52427e+06 0
2.52432e+06 0
2.52437e+06 0
2.52441e+06 0
2.52446e+06 0
2.52451e+06 0
2.52456e+06 0
2.5246e+06 0
2.52465e+06 0
2.5248e+06 0
2.52489e+06 0
2.52504e+06 0
2.52513e+06 0
2.52528e+06 0
2.52542e+06 0
2.52546e+06 0
2.52561e+06 0
2.52575e+06 0
2.52585e+06 0
2.52589e+06 0
2.52599e+06 0
2.52604e+06 0
2.52618e+06 0
2.52632e+06 0
2.52637e+06 0
2.52642e+06 0
2.52647e+06 0
2.53533e+06 0
2.53543e+06 0
2.53557e+06 0
2.53572e+06 0
2.53576e+06 0
2.53581e+06 0
2.53586e+06 0
2.53591e+06 0
2.53595e+06 0
2.536e+06 0
2.53605e+06 0
2.5361e+06 0
2.53624e+06 0
2.53633e+06 0
2.53648e+06 0
2.53657e+06 0
2.53672e+06 0
2.53686e+06 0
2.53691e+06 0
2.53705e+06 0
2.53719e+06 0
2.53729e+06 0
2.53733e+06 0
2.53743e+06 0
2.53748e+06 0
2.53762e+06 0
2.53776e+06 0
2.53781e+06 0
2.53786e+06 0
2.53791e+06 0
2.54673e+06 0
2.54683e+06 0
2.54697e+06 0
2.54711e+06 0
2.54716e+06 0
2.54721e+06 0
2.54726e+06 0
2.5473e+06 0
2.54735e+06 0
2.5474e+06 0
2.54745e+06 0
2.54749e+06 0
2.54764e+06 0
2.54773e+06 0
2.54788e+06 0
2.54797e+06 0
2.54812e+06 0
2.54826e+06 0
2.54831e+06 0
2.54845e+06 0
2.54859e+06 0
2.54869e+06 0
2.54874e+06 0
2.54883e+06 0
2.54888e+06 0
2.54902e+06 0
2.54916e+06 0
2.54921e+06 0
2.54926e+06 0
2.54931e+06 0
2.55813e+06 0
2.55822e+06 0
2.55837e+06 0
2.55851e+06 0
2.55856e+06 0
2.5586e+06 0
2.55865e+06 0
2.5587e+06 0
2.55875e+06 0
2.55879e+06 0
2.55884e+06 0
2.55889e+06 0
2.55899e+06 0
2.55908e+06 0
2.55922e+06 0
2.55932e+06 0
2.55946e+06 0
2.5596e+06 0
2.55965e+06 0
2.5598e+06 0
2.55994e+06 0
2.56003e+06 0
2.56008e+06 0
2.56018e+06 0
2.56022e+06 0
2.56037e+06 0
2.56051e+06 0
2.56056e+06 0
2.5606e+06 0
2.56065e+06 0
2.56948e+06 0
2.56957e+06 0
2.56971e+06 0
2.56986e+06 0
2.5699e+06 0
2.56995e+06 0
2.57e+06 0
2.57005e+06 0
2.57009e+06 0
2.57014e+06 0
2.57019e+06 0
2.57024e+06 0
2.57033e+06 0
2.57043e+06 0
2.57057e+06 0
2.57072e+06 0
2.57086e+06 0
2.571e+06 0
2.57105e+06 0
2.57119e+06 0
2.57134e+06 0
2.57143e+06 0
2.57148e+06 0
2.57158e+06 0
2.57162e+06 0
2.57177e+06 0
2.57191e+06 0
2.57196e+06 0
2.57201e+06 0
2.57205e+06 0
2.58092e+06 0
2.58102e+06 0
2.58116e+06 0
2.5813e+06 0
2.58135e+06 0
2.5814e+06 0
2.58144e+06 0
2.58149e+06 0
2.58154e+06 0
2.58159e+06 0
2.58164e+06 0
2.58168e+06 0
2.58178e+06 0
2.58187e+06 0
2.58202e+06 0
2.58216e+06 0
2.5823e+06 0
2.58244e+06 0
2.58249e+06 0
2.58264e+06 0
2.58278e+06 0
2.58287e+06 0
2.58292e+06 0
2.58302e+06 0
2.58306e+06 0
2.58321e+06 0
2.58335e+06 0
2.5834e+06 0
2.58344e+06 0
2.58349e+06 0
2.59232e+06 0
2.59241e+06 0
2.59255e+06 0
2.5927e+06 0
2.59274e+06 0
2.59279e+06 0
2.59284e+06 0
2.59289e+06 0
2.59294e+06 0
2.59298e+06 0
2.59303e+06 0
2.59313e+06 0
2.59322e+06 0
2.59337e+06 0
2.59351e+06 0
2.59361e+06 0
2.59375e+06 0
2.5938e+06 0
2.59394e+06 0
2.59408e+06 0
2.59418e+06 0
2.59422e+06 0
2.59432e+06 0
2.59437e+06 0
2.59451e+06 0
2.59465e+06 0
2.5947e+06 0
2.59475e+06 0
2.5948e+06 0
2.60357e+06 0
2.60367e+06 0
2.60381e+06 0
2.60395e+06 0
2.604e+06 0
2.60405e+06 0
2.60409e+06 0
2.60414e+06 0
2.60419e+06 0
2.60424e+06 0
2.60428e+06 0
2.60438e+06 0
2.60443e+06 0
2.60452e+06 0
2.60467e+06 0
2.60481e+06 0
2.6049e+06 0
2.60505e+06 0
2.60514e+06 0
2.60529e+06 0
2.60543e+06 0
2.60552e+06 0
2.60557e+06 0
2.60567e+06 0
2.60571e+06 0
2.60586e+06 0
2.606e+06 0
2.60605e+06 0
2.60609e+06 0
2.60614e+06 0
2.61501e+06 0
2.61511e+06 0
2.61525e+06 0
2.6154e+06 0
2.61544e+06 0
2.61549e+06 0
2.61554e+06 0
2.61558e+06 0
2.61563e+06 0
2.61568e+06 0
2.61573e+06 0
2.61582e+06 0
2.61587e+06 0
2.61597e+06 0
2.61611e+06 0
2.61626e+06 0
2.61635e+06 0
2.61649e+06 0
2.61659e+06 0
2.61673e+06 0
2.61687e+06 0
2.61697e+06 0
2.61702e+06 0
2.61711e+06 0
2.61716e+06 0
2.6173e+06 0
2.61745e+06 0
2.6175e+06 0
2.61754e+06 0
2.61759e+06 0
2.62646e+06 0
2.62655e+06 0
2.6267e+06 0
2.62684e+06 0
2.62689e+06 0
2.62693e+06 0
2.62698e+06 0
2.62703e+06 0
2.62708e+06 0
2.62713e+06 0
2.62717e+06 0
2.62727e+06 0
2.62732e+06 0
2.62741e+06 0
2.62755e+06 0
2.6277e+06 0
2.62779e+06 0
2.62794e+06 0
2.62803e+06 0
2.62817e+06 0
2.62832e+06 0
2.62841e+06 0
2.62846e+06 0
2.62855e+06 0
2.6286e+06 0
2.62875e+06 0
2.62889e+06 0
2.62894e+06 0
2.62898e+06 0
2.62903e+06 0
2.6379e+06 0
2.638e+06 0
2.63814e+06 0
2.63828e+06 0
2.63833e+06 0
2.63838e+06 0
2.63843e+06 0
2.63847e+06 0
2.63852e+06 0
2.63857e+06 0
2.63862e+06 0
2.63871e+06 0
2.63876e+06 0
2.63886e+06 0
2.639e+06 0
2.63914e+06 0
2.63924e+06 0
2.63938e+06 0
2.63948e+06 0
2.63962e+06 0
2.63976e+06 0
2.63986e+06 0
2.63991e+06 0
2.64e+06 0
2.64005e+06 0
2.64019e+06 0
2.64034e+06 0
2.64038e+06 0
2.64043e+06 0
2.64048e+06 0
2.64935e+06 0
2.64944e+06 0
2.64958e+06 0
2.64973e+06 0
2.64977e+06 0
2.64982e+06 0
2.64987e+06 0
2.64992e+06 0
2.64996e+06 0
2.65001e+06 0
2.65006e+06 0
2.65016e+06 0
2.6502e+06 0
2.6503e+06 0
2.65044e+06 0
2.65058e+06 0
2.65068e+06 0
2.65082e+06 0
2.65092e+06 0
2.65106e+06 0
2.6512e+06 0
2.6513e+06 0
2.65135e+06 0
2.65144e+06 0
2.65149e+06 0
2.65163e+06 0
2.65178e+06 0
2.65182e+06 0
2.65187e+06 0
2.65192e+06 0
2.6606e+06 0
2.66069e+06 0
2.66084e+06 0
2.66098e+06 0
2.66103e+06 0
2.66108e+06 0
2.66112e+06 0
2.66117e+06 0
2.66122e+06 0
2.66127e+06 0
2.66131e+06 0
2.66141e+06 0
2.66146e+06 0
2.66155e+06 0
2.6617e+06 0
2.66184e+06 0
2.66194e+06 0
2.66208e+06 0
2.66217e+06 0
2.66232e+06 0
2.66241e+06 0
2.66251e+06 0
2.6626e+06 0
2.66265e+06 0
2.66279e+06 0
2.66294e+06 0
2.66299e+06 0
2.66303e+06 0
2.66308e+06 0
2.6719e+06 0
2.672e+06 0
2.67214e+06 0
2.67228e+06 0
2.67233e+06 0
2.67238e+06 0
2.67242e+06 0
2.67247e+06 0
2.67252e+06 0
2.67257e+06 0
2.67262e+06 0
2.67266e+06 0
2.67276e+06 0
2.67285e+06 0
2.67295e+06 0
2.67309e+06 0
2.67323e+06 0
2.67333e+06 0
2.67347e+06 0
2.67357e+06 0
2.67371e+06 0
2.67381e+06 0
2.6739e+06 0
2.674e+06 0
2.67404e+06 0
2.67419e+06 0
2.67433e+06 0
2.67438e+06 0
2.67442e+06 0
2.67447e+06 0
2.68339e+06 0
2.68349e+06 0
2.68363e+06 0
2.68377e+06 0
2.68382e+06 0
2.68387e+06 0
2.68392e+06 0
2.68396e+06 0
2.68401e+06 0
2.68406e+06 0
2.68411e+06 0
2.68416e+06 0
2.68425e+06 0
2.68434e+06 0
2.68444e+06 0
2.68459e+06 0
2.68473e+06 0
2.68482e+06 0
2.68497e+06 0
2.68506e+06 0
2.68521e+06 0
2.6853e+06 0
2.6854e+06 0
2.68549e+06 0
2.68554e+06 0
2.68568e+06 0
2.68583e+06 0
2.68587e+06 0
2.68592e+06 0
2.68597e+06 0
2.69484e+06 0
2.69493e+06 0
2.69507e+06 0
2.69522e+06 0
2.69526e+06 0
2.69531e+06 0
2.69536e+06 0
2.69541e+06 0
2.69546e+06 0
2.6955e+06 0
2.69555e+06 0
2.6956e+06 0
2.69569e+06 0
2.69579e+06 0
2.69589e+06 0
2.69603e+06 0
2.69617e+06 0
2.69627e+06 0
2.69641e+06 0
2.6965e+06 0
2.69665e+06 0
2.69674e+06 0
2.69684e+06 0
2.69693e+06 0
2.69698e+06 0
2.69712e+06 0
2.69727e+06 0
2.69731e+06 0
2.69736e+06 0
2.69741e+06 0
2.70628e+06 0
2.70638e+06 0
2.70652e+06 0
2.70666e+06 0
2.70671e+06 0
2.70676e+06 0
2.7068e+06 0
2.70685e+06 0
2.7069e+06 0
2.70695e+06 0
2.707e+06 0
2.70704e+06 0
2.70714e+06 0
2.70723e+06 0
2.70733e+06 0
2.70747e+06 0
2.70762e+06 0
2.70771e+06 0
2.70786e+06 0
2.70795e+06 0
2.70809e+06 0
2.70819e+06 0
2.70829e+06 0
2.70838e+06 0
2.70843e+06 0
2.70857e+06 0
2.70871e+06 0
2.70876e+06 0
2.70881e+06 0
2.70886e+06 0
2.71768e+06 0
2.71777e+06 0
2.71791e+06 0
2.71806e+06 0
2.7181e+06 0
2.71815e+06 0
2.7182e+06 0
2.71825e+06 0
2.7183e+06 0
2.71834e+06 0
2.71839e+06 0
2.71849e+06 0
2.71858e+06 0
2.71868e+06 0
2.71877e+06 0
2.71892e+06 0
2.71901e+06 0
2.71915e+06 0
2.71925e+06 0
2.71939e+06 0
2.71949e+06 0
2.71958e+06 0
2.71968e+06 0
2.71973e+06 0
2.71987e+06 0
2.72001e+06 0
2.72006e+06 0
2.72011e+06 0
2.72015e+06 0
2.72898e+06 0
2.72907e+06 0
2.72922e+06 0
2.72936e+06 0
2.72941e+06 0
2.72945e+06 0
2.7295e+06 0
2.72955e+06 0
2.7296e+06 0
2.72965e+06 0
2.72969e+06 0
2.72979e+06 0
2.72989e+06 0
2.72998e+06 0
2.73003e+06 0
2.73012e+06 0
2.73027e+06 0
2.73041e+06 0
2.73055e+06 0
2.73065e+06 0
2.73079e+06 0
2.73089e+06 0
2.73098e+06 0
2.73108e+06 0
2.73113e+06 0
2.73127e+06 0
2.73141e+06 0
2.73146e+06 0
2.73151e+06 0
2.73155e+06 0
2.74042e+06 0
2.74052e+06 0
2.74066e+06 0
2.7408e+06 0
2.74085e+06 0
2.7409e+06 0
2.74095e+06 0
2.74099e+06 0
2.74104e+06 0
2.74109e+06 0
2.74114e+06 0
2.74123e+06 0
2.74133e+06 0
2.74142e+06 0
2.74147e+06 0
2.74157e+06 0
2.74171e+06 0
2.74185e+06 0
2.74199e+06 0
2.74209e+06 0
2.74223e+06 0
2.74233e+06 0
2.74242e+06 0
2.74252e+06 0
2.74257e+06 0
2.74271e+06 0
2.74285e+06 0
2.7429e+06 0
2.74295e+06 0
2.74299e+06 0
2.75187e+06 0
2.75196e+06 0
2.7521e+06 0
2.75225e+06 0
2.75229e+06 0
2.75234e+06 0
2.75239e+06 0
2.75244e+06 0
2.75248e+06 0
2.75253e+06 0
2.75258e+06 0
2.75268e+06 0
2.75277e+06 0
2.75287e+06 0
2.75292e+06 0
2.75301e+06 0
2.75316e+06 0
2.7533e+06 0
2.75344e+06 0
2.75354e+06 0
2.75368e+06 0
2.75378e+06 0
2.75387e+06 0
2.75397e+06 0
2.75401e+06 0
2.75416e+06 0
2.7543e+06 0
2.75435e+06 0
2.7544e+06 0
2.75444e+06 0
2.76331e+06 0
2.76341e+06 0
2.76355e+06 0
2.76369e+06 0
2.76374e+06 0
2.76379e+06 0
2.76383e+06 0
2.76388e+06 0
2.76393e+06 0
2.76398e+06 0
2.76403e+06 0
2.76412e+06 0
2.76422e+06 0
2.76431e+06 0
2.76436e+06 0
2.76445e+06 0
2.7646e+06 0
2.76474e+06 0
2.76488e+06 0
2.76498e+06 0
2.76512e+06 0
2.76522e+06 0
2.76531e+06 0
2.76541e+06 0
2.76545e+06 0
2.7656e+06 0
2.76574e+06 0
2.76579e+06 0
2.76583e+06 0
2.76588e+06 0
2.77471e+06 0
2.7748e+06 0
2.77494e+06 0
2.77509e+06 0
2.77513e+06 0
2.77518e+06 0
2.77523e+06 0
2.77528e+06 0
2.77533e+06 0
2.77537e+06 0
2.77542e+06 0
2.77552e+06 0
2.77561e+06 0
2.77571e+06 0
2.77576e+06 0
2.77585e+06 0
2.776e+06 0
2.77609e+06 0
2.77623e+06 0
2.77633e+06 0
2.77647e+06 0
2.77657e+06 0
2.77666e+06 0
2.77676e+06 0
2.77681e+06 0
2.77695e+06 0
2.77709e+06 0
2.77714e+06 0
2.77719e+06 0
2.77724e+06 0
2.78606e+06 0
2.78615e+06 0
2.78629e+06 0
2.78644e+06 0
2.78648e+06 0
2.78653e+06 0
2.78658e+06 0
2.78663e+06 0
2.78667e+06 0
2.78672e+06 0
2.78677e+06 0
2.78687e+06 0
2.78696e+06 0
2.78706e+06 0
2.7871e+06 0
2.7872e+06 0
2.78734e+06 0
2.78744e+06 0
2.78758e+06 0
2.78768e+06 0
2.78782e+06 0
2.78791e+06 0
2.78801e+06 0
2.7881e+06 0
2.78815e+06 0
2.78829e+06 0
2.78844e+06 0
2.78849e+06 0
2.78853e+06 0
2.78858e+06 0
2.7974e+06 0
2.7975e+06 0
2.79764e+06 0
2.79779e+06 0
2.79783e+06 0
2.79788e+06 0
2.79793e+06 0
2.79798e+06 0
2.79802e+06 0
2.79807e+06 0
2.79812e+06 0
2.79821e+06 0
2.79836e+06 0
2.79845e+06 0
2.7985e+06 0
2.7986e+06 0
2.79874e+06 0
2.79884e+06 0
2.79898e+06 0
2.79907e+06 0
2.79922e+06 0
2.79931e+06 0
2.79941e+06 0
2.7995e+06 0
2.79955e+06 0
2.79969e+06 0
2.79984e+06 0
2.79989e+06 0
2.79993e+06 0
2.79998e+06 0
2.80885e+06 0
2.80894e+06 0
2.80909e+06 0
2.80923e+06 0
2.80928e+06 0
2.80933e+06 0
2.80937e+06 0
2.80942e+06 0
2.80947e+06 0
2.80952e+06 0
2.80956e+06 0
2.80966e+06 0
2.8098e+06 0
2.8099e+06 0
2.80994e+06 0
2.81004e+06 0
2.81018e+06 0
2.81028e+06 0
2.81042e+06 0
2.81052e+06 0
2.81066e+06 0
2.81075e+06 0
2.81085e+06 0
2.81094e+06 0
2.81099e+06 0
2.81114e+06 0
2.81128e+06 0
2.81133e+06 0
2.81137e+06 0
2.81142e+06 0
2.8201e+06 0
2.8202e+06 0
2.82034e+06 0
2.82048e+06 0
2.82053e+06 0
2.82058e+06 0
2.82063e+06 0
2.82067e+06 0
2.82072e+06 0
2.82077e+06 0
2.82082e+06 0
2.82091e+06 0
2.82106e+06 0
2.82115e+06 0
2.8212e+06 0
2.8213e+06 0
2.82144e+06 0
2.82153e+06 0
2.82168e+06 0
2.82172e+06 0
2.82187e+06 0
2.82201e+06 0
2.82211e+06 0
2.82215e+06 0
2.8223e+06 0
2.82244e+06 0
2.82249e+06 0
2.82254e+06 0
2.82258e+06 0
2.8314e+06 0
2.8315e+06 0
2.83164e+06 0
2.83178e+06 0
2.83183e+06 0
2.83188e+06 0
2.83193e+06 0
2.83197e+06 0
2.83202e+06 0
2.83207e+06 0
2.83212e+06 0
2.83216e+06 0
2.83226e+06 0
2.83245e+06 0
2.83255e+06 0
2.83259e+06 0
2.83269e+06 0
2.83283e+06 0
2.83293e+06 0
2.83307e+06 0
2.83312e+06 0
2.83326e+06 0
2.8334e+06 0
2.8335e+06 0
2.83355e+06 0
2.83369e+06 0
2.83383e+06 0
2.83388e+06 0
2.83393e+06 0
2.83397e+06 0
2.84285e+06 0
2.84294e+06 0
2.84308e+06 0
2.84323e+06 0
2.84328e+06 0
2.84332e+06 0
2.84337e+06 0
2.84342e+06 0
2.84347e+06 0
2.84351e+06 0
2.84356e+06 0
2.84361e+06 0
2.8437e+06 0
2.8439e+06 0
2.84399e+06 0
2.84404e+06 0
2.84414e+06 0
2.84428e+06 0
2.84437e+06 0
2.84452e+06 0
2.84456e+06 0
2.84471e+06 0
2.84485e+06 0
2.84495e+06 0
2.84499e+06 0
2.84514e+06 0
2.84528e+06 0
2.84533e+06 0
2.84538e+06 0
2.84542e+06 0
2.85429e+06 0
2.85439e+06 0
2.85453e+06 0
2.85467e+06 0
2.85472e+06 0
2.85477e+06 0
2.85482e+06 0
2.85486e+06 0
2.85491e+06 0
2.85496e+06 0
2.85501e+06 0
2.85505e+06 0
2.85515e+06 0
2.85534e+06 0
2.85544e+06 0
2.85548e+06 0
2.85558e+06 0
2.85572e+06 0
2.85582e+06 0
2.85596e+06 0
2.85601e+06 0
2.85615e+06 0
2.85629e+06 0
2.85639e+06 0
2.85643e+06 0
2.85658e+06 0
2.85672e+06 0
2.85677e+06 0
2.85681e+06 0
2.85686e+06 0
2.86573e+06 0
2.86583e+06 0
2.86597e+06 0
2.86612e+06 0
2.86616e+06 0
2.86621e+06 0
2.86626e+06 0
2.86631e+06 0
2.86635e+06 0
2.8664e+06 0
2.86645e+06 0
2.8665e+06 0
2.86659e+06 0
2.86678e+06 0
2.86688e+06 0
2.86693e+06 0
2.86702e+06 0
2.86717e+06 0
2.86726e+06 0
2.8674e+06 0
2.86745e+06 0
2.8676e+06 0
2.86774e+06 0
2.86783e+06 0
2.86788e+06 0
2.86803e+06 0
2.86817e+06 0
2.86822e+06 0
2.86826e+06 0
2.86831e+06 0
2.87718e+06 0
2.87727e+06 0
2.87742e+06 0
2.87756e+06 0
2.87761e+06 0
2.87765e+06 0
2.8777e+06 0
2.87775e+06 0
2.8778e+06 0
2.87785e+06 0
2.87789e+06 0
2.87794e+06 0
2.87804e+06 0
2.87823e+06 0
2.87832e+06 0
2.87837e+06 0
2.87847e+06 0
2.87861e+06 0
2.8787e+06 0
2.87885e+06 0
2.87889e+06 0
2.87904e+06 0
2.87918e+06 0
2.87927e+06 0
2.87932e+06 0
2.87947e+06 0
2.87961e+06 0
2.87966e+06 0
2.8797e+06 0
2.87975e+06 0
2.88853e+06 0
2.88862e+06 0
2.88877e+06 0
2.88891e+06 0
2.88896e+06 0
2.889e+06 0
2.88905e+06 0
2.8891e+06 0
2.88915e+06 0
2.8892e+06 0
2.88924e+06 0
2.88934e+06 0
2.88953e+06 0
2.88958e+06 0
2.88962e+06 0
2.88972e+06 0
2.88986e+06 0
2.88996e+06 0
2.8901e+06 0
2.89015e+06 0
2.89029e+06 0
2.89044e+06 0
2.89053e+06 0
2.89058e+06 0
2.89072e+06 0
2.89087e+06 0
2.89091e+06 0
2.89096e+06 0
2.89101e+06 0
2.89983e+06 0
2.89992e+06 0
2.90007e+06 0
2.90021e+06 0
2.90026e+06 0
2.9003e+06 0
2.90035e+06 0
2.9004e+06 0
2.90045e+06 0
2.9005e+06 0
2.90054e+06 0
2.90064e+06 0
2.90069e+06 0
2.90088e+06 0
2.90097e+06 0
2.90102e+06 0
2.90112e+06 0
2.90126e+06 0
2.90135e+06 0
2.9015e+06 0
2.90154e+06 0
2.90169e+06 0
2.90183e+06 0
2.90192e+06 0
2.90197e+06 0
2.90212e+06 0
2.90226e+06 0
2.90231e+06 0
2.90235e+06 0
2.9024e+06 0
2.91127e+06 0
2.91137e+06 0
2.91151e+06 0
2.91165e+06 0
2.9117e+06 0
2.91175e+06 0
2.9118e+06 0
2.91184e+06 0
2.91189e+06 0
2.91194e+06 0
2.91199e+06 0
2.91208e+06 0
2.91213e+06 0
2.91232e+06 0
2.91242e+06 0
2.91247e+06 0
2.91256e+06 0
2.91271e+06 0
2.9128e+06 0
2.91294e+06 0
2.91299e+06 0
2.91313e+06 0
2.91328e+06 0
2.91337e+06 0
2.91342e+06 0
2.91356e+06 0
2.91371e+06 0
2.91375e+06 0
2.9138e+06 0
2.91385e+06 0
2.92272e+06 0
2.92281e+06 0
2.92296e+06 0
2.9231e+06 0
2.92315e+06 0
2.92319e+06 0
2.92324e+06 0
2.92329e+06 0
2.92334e+06 0
2.92338e+06 0
2.92343e+06 0
2.92353e+06 0
2.92358e+06 0
2.92377e+06 0
2.92386e+06 0
2.92391e+06 0
2.924e+06 0
2.92415e+06 0
2.92424e+06 0
2.92438e+06 0
2.92443e+06 0
2.92458e+06 0
2.92472e+06 0
2.92481e+06 0
2.92486e+06 0
2.925e+06 0
2.92515e+06 0
2.92519e+06 0
2.92524e+06 0
2.92529e+06 0
2.93416e+06 0
2.93426e+06 0
2.9344e+06 0
2.93454e+06 0
2.93459e+06 0
2.93464e+06 0
2.93469e+06 0
2.93473e+06 0
2.93478e+06 0
2.93483e+06 0
2.93488e+06 0
2.93497e+06 0
2.93502e+06 0
2.93521e+06 0
2.93531e+06 0
2.93535e+06 0
2.93545e+06 0
2.93559e+06 0
2.93569e+06 0
2.93583e+06 0
2.93588e+06 0
2.93602e+06 0
2.93617e+06 0
2.93626e+06 0
2.93631e+06 0
2.93645e+06 0
2.93659e+06 0
2.93664e+06 0
2.93669e+06 0
2.93674e+06 0
2.94556e+06 0
2.94565e+06 0
2.9458e+06 0
2.94594e+06 0
2.94599e+06 0
2.94603e+06 0
2.94608e+06 0
2.94613e+06 0
2.94618e+06 0
2.94622e+06 0
2.94627e+06 0
2.94637e+06 0
2.94642e+06 0
2.94661e+06 0
2.9467e+06 0
2.94675e+06 0
2.94684e+06 0
2.94699e+06 0
2.94708e+06 0
2.94723e+06 0
2.94727e+06 0
2.94742e+06 0
2.94756e+06 0
2.94765e+06 0
2.9477e+06 0
2.94785e+06 0
2.94799e+06 0
2.94803e+06 0
2.94808e+06 0
2.94813e+06 0
2.95691e+06 0
2.957e+06 0
2.95714e+06 0
2.95729e+06 0
2.95734e+06 0
2.95738e+06 0
2.95743e+06 0
2.95748e+06 0
2.95752e+06 0
2.95757e+06 0
2.95762e+06 0
2.95772e+06 0
2.95776e+06 0
2.95796e+06 0
2.95805e+06 0
2.9581e+06 0
2.95824e+06 0
2.95834e+06 0
2.95848e+06 0
2.95853e+06 0
2.95867e+06 0
2.95881e+06 0
2.95891e+06 0
2.95896e+06 0
2.9591e+06 0
2.95924e+06 0
2.95929e+06 0
2.95934e+06 0
2.95939e+06 0
2.96821e+06 0
2.9683e+06 0
2.96845e+06 0
2.96849e+06 0
2.96864e+06 0
2.96868e+06 0
2.96873e+06 0
2.96878e+06 0
2.96883e+06 0
2.96887e+06 0
2.96892e+06 0
2.96897e+06 0
2.96907e+06 0
2.96911e+06 0
2.9693e+06 0
2.9694e+06 0
2.96945e+06 0
2.96959e+06 0
2.96973e+06 0
2.96987e+06 0
2.96992e+06 0
2.97007e+06 0
2.97021e+06 0
2.9703e+06 0
2.97035e+06 0
2.97049e+06 0
2.97064e+06 0
2.97068e+06 0
2.97073e+06 0
2.97078e+06 0
2.97965e+06 0
2.97975e+06 0
2.97989e+06 0
2.97994e+06 0
2.98008e+06 0
2.98013e+06 0
2.98018e+06 0
2.98022e+06 0
2.98027e+06 0
2.98032e+06 0
2.98037e+06 0
2.98041e+06 0
2.98051e+06 0
2.98056e+06 0
2.98075e+06 0
2.98085e+06 0
2.98089e+06 0
2.98104e+06 0
2.98118e+06 0
2.98132e+06 0
2.98137e+06 0
2.98151e+06 0
2.98166e+06 0
2.98175e+06 0
2.9818e+06 0
2.98194e+06 0
2.98209e+06 0
2.98213e+06 0
2.98218e+06 0
2.98223e+06 0
2.9911e+06 0
2.99119e+06 0
2.99133e+06 0
2.99138e+06 0
2.99152e+06 0
2.99157e+06 0
2.99162e+06 0
2.99167e+06 0
2.99171e+06 0
2.99176e+06 0
2.99181e+06 0
2.99186e+06 0
2.99195e+06 0
2.992e+06 0
2.99219e+06 0
2.99229e+06 0
2.99233e+06 0
2.99248e+06 0
2.99262e+06 0
2.99276e+06 0
2.99281e+06 0
2.99295e+06 0
2.9931e+06 0
2.99319e+06 0
2.99324e+06 0
2.99338e+06 0
2.99353e+06 0
2.99357e+06 0
2.99362e+06 0
2.99367e+06 0
