4473.5 4473.5
4473.5 0
11922.1 7448.58
11922.1 0
13411.2 1489.12
13411.2 0
23843 10431.8
23843 0
24588.1 745.058
24588.1 0
26077.2 1489.12
26077.2 0
26822.2 745.058
26822.2 0
38744.2 11921.9
40233.3 1489.12
41723.4 1490.12
43213.5 1490.12
43959.6 746.058
44703.6 744.058
46193.7 1490.12
59609.8 13416
60350.9 741.058
61094.9 744.058
61094.9 0
61840 745.058
70785.7 8945.7
71526.7 741.058
74511 2984.23
81212.5 6701.52
81957.5 745.058
83446.7 1489.12
91643.3 8196.64
92388.3 745.058
92388.3 0
93877.5 1489.12
105054 11176.9
105799 745.058
107289 1489.12
107289 0
108039 750.058
119955 11916.9
120701 745.058
121445 744.058
122190 745.058
122935 745.058
122935 0
135602 12667
136347 745.058
140076 3729.29
140076 0
155722 15646.2
157207 1485.12
172110 14902.2
172110 0
184030 11920.9
184776 745.058
195954 11178.9
195954 0
196700 746.058
208617 11916.9
210857 2239.17
225013 14156.1
225013 0
237678 12665
239164 1486.12
252576 13412
252576 0
254069 1493.12
265242 11172.9
266731 1489.12
266731 0
268226 1495.12
276421 8194.64
277907 1486.12
278656 749.058
280890 2234.17
280890 0
293556 12666
293556 0
295046 1490.12
303243 8196.64
304729 1486.12
305477 748.058
305477 0
312183 6706.52
313670 1486.12
315165 1495.12
316650 1485.12
316650 0
323359 6709.52
324845 1486.12
326341 1495.12
327826 1485.12
328575 749.058
334535 5960.46
334535 0
336025 1490.12
338260 2234.17
