1490.27 49.995
5216.56 19.9946
8943.85 19.992
17141.5 12.4958
20866.8 12.4979
32042.6 10
32787.7 12.5
40979.3 16.6741
41723.4 16.676
43217.5 21.4306
52900.3 18.75
54393.4 17.6415
55883.5 17.6471
56627.6 22.2239
66315.3 22.2156
67804.4 22.2222
69294.5 22.2222
70784.7 21.0511
79721.4 22.2305
80466.4 26.3251
81961.5 26.3139
82706.6 27.7757
83451.7 29.4094
93133.4 27.7757
95367.6 17.654
96112.6 17.654
103564 21.4286
105798 21.4286
107293 19.9928
108039 24.9895
116979 22.2156
119954 21.0526
121445 21.0586
122190 21.0601
123684 23.811
135606 15.7839
136346 15.7895
137840 15.7895
148267 12.5
149757 12.5042
160188 12.5
162428 11.7601
163171 16.6629
172854 17.6471
175834 16.6729
176582 16.6667
178073 19.9987
187756 19.9987
190735 20
191485 19.9973
192975 19.9987
201171 22.2156
202660 24.995
210108 16.6741
211598 21.4368
212342 23.0865
221287 19.9928
223519 18.75
224263 18.75
225008 23.5294
233205 25.0063
235443 24.9916
236933 23.522
237679 23.5201
238423 27.7695
245126 31.25
248105 29.4211
250345 27.7757
251085 27.7881
262262 15.7895
264501 15.7895
265241 15.7895
279397 10.0034
280142 10
292808 11.1111
293553 11.1111
306224 5.88003
306969 11.107
312926 22.2355
313671 22.2355
321122 18.1796
321866 25
322614 24.9916
331552 21.4306
332297 21.4286
333042 26.6667
333790 26.6667
343473 25
344966 23.5238
345712 23.522
346456 23.5294
347201 27.7778
357630 26.3139
358374 27.784
359119 27.7861
359867 27.7778
360613 27.7757
362103 29.998
370299 35.2858
371789 33.3234
