2388 2000
2998.38 610.381
2999.38 1
8219.14 5219.76
8220.14 1
10450 2229.82
11942.1 1492.12
23113.9 11171.9
25354.1 2240.17
25355.1 1
36525 11169.9
37275.1 750.058
43975.6 6700.52
44720.6 745.058
44721.6 1
52171.2 7449.58
53663.3 1492.12
55153.4 1490.12
55154.4 1
63347.1 8192.64
64837.2 1490.12
66329.3 1492.12
67076.4 747.058
77503.2 10426.8
77504.2 1
92409.3 14905.2
92410.3 1
93896.5 1486.12
104326 10429.8
105071 745.058
106562 1491.12
106563 1
116992 10428.8
117737 745.058
118482 745.058
119228 746.058
119229 1
131893 12664
132642 749.058
133388 745.058
145308 11920.9
146050 741.058
146051 1
146796 745.058
156480 9684.75
157225 745.058
157971 746.058
157972 1
169146 11173.9
169895 749.058
170640 745.058
180322 9681.75
181067 745.058
181068 1
181812 744.058
192988 11175.9
194479 1491.12
195223 744.058
195224 1
195968 744.058
205658 9689.75
207145 1487.12
208634 1489.12
209379 745.058
210126 746.058
210127 1
220557 10430.8
222046 1489.12
224281 2234.17
236204 11922.9
236205 1
236949 744.058
239183 2234.17
248124 8941.7
248125 1
249614 1488.12
259302 9688.75
260045 743.058
270476 10430.8
271221 745.058
282397 11175.9
283142 745.058
283143 1
295808 12665
295809 1
305494 9684.75
306239 745.058
314435 8195.64
314436 1
315924 1488.12
325611 9686.75
326356 745.058
326357 1
327845 1488.12
338277 10431.8
339022 745.058
340511 1489.12
341257 746.058
341258 1
351688 10429.8
355415 3727.29
356160 745.058
