4489.5 2
12687.1 2
14921.3 2
29079.4 2.5
29823.5 2.9
39509.2 3.24483
40254.3 3.55301
50686.1 3.83446
52174.2 4.09525
52920.3 4.33944
64096.1 4.56988
65585.3 1
66331.3 2
67077.4 3
77505.2 3.33333
78996.3 3.63333
79742.4 3.90856
90171.2 4.16441
91663.3 4.40454
92407.3 4.63158
101349 4.84749
102838 5.05378
103584 5.25165
104328 5.44207
114015 5.62582
115504 5.80357
116251 1
116994 1
117741 2
128171 3
128914 3.33333
141582 1
142328 1
143073 2
153503 2.5
154248 2.9
164679 3.24483
165424 3.55301
176601 3.83446
178089 1
178836 1
190752 2
199693 2.5
201188 2.9
210126 3.24483
212362 3.55301
222792 3.83446
224283 4.09525
225773 4.33944
236203 4.56988
236946 4.78871
237694 4.99753
239184 5.19763
248869 5.39003
249614 5.57555
250357 5.75491
251850 5.92867
252596 6.09735
260042 6.26135
261535 6.42106
262278 6.5768
264517 6.72885
265262 6.87746
266751 7.02286
272713 7.16526
274946 7.30482
275694 7.44171
278673 7.57609
279418 7.70809
280907 7.83782
281653 7.96541
287615 8.09095
289847 8.21454
290592 1
293575 2
294320 3
296554 4
297299 5
301021 5.2
301766 5.39231
304003 5.57776
306985 5.75704
307730 5.93074
312196 6.09935
312947 6.26331
315179 6.42297
318906 6.57866
319651 6.73066
323372 1
324117 1
324862 2
327103 3
330082 4
330827 4.25
336043 4.48529
338278 4.70824
339767 4.92064
340513 5.12386
342745 5.31903
344983 5.50703
