2257.32 2
6723.67 2
9704.9 2.5
19389.7 2
21628.8 2.5
33549.8 2.9
34294.8 3.24483
43231.5 3.55301
43976.6 3.83446
45465.7 4.09525
56646.6 4.33944
57387.6 4.56988
58876.7 4.78871
59623.8 4.99753
70053.6 5.19763
70798.7 1
72287.8 2
73782.9 3
82719.6 3.33333
83464.7 3.63333
86445.9 3.90856
95385.6 4.16441
96130.6 4.40454
98364.8 4.63158
107307 4.84749
108056 5.05378
109541 5.25165
111031 5.44207
119976 5.62582
120718 5.80357
122207 5.97588
123702 6.14322
125187 6.306
131148 6.46458
131893 6.61927
133383 1
135620 2
137113 3
137855 4
145306 4
146050 4.25
150521 4.48529
151266 4.70824
156480 4.92064
157225 5.12386
160207 5.31903
161695 5.50703
167656 5.68862
168401 5.86441
169890 6.03493
172128 6.20063
173616 6.36191
181812 6.51909
182557 6.67249
184046 1
185542 2
187777 2
189267 3
193737 4
195222 4.25
198205 4.48529
203419 4.70824
204908 4.92064
205654 5.12386
209380 5.31903
214595 5.50703
216084 5.68862
216830 5.86441
218319 6.03493
222046 6.20063
228751 1
230241 1
230990 2
231735 3
232480 4
235457 4.25
243652 4.48529
244397 1
245891 2
248123 3
255577 3.33333
258554 3.63333
260789 3.90856
268241 4.16441
271219 4.40454
274201 1
283142 2
284634 2
286119 3
298788 3.33333
299531 3.63333
300276 3.90856
309962 4.16441
310707 1
311451 2
321883 3
322628 3.33333
333804 1
334549 2
335298 2.5
