3728.44 3728.44
9687.9 5959.46
11177 7448.58
20863.8 11175.9
22353.9 12666
23843 12666
24592.1 13415
34278.8 13415
36510 15646.2
39494.2 14902.2
46195.7 11916.9
49179 12669
50665.1 11170.9
52160.2 12666
58861.7 12666
61845 12666
63331.1 12666
64826.2 12666
66316.3 14156.1
75257 16395.3
78236.2 16391.3
81217.5 14901.2
90156.2 14899.2
93883.5 15647.2
100587 10430.8
104314 10430.8
111763 11175.9
116979 12665
118469 14155.1
124429 12666
131136 14157.1
133372 14902.2
134857 16387.3
140075 15646.2
145288 14152.1
146034 12662
147523 12666
153488 13413
154231 14156.1
159449 14160.1
160194 14160.1
161679 14156.1
166152 12664
166897 12666
168384 14153.1
172111 12662
172856 12662
174350 12671
178073 11920.9
178818 11920.9
185522 11171.9
187011 12661
189996 11922.9
190741 11922.9
200423 14901.2
201912 14901.2
202659 12663
203407 13411
204892 14151.1
213834 13411
215328 13416
216070 13411
216818 13411
218308 14901.2
227245 11174.9
227991 11920.9
228734 11915.9
230224 11915.9
242146 14901.2
242892 14901.2
243635 14901.2
245125 14901.2
245873 15649.2
255558 13412
256303 13411
257046 13411
258541 13416
259284 13411
260031 14158.1
271204 15646.2
272692 13408
273440 14156.1
274188 14156.1
285360 14156.1
286854 14161.1
287597 14156.1
288339 14151.1
289084 14896.2
298029 12669
299514 12661
300263 12666
301008 12669
301750 12666
303240 14156.1
312182 14153.1
313676 14161.1
315166 14903.2
315909 14901.2
316651 14901.2
325594 10427.8
