1495.27 2
5216.56 2
5964.61 2.5
14160.3 2
15650.4 2.5
27573.3 2.9
29061.4 3.24483
40979.3 3.55301
42474.5 3.83446
43219.5 4.09525
51414.2 4.33944
52160.2 4.56988
52903.3 4.78871
54393.4 4.99753
61845 5.19763
62591 5.39003
63334.1 5.57555
64824.2 5.75491
73016.8 1
73766.9 2
74512 3
75257 3.33333
87177.9 3.63333
87923 3.90856
90155.2 4.16441
96858.7 4.40454
97607.8 4.63158
99840.9 4.84749
101331 5.05378
108040 5.25165
108784 5.44207
111017 5.62582
113252 5.80357
113997 5.97588
122940 6.14322
123685 6.306
125918 6.46458
128153 6.61927
129644 6.77034
140822 6.91805
141566 7.0626
142310 1
144547 2
146783 3
148273 4
155718 4.25
157211 4.48529
160191 4.70824
168388 1
169133 2
169878 3
172857 3.33333
183290 3.63333
184034 3.90856
187013 4.16441
198936 4.40454
199681 4.63158
202659 4.84749
204150 5.05378
217562 5.25165
218307 5.44207
221288 1
224269 2
234698 3
235443 3.33333
244380 3.63333
245873 3.90856
246619 4.16441
257050 4.40454
258539 4.63158
259285 4.84749
260029 5.05378
273441 5.25165
274931 1
275677 2
276423 3
277168 3.33333
289834 3.63333
291322 3.90856
292069 4.16441
302499 4.40454
303245 4.63158
303988 1
305480 2
313675 3
314421 3.33333
324106 3.63333
324846 1
325595 2
333787 2.5
334532 2.9
343473 3.24483
344218 3.55301
355398 3.83446
356144 1
356887 2
366575 2.5
