4473.5 2
10433 3
12667.1 4
21608.8 5
25338.1 2
26828.2 3
35763.9 3.33333
37255.1 3.63333
40239.3 1
47684.9 2
58860.7 2.5
60350.9 2.9
69291.5 3.24483
71530.7 3.55301
82703.6 3.83446
84196.7 4.09525
85682.8 1
93134.4 2
94628.5 3
96117.6 3.33333
105055 3.63333
105799 3.90856
107294 4.16441
118466 4.40454
119959 4.63158
121450 4.84749
122191 5.05378
134858 5.25165
137097 1
139332 2
154229 3
154974 3.33333
165404 3.63333
166898 3.90856
167644 4.16441
179561 4.40454
181054 1
181800 2
182545 3
197447 3.33333
198187 3.63333
213089 3.90856
216068 4.16441
216813 4.40454
229480 1
233204 2
233954 3
242890 3.33333
243635 3.63333
245129 3.90856
254811 4.16441
256305 4.40454
257795 4.63158
269713 4.84749
271206 5.05378
272696 5.25165
274187 5.44207
284614 5.62582
286104 5.80357
287598 1
290579 2
298774 3
309201 3.33333
309946 1
312185 2
318891 2.5
321871 2.9
329319 3.24483
330811 3.55301
338260 3.83446
339750 4.09525
340493 4.33944
347948 4.56988
350183 4.78871
351673 4.99753
353163 5.19763
359124 5.39003
360613 5.57555
362849 5.75491
364339 5.92867
365829 6.09735
367319 6.26135
368064 6.42106
370295 6.5768
371789 6.72885
373279 6.87746
374025 7.02286
374769 7.16526
375515 7.30482
377751 7.44171
379241 7.57609
379986 7.70809
