3745.44 2
11197 2
13431.2 2.5
24609.1 2.9
28334.4 3.24483
35039.9 3.55301
36525 3.83446
37272.1 4.09525
42486.5 4.33944
44725.6 4.56988
46214.7 4.78871
46957.8 4.99753
52917.3 5.19763
55151.4 5.39003
56643.6 5.57555
57388.6 5.75491
64093.1 5.92867
65586.3 6.09735
67821.4 6.26135
70054.6 1
70799.7 2
77508.2 2
78998.3 3
80487.4 3
81228.5 4
87189.9 4.25
88683.1 4.48529
90173.2 4.70824
91663.3 4.92064
98365.8 5.12386
99858.9 5.31903
101349 5.50703
102839 5.68862
109542 5.86441
111035 6.03493
112525 6.20063
114011 6.36191
115505 6.51909
122953 6.67249
124443 6.82236
125187 6.96893
126681 7.11243
128916 7.25303
131149 7.3909
139348 7.5262
141579 1
142324 1
143818 1
145308 1
146799 2
149779 3
157229 4
161695 4.25
162440 4.48529
168402 4.70824
169894 4.92064
173616 5.12386
175110 5.31903
182559 5.50703
184793 5.68862
188517 1
190012 2
191502 2
198950 3
200441 3.33333
207890 3.63333
209382 3.90856
210873 4.16441
219067 4.40454
220558 4.63158
222791 4.84749
223536 5.05378
230990 1
232480 2
234711 3
236205 3
237695 3.33333
245891 3.63333
247380 3.90856
248871 4.16441
257063 4.40454
257808 4.63158
258556 4.84749
259301 5.05378
269729 5.25165
270474 5.44207
271219 5.62582
271967 5.80357
272712 5.97588
284630 6.14322
286120 6.306
286866 1
287614 2
288360 2
297296 3
298789 4
300280 4.25
309963 4.48529
310707 4.70824
311452 4.92064
