2998.38 28.5421
10450 9.99866
11942.1 16.6611
23113.9 11.7666
25354.1 11.1103
35034.9 12.5
36525 13.3393
37274.1 18.7516
43230.5 27.2727
45470.7 24.986
46957.8 23.0817
48447.9 26.6714
54406.4 26.6667
57386.6 25.0105
58880.7 24.9958
60368.9 25
64837.2 28.5714
66327.3 31.25
68564.5 33.3274
70801.7 31.25
73037.8 29.4048
77508.2 29.4002
79743.4 27.7674
80488.4 31.5678
81978.5 33.3259
84957.8 31.5789
86447.9 33.3358
89427.1 37.5063
91664.3 37.5
96133.6 23.0769
96878.7 28.5714
101346 25.0042
104325 23.5387
108801 23.5276
110288 22.2255
114757 22.2222
116248 24.9983
118481 26.3158
121466 29.4141
123702 27.7716
128170 27.7736
128913 29.4141
129662 33.3259
131892 33.3333
134877 33.3333
135622 37.5031
143817 16.6667
145305 21.4327
146796 20.0036
148286 23.5331
156479 23.5368
158719 22.2189
160209 22.2189
161697 22.2222
175110 10
176598 13.638
177346 14.283
191500 13.6372
192246 14.2839
192989 14.2885
193734 18.1851
207891 18.1818
208637 18.1818
216832 16.6667
217578 23.0745
219066 21.4327
228753 18.75
229499 18.75
230987 18.75
232477 22.2222
244400 19.0464
245145 19.0476
246636 19.044
248124 19.0464
248870 22.7259
257066 29.4118
260045 13.3333
260790 18.75
267497 21.4286
270476 21.4286
271221 21.4286
279418 18.75
280906 22.2255
293575 10.5256
295062 14.2875
295808 14.999
304750 20.0018
306238 20
306984 20
307728 25.0021
315181 28.5714
316669 28.5714
317415 28.5714
318159 28.5714
319652 31.2421
328593 27.7757
330080 27.7778
330826 27.7778
336038 30.0201
338277 27.2694
