607 0
1607 0
2087 0
2807 0
3287 0
4007 0
4487 0
5087 0
5807 0
6407 0
6887 0
7607 0
8202 0
8807 0
9287 0
9887 0
10367 0
11087 0
11567 0
12287 0
12767 0
13367 0
13722 0
14202 0
14927 0
15407 0
16007 0
16487 0
16967 0
17567 0
17927 0
18646 0
19126 0
19726 0
20202 0
20927 0
21407 0
22007 0
22487 0
23202 0
23686 0
24407 0
24887 0
25847 0
26686 0
27162 0
27887 0
28367 0
28967 0
29682 0
30166 0
30887 0
31367 0
31967 0
32447 0
32927 0
33642 0
34126 0
34847 0
35447 0
35807 0
36407 0
36767 0
37247 0
38087 0
38567 0
39047 0
39642 0
40007 0
40487 0
41087 0
41567 0
42407 0
42887 0
43367 0
43847 0
44203 0
45047 0
45527 0
46007 0
46487 0
46967 0
47447 0
47682 0
48767 0
49007 0
49607 0
