242 0
847 0
1242 0
2327 0
2447 0
3527 0
3646 0
4722 0
5327 0
5447 0
6047 0
7126 0
7247 0
7847 0
8447 0
9527 0
9646 0
10607 0
10722 0
11807 0
11927 0
13007 0
14447 0
14567 0
15646 0
16722 0
17202 0
18162 0
18287 0
19367 0
20447 0
20567 0
21642 0
22722 0
22847 0
23927 0
24047 0
24527 0
25126 0
26087 0
26927 0
27407 0
27527 0
28607 0
29206 0
29327 0
30407 0
30527 0
31607 0
32087 0
33162 0
33287 0
34367 0
34487 0
35087 0
36047 0
36887 0
37487 0
38327 0
39287 0
40607 0
40722 0
41204 0
42162 0
43126 0
44447 0
45164 0
45767 0
46726 0
47927 0
48047 0
48407 0
49247 0
49847 0
49967 0
