724 0
1726 0
2202 0
2927 0
3407 0
4126 0
4607 0
5202 0
5927 0
6527 0
7007 0
7726 0
8327 0
8927 0
9407 0
10007 0
10487 0
11203 0
11682 0
12407 0
12887 0
13847 0
14327 0
15047 0
15527 0
16126 0
16607 0
17087 0
18047 0
18767 0
19247 0
19847 0
20327 0
21047 0
21527 0
22126 0
22607 0
23327 0
23807 0
25007 0
25487 0
25967 0
26327 0
26807 0
27287 0
28007 0
28487 0
29087 0
29807 0
30287 0
31007 0
31487 0
32567 0
33047 0
33767 0
34247 0
34967 0
35927 0
37367 0
37722 0
38202 0
38682 0
39162 0
40126 0
41686 0
42047 0
42527 0
43007 0
43487 0
44327 0
45643 0
46126 0
46607 0
47087 0
47807 0
49126 0
49722 0
