4172.44 3498.44
13110.1 8937.7
14604.7 10431.2
28013.3 14903.2
30995.5 16390.8
38444.1 7448.58
46638.7 8194.64
48127.9 9682.75
57069.6 10430.8
58562.7 10434.8
70483.6 11920.9
71969.7 13406
81656.5 11172.9
83145.6 11175.9
92832.3 11175.9
94321.5 12664
95070.5 11924.9
107734 14901.2
108480 14158.1
109223 14900.2
109968 14897.2
118164 10430.8
118909 10429.8
119653 10430.8
120398 10430.8
121889 11919.9
130831 12667
131575 12666
132320 12667
133064 12666
144241 12666
144986 12666
145730 12666
157655 13414
158400 13414
159142 14154.1
160632 14901.2
169574 11918.9
170319 11918.9
171062 11920.9
172553 13410
174047 13415
184475 14901.2
185221 14901.2
185964 14901.2
200867 16391.3
201612 16391.3
202355 16391.3
214278 13411
215023 13411
215766 13411
217260 14904.2
226945 12667
228432 11171.9
229922 12661
238865 11919.9
240355 11922.9
241843 11920.9
254511 14156.1
255999 14156.1
264942 10430.8
276118 11175.9
277610 12667
288039 10428.8
289527 11915.9
300707 12668
302193 12666
313371 12664
314859 14151.1
315608 13415
326036 12665
326781 11921.9
327526 12666
337956 11175.9
338702 11919.9
339446 11919.9
350625 12669
351370 12669
352112 12666
352857 13410
360309 9683.75
361054 9683.75
361799 9687.75
362546 9689.75
363287 10429.8
369252 7452.58
369997 7450.58
370738 7450.58
374462 5210.41
375207 5210.41
375953 5955.46
377444 6705.52
380428 5965.46
381173 5965.46
381914 5960.46
382659 6704.52
383404 5960.46
384153 3725.29
384898 3725.29
385643 3729.29
