3424.38 2955.38
10877 7452.58
12365.1 8939.7
23544.9 12668
26524.2 14159.1
33972.8 10427.8
36209.9 9685.75
36956 10430.8
41423.3 7450.58
43661.5 7451.58
44405.6 7449.58
45894.7 8937.7
51109.1 9685.75
54091.3 10429.8
54836.4 10430.8
56325.5 10430.8
61539.9 10430.8
63033 11922.9
66012.3 11920.9
66757.3 11920.9
68246.4 11920.9
77933.2 11920.9
79423.3 12666
80912.4 12666
87614.9 9681.75
89854.1 10430.8
90599.2 11174.9
92088.3 11175.9
101026 13411
104011 14157.1
104756 14157.1
105499 14899.2
106991 14903.2
115186 14160.1
115931 11919.9
117420 10428.8
127107 11920.9
127852 11920.9
129341 11920.9
140518 12666
142008 12667
153184 12666
155418 13410
166595 13411
168084 14899.2
168830 13412
180751 14156.1
182240 14156.1
182986 14901.2
183730 14900.2
196397 15646.2
197889 15648.2
198633 15646.2
199378 15647.2
200122 16390.3
212044 13411
212790 13412
213535 13413
225455 12665
226200 12665
235885 10430.8
237375 11174.9
238121 11919.9
250043 14157.1
251531 14156.1
252277 14156.1
253022 14900.2
260472 10429.8
261962 10430.8
263452 11174.9
264198 11175.9
270899 10426.8
272392 11918.9
273138 11176.9
274630 11177.9
275375 11176.9
284314 13415
285803 11173.9
286549 11174.9
296235 11920.9
297724 11920.9
298470 11920.9
299214 12664
308897 12662
311136 13412
311881 13411
321563 10426.8
323056 11174.9
323802 11919.9
332739 11175.9
334978 11175.9
343920 11180.9
346900 11921.9
358071 14151.1
358816 14895.2
359564 12664
366267 8195.64
367012 8195.64
367757 8939.7
368507 8942.7
