4489.5 19.2746
12687.1 9.08869
14921.3 14.2843
29079.4 9.09035
29823.5 9.99933
38019.1 16.6685
47704.9 7.69231
48449.9 14.2857
59625.8 12.5
60370.9 12.5
72291.8 11.7647
73036.8 16.6667
73780.9 16.6679
84212.7 18.75
84957.8 18.75
85702.8 23.5294
96878.7 12.5
97623.8 12.5
98368.8 17.6471
106562 23.0817
108054 15.3862
116248 15.3846
117739 15.3846
128914 11.7647
130405 11.7647
131151 16.6654
144563 14.283
146052 10.0007
155734 13.3393
156483 14.2843
163185 20
163934 27.2594
164678 27.2761
172871 23.0769
173620 23.0769
174364 28.5742
175109 28.5714
186286 22.2156
187031 22.2222
197458 13.3381
198207 18.75
198951 18.7516
208637 19.9928
209382 20
210128 19.9982
210872 25
219813 26.6667
221302 25.0021
222048 25
222795 24.9958
223540 29.4071
233969 26.3158
235458 17.6498
236206 17.6471
245146 19.9982
245890 21.4265
246636 21.4286
248124 25.0042
256322 15.3846
257066 21.4306
258555 21.4286
268238 18.7579
268987 18.75
270478 18.7469
272713 21.0497
280163 24.9916
283885 13.3381
285379 17.6471
293570 16.6716
298787 11.1136
307731 10.5226
313689 10
328590 5
330080 9.09091
343491 5.55556
344236 10.5263
355415 6.66488
356160 12.4969
361370 25.021
362115 25.021
365841 33.3333
366586 42.8571
367331 42.8571
371061 42.8161
372549 37.4811
373296 44.4113
374039 44.4246
376274 57.1648
377022 66.6369
377765 66.6965
378510 66.6667
379255 71.4286
380000 100
380745 100.054
381490 100
382235 100
382980 100
383727 99.9553
384472 99.9553
385217 99.9553
