3745.44 22.9571
11197 9.99866
13431.2 15.3846
24609.1 11.1103
28334.4 9.99866
35779.9 13.3393
36525 18.1929
37272.1 25.0084
43977.6 27.2661
45469.7 24.9888
46212.7 25
46959.8 30.7629
55901.5 24.9937
57386.6 25.0084
58135.7 24.9958
58880.7 25
67074.4 26.6738
69312.5 27.7778
70054.6 29.4071
70802.7 29.4094
71547.7 29.4094
80488.4 27.7716
82723.6 18.75
83465.7 18.7547
92404.3 18.7579
94644.5 18.75
95386.6 18.75
96134.6 23.5238
105072 15.3846
105817 15.3894
107310 20.0018
114011 25.0056
115505 23.0722
116995 23.0769
125192 19.9911
125934 24.9958
128171 23.5294
129661 23.5294
140088 20.0067
140833 20.0027
142327 22.7245
143818 23.808
145308 23.808
154246 26.3121
154989 26.3158
162440 10
171381 8.33333
172126 15.3846
183303 12.4979
184792 16.6667
185542 16.6605
195967 13.3333
196712 13.3393
205653 15.3846
207147 14.2802
207893 19.9911
216829 20
218319 20.0072
219064 20.009
220558 23.5313
230240 22.2222
232479 21.0467
233220 21.0526
234715 21.0511
242163 24.9958
242906 29.4118
244400 31.25
252597 21.4224
254086 19.9928
255576 20
263024 21.4368
264518 21.4265
266748 20.0072
267493 25.0084
277179 14.2857
278673 18.7437
279419 18.7421
289846 17.6457
292080 16.6716
292825 16.6729
294319 20.0013
303257 22.2222
305491 22.2222
306985 21.0467
308475 21.0526
309221 24.9983
318158 25
321142 23.8019
322632 23.808
323372 25.0067
324122 25
334553 22.7217
336042 24.9958
339019 15.005
339764 19.0537
346471 25.0063
347219 26.6643
349449 28.5714
350944 26.6547
357648 26.6643
