4471.35 0
10431.8 0
12667 0
21607.7 0
23097.8 0
25333 0
26823.1 0
35018.7 0
36508.8 0
37999 4
39489.1 4
46939.7 4
48429.8 4
56625.4 4
58115.5 4
58860.6 4
70036.5 4
71526.6 4
72271.6 4
73761.7 4
83447.5 4
85682.7 4
86427.7 4
87917.9 4
95368.4 4
96113.5 4
96858.5 4
97603.6 4
106544 4
107289 4
108034 4
118465 4
119210 4
119955 4
120700 4
133366 4
134857 4
135602 4
136347 4
137092 4
153483 4
154228 4
154973 4
169874 4
170619 4
179560 4
181050 4
191481 4
192971 4
194461 4
204892 4
205637 4
206382 4
207872 4
217558 4
218303 4
219048 4
220538 4
222028 4
230224 4
230969 4
231714 4
233204 4
234694 4
235439 4
245125 4
246615 4
247360 4
248850 4
250341 4
251086 4
251831 4
260771 4
263752 4
264497 4
265242 4
271202 4
274182 4
274927 4
280888 4
284613 4
286103 4
293554 4
295044 4
298024 4
298769 4
307710 4
309200 4
309945 4
317396 4
318886 4
319631 4
325591 4
327081 4
327827 4
329317 4
335277 4
337512 4
338257 4
339747 4
341238 4
