2257.32 2
6723.67 2
9704.9 2.5
19389.7 2
21628.8 2.5
33549.8 2.9
34294.8 1
42486.5 2
52172.2 2.5
53661.3 2.9
63348.1 3.24483
64837.2 3.55301
77504.2 3.83446
78993.3 1
79740.4 2
92405.3 1
93899.5 1
105816 2
116992 1
117737 2
130403 1
131893 2
146050 2.5
146796 2.9
159461 3.24483
160207 3.55301
172127 3.83446
172873 4.09525
174361 4.33944
184797 4.56988
185539 4.78871
187027 1
187777 2
197459 3
198205 3
206399 3.33333
207144 3.63333
208633 3.90856
218321 1
219065 1
220559 2
233966 2.5
235460 1
247377 2
257063 2.5
257808 2.9
268984 3.24483
269729 3.55301
281650 3.83446
282395 4.09525
283139 4.33944
295806 4.56988
296555 4.78871
297300 4.99753
298785 1
307727 2
308472 3
309217 3.33333
319648 3.63333
320393 3.90856
321882 4.16441
330824 4.40454
331569 4.63158
333058 1
333806 2
341255 3
342744 3.33333
350940 3.63333
352430 3.90856
353925 4.16441
359140 4.40454
359885 4.63158
360625 4.84749
361370 5.05378
363605 5.25165
364355 5.44207
365101 5.62582
365841 5.80357
367331 5.97588
368826 6.14322
369570 6.306
370311 6.46458
371056 6.61927
372546 6.77034
374036 6.91805
374786 7.0626
375531 7.20419
376271 7.343
377017 7.47918
377762 7.61288
378507 7.74424
379252 7.87337
379997 8.00038
380742 8.12537
381487 8.24844
382232 8.36968
382982 8.48916
383727 8.60696
384472 8.72314
385217 8.83778
