2984.38 2
7454.73 3
8942.85 4
17139.5 2
18628.6 2.5
19377.7 2.9
20122.7 3.24483
32785.7 3.55301
33533.8 1
35023.9 2
44707.6 2.5
46195.7 2.9
54392.4 3.24483
55881.5 3.55301
66313.3 3.83446
67058.4 4.09525
68547.5 4.33944
81217.5 4.56988
81962.5 1
82703.6 2
84197.7 3
93880.5 3.33333
95369.6 3.63333
96858.7 3.90856
105802 4.16441
107291 4.40454
109530 4.63158
119215 4.84749
119960 5.05378
120702 5.25165
122192 1
130389 2
131134 3
131881 3.33333
133368 3.63333
144544 3.90856
145292 4.16441
146779 4.40454
160192 4.63158
160936 4.84749
161680 1
163174 2
172858 3
173602 3.33333
185526 3.63333
186271 3.90856
187012 4.16441
199679 4.40454
200424 4.63158
201168 4.84749
202658 5.05378
213093 5.25165
213836 5.44207
214579 1
216073 2
218303 3
227247 3.33333
227992 3.63333
229480 3.90856
239167 4.16441
239913 4.40454
241401 4.63158
251833 1
252579 2
253326 3
254812 3.33333
266734 3.63333
267480 3.90856
268968 4.16441
279398 4.40454
280893 4.63158
281636 4.84749
282379 5.05378
292069 5.25165
293555 5.44207
294302 5.62582
295045 5.80357
296535 5.97588
306965 1
308460 2
309203 3
309950 3.33333
310691 3.63333
324104 3.90856
324849 4.16441
325593 4.40454
340498 4.63158
341243 4.84749
341984 1
343478 1
356141 1
356889 2
366572 3
368061 3.33333
373277 3.63333
374022 3.90856
374766 4.16441
377751 4.40454
378496 4.63158
379241 4.84749
