605 605
1565 960
2046 1046
3365 1800
3967 1967
4446 2400
5166 2666
5885 2885
7327 3827
8047 4047
8767 4321
9367 4867
10327 5161
10682 5182
11527 5642
12007 6007
13682 6182
14407 5907
14887 5887
15487 5987
16327 5827
16807 5807
17767 5767
18126 5626
19087 5087
19807 5307
20163 5163
20642 5142
21607 5107
22202 5202
23164 5164
23527 5027
24367 4867
24967 4967
25203 4703
25682 4682
26527 4527
27007 4507
27847 4347
28203 4203
28567 4067
29287 4287
29643 4143
30126 4126
30967 3967
31682 4182
32287 4287
32643 4143
33007 4007
33607 4107
33847 3847
34447 3947
34927 3927
35767 3767
36246 3746
36607 3607
37206 3706
37567 3567
38166 3666
38527 3527
39247 3247
39726 3226
40325 3325
41047 3547
41527 3527
42126 3626
42723 3723
43087 3587
43807 3807
44527 4027
45367 3867
45847 3847
46327 3827
46686 3686
47162 3662
47767 3767
48367 3367
48847 3347
49326 3326
49807 3307
