3728.44 19.9831
12667.1 8.3352
14160.3 14.2843
26824.2 10.5256
29062.4 9.99933
38000.1 13.3333
38745.2 15.3894
39489.2 21.4368
50669.1 17.6429
51414.2 17.6429
52155.2 17.6471
52900.3 22.2222
62590 25
63335.1 25
64076.1 25
64821.2 25
74508 25.0063
75254 29.4164
75997.1 29.4211
76742.1 29.4118
78232.2 27.7778
87919 27.7778
88664.1 27.7798
89408.1 31.5834
90153.2 31.5789
90898.2 31.5789
92388.3 31.5789
104313 27.2677
105055 27.2727
105800 27.2711
106548 30.4277
107294 30.4277
108035 30.4348
119211 22.2222
119956 22.2272
120701 22.2289
121446 22.2222
130387 26.6667
131132 26.6667
131876 26.6667
132621 31.25
134112 29.4118
143053 29.4118
143798 29.4118
144542 29.4118
145287 29.4118
146782 31.57
147526 33.3259
157209 31.5789
157957 31.5723
160192 17.6471
167640 21.4286
168385 21.4347
178071 14.2857
178819 14.2816
189993 6.66786
191481 11.7684
201916 12.4979
203402 12.5
213834 12.5031
215324 16.6704
228735 5.55556
239166 7.14286
240655 12.501
252577 11.1111
254067 11.1103
268971 4.99899
269716 9.52198
283127 10.5263
283869 10.5285
295046 12.5021
295790 17.6512
297283 16.6629
305477 21.4286
315908 7.14286
317396 12.5021
327083 13.3345
328572 13.3333
336768 15.3846
338258 20.0018
339004 21.4265
346454 23.0769
348689 21.4265
349434 26.6643
350923 25.0021
356885 28.5714
359868 26.6595
360613 26.6595
361354 28.5714
362099 33.3333
368061 33.3333
369551 38.4735
370296 38.4735
371040 38.4615
371785 38.4615
373279 39.9857
376256 54.5455
378492 50
379237 50
379982 49.9944
