3728.44 2
9687.9 3
11177 4
20863.8 5
23843 2
24592.1 3
34278.8 3.33333
36510 3.63333
39494.2 3.90856
46195.7 1
49179 2
50665.1 2.5
59609.8 2.9
61095.9 3.24483
72276.8 3.55301
73761.9 3.83446
74511 4.09525
87919 1
89413.1 2
90903.2 3
92388.3 3.33333
102823 3.63333
103568 1
104309 2
113999 2.5
114744 2.9
127410 3.24483
128155 3.55301
140821 3.83446
141566 4.09525
143052 4.33944
153487 4.56988
154232 4.78871
154977 4.99753
155718 5.19763
166150 5.39003
167644 5.57555
168388 5.75491
169129 5.92867
170619 6.09735
180306 6.26135
182544 6.42106
183289 6.5768
184034 1
185526 2
186271 3
195952 4
198191 4.25
199677 4.48529
207877 4.70824
208622 4.92064
210857 5.12386
212343 5.31903
220539 5.50703
221284 5.68862
223523 5.86441
225009 6.03493
225758 6.20063
236190 6.36191
236935 6.51909
239170 6.67249
240655 6.82236
241405 6.96893
242150 7.11243
249597 7.25303
250342 7.3909
251086 7.5262
251831 7.65907
252576 7.78963
253321 7.91801
254811 1
263754 2
264498 3
265247 4
265992 4.25
266732 4.48529
278658 4.70824
279403 4.92064
280143 5.12386
280888 5.31903
289830 5.50703
290575 5.68862
291319 5.86441
292064 6.03493
293554 6.20063
303986 6.36191
304731 1
306225 2
307715 3
308460 4
320381 4.25
321126 4.48529
321866 4.70824
323356 4.92064
332302 5.12386
333047 5.31903
333792 5.50703
