2241.32 2
6709.67 3
8199.79 2
14906.3 2.5
16394.4 2
28317.4 2.5
31296.6 2.9
41728.4 3.24483
43962.6 1
52160.2 2
52904.3 2.5
62591 2.9
63335.1 3.24483
75997.1 3.55301
76742.1 3.83446
78234.2 4.09525
93133.4 1
93878.5 2
95373.6 3
96860.7 3.33333
105059 3.63333
106546 3.90856
107293 4.16441
115485 4.40454
116977 4.63158
118467 4.84749
119213 5.05378
128896 5.25165
130386 5.44207
131878 5.62582
132624 5.80357
133369 1
142307 2
146781 3
147526 3.33333
159449 3.63333
160194 3.90856
160936 4.16441
172115 4.40454
172858 4.63158
173602 4.84749
175092 5.05378
187761 5.25165
188506 5.44207
189248 1
190741 2
191486 3
201915 3.33333
202660 3.63333
204149 3.90856
215327 4.16441
216071 4.40454
216815 4.63158
229482 1
230227 2
230974 3
231719 3.33333
245128 3.63333
245873 3.90856
247362 4.16441
258539 4.40454
259284 4.63158
260773 4.84749
261522 5.05378
273440 5.25165
274186 5.44207
274931 1
277168 2
286106 3
287596 3.33333
298772 3.63333
300262 3.90856
301008 4.16441
313676 4.40454
315163 4.63158
315909 4.84749
316653 5.05378
326341 5.25165
327829 5.44207
328575 5.62582
329319 5.80357
330064 5.97588
339007 6.14322
340495 6.306
341240 6.46458
341985 6.61927
342730 6.77034
348693 6.91805
350180 7.0626
351671 7.20419
352416 7.343
353161 7.47918
353906 7.61288
356887 7.74424
358379 7.87337
359869 8.00038
361359 8.12537
362102 8.24844
