242 242
843 601
1206 706
1803 960
2283 1283
2646 1440
3005 1505
3603 1800
4204 2204
4682 2399
5283 2783
5646 3000
5887 2887
6483 3478
7447 3947
7567 3964
7927 3927
8527 4323
8887 4387
9487 4805
9607 4607
10807 5307
11643 5643
12607 6107
13927 6427
14047 6047
14887 5887
15247 5747
16087 6087
16567 5567
17767 5767
18367 5367
19087 5087
19567 5067
19927 4927
20407 4907
21607 5107
21722 4722
22567 4567
23047 4547
24007 4507
24487 4487
24847 4347
26047 4047
27247 4247
27367 3867
28327 3827
29162 4162
30487 3987
31447 3947
31927 3427
33247 3747
33724 3224
34807 3307
35285 3358
35767 3767
37087 3587
37807 3807
39126 4126
39367 3867
39847 3847
41162 3662
41642 3642
42722 3222
43443 3443
44287 2787
45126 3126
45724 3002
45843 2843
46445 2945
47643 3356
48128 3628
49447 3947
49927 4203
