2984.38 2
7454.73 3
8942.85 4
17139.5 2
18628.6 2.5
19377.7 2.9
20122.7 3.24483
32785.7 3.55301
33530.8 3.83446
35019.9 4.09525
43217.5 4.33944
43961.6 4.56988
45450.7 4.78871
46940.8 4.99753
53647.3 5.19763
54392.4 5.39003
55881.5 5.57555
57371.6 5.75491
65568.3 5.92867
66313.3 6.09735
67057.4 6.26135
68547.5 6.42106
70037.6 6.5768
78234.2 6.72885
78979.3 6.87746
79723.4 7.02286
80468.4 7.16526
81958.5 1
83452.7 2
94625.5 2
95370.6 3
96118.6 4
96863.7 4.25
97604.8 4.48529
107295 4.70824
108037 4.92064
108781 5.12386
110271 5.31903
119958 1
120703 2
121451 3
122937 3.33333
123681 3.63333
132624 3.90856
134114 4.16441
134857 4.40454
143800 4.63158
146035 4.84749
147524 5.05378
149013 1
158702 2
160939 3
162425 3.33333
164659 3.63333
171367 3.90856
172856 4.16441
175090 4.40454
183287 4.63158
184777 4.84749
185521 5.05378
188501 5.25165
198934 5.44207
200423 5.62582
201167 5.80357
201913 1
205642 1
213835 2
215328 3
216073 3.33333
225009 3.63333
225754 3.90856
227245 1
237677 2
238425 2.5
251088 2.9
252577 3.24483
265989 3.55301
267478 1
268972 2
280890 2.5
283868 2.9
294299 3.24483
297279 3.55301
309205 3.83446
309945 4.09525
312931 4.33944
321866 4.56988
323356 4.78871
324101 4.99753
324847 5.19763
333787 5.39003
336022 5.57555
336767 1
337512 1
339008 2
348693 3
350924 3.33333
360611 3.63333
361356 3.90856
362101 4.16441
