723 1
724 2
1725 2
1726 4
2201 4
2202 8
2926 8
2927 9
3406 9
3407 10
4125 10
4126 11
4606 11
4607 12
5201 12
5202 13
5926 13
5927 14
6526 14
6527 15
7006 15
7007 16
7725 16
7726 17
8326 17
8327 18
8926 18
8927 1
9406 1
9407 2
10125 2
10126 1
10721 1
10722 2
11201 2
11202 3
11926 3
11927 1
12406 1
12407 2
13006 2
13007 3
13606 3
13607 1
14201 1
14202 2
14806 2
14807 3
15406 3
15407 1
15886 1
15887 2
16486 2
16487 1
17203 1
17204 2
17681 2
17682 1
18161 1
18162 2
18886 2
18887 3
19366 3
19367 4
20086 4
20087 1
22966 1
22967 2
23681 2
23682 1
49846 1
49847 2
