607 607
1607 607
2087 587
2807 807
3287 787
4007 1007
4487 987
5087 1087
5807 1307
6407 1407
6887 1387
7607 1607
8087 1587
8686 1686
9287 1787
9887 1887
10246 1746
10967 1967
11327 1827
11684 1684
12164 1664
12767 1767
13847 1347
14327 1327
14807 1307
15407 1407
15887 1387
16246 1246
16967 1467
17447 1447
18047 1547
18527 1527
19126 1626
19607 1607
19967 1467
20447 1447
21527 1527
22007 1507
22726 1726
23327 1827
23927 1927
24407 1907
25126 2126
25724 2224
26927 927
27287 787
27767 767
28246 746
28722 722
29447 947
29927 927
30642 1142
31126 1126
31847 1347
32327 1327
33407 1407
34126 1626
34607 1607
35203 1703
35567 1567
36162 1662
36642 1642
37967 1467
38447 1447
39166 1666
39642 1642
40367 1867
40847 1847
43007 2007
43367 1867
44567 1067
45047 1047
45642 1142
46246 1246
46847 1347
47327 1327
47927 1427
48646 1646
49126 1626
49847 1847
