4574.69 1.5
9149.39 1.83333
13724.1 2.10606
18298.8 2.34347
18681.2 2.55683
22873.5 2.75238
23258.9 2.93404
27448.2 3.10446
27836.6 3.26552
32022.9 3.41863
32405.3 3.38676
32786.8 3.38676
36597.6 3.5344
36983 3.67586
37364.5 3.81189
41172.3 3.94305
41560.7 4.06986
41942.2 4.19271
45746.9 4.31197
46138.4 4.42793
46519.9 4.32836
46901.4 4.32836
50321.6 4.44388
50714.1 4.55639
51097.6 4.66613
51479.1 4.77328
54896.3 4.87803
55289.8 4.98053
55675.3 5.08092
56056.7 5.17933
59471 5.27587
59864.5 5.37064
60251 5.46374
60632.4 5.29073
61013.9 5.29073
64045.7 5.38524
64439.2 5.47808
64825.7 5.56936
65208.1 5.65913
65591.6 5.74749
68620.4 5.83448
69013.9 5.92018
69400.4 6.00463
69783.8 6.0879
70169.3 6.17003
73195.1 6.25107
73588.6 6.33106
73975.1 6.41003
74357.5 6.16545
74739 6.16545
75120.5 6.16545
77769.8 6.24655
78163.3 6.32659
78549.7 6.40563
78932.2 6.48368
79313.7 6.48287
79696.2 6.48287
82344.5 6.48287
82740 6.48287
83124.4 6.48287
83506.9 6.48287
83888.4 6.48287
84271.9 6.48138
86940.1 6.48138
87320.6 6.48138
87702.1 6.48138
88083.6 6.48138
88465 6.48138
88846.5 6.48138
91515.8 6.47995
91897.3 6.47995
92278.8 6.47995
92660.2 6.47995
93041.7 6.47995
93423.2 6.47995
96091.5 6.47995
96474 6.47788
96855.5 6.47788
97236.9 6.47788
97618.4 6.47788
97999.9 6.47788
101045 6.47788
101426 6.47788
101808 6.23047
102189 6.23047
102571 6.23047
102952 6.23047
105622 6.31072
106004 6.38995
106385 6.4682
106767 6.46596
107148 6.46596
107530 6.46596
110200 6.46596
110581 6.46596
110963 6.46596
111344 6.46596
111726 6.46381
112107 6.46381
114778 6.46381
115159 6.46381
115541 6.46381
115922 6.46381
116303 6.46381
116685 6.46176
119355 6.46176
119737 6.46176
120118 6.46176
120500 6.46176
120881 6.46176
121263 6.46176
123933 6.45979
124314 6.45979
124696 6.45979
125077 6.45979
125459 6.45979
125840 6.45979
128511 6.45979
128892 6.45791
129273 6.45791
129655 6.45791
130036 6.45791
130418 6.45791
133088 6.45791
133470 6.45791
133851 6.4561
134233 6.4561
134614 6.4561
134996 6.4561
137666 6.4561
138047 6.4561
138429 6.4561
138810 6.45437
139192 6.45437
139573 6.45437
142243 6.45437
142625 6.45437
143006 6.45437
143388 6.45437
143769 6.45272
144151 6.45272
146821 6.45272
147203 6.45272
147584 6.45272
147965 6.45272
148347 6.45272
148728 6.45114
151399 6.45114
151780 6.45114
152162 6.45114
152543 6.45114
152925 6.45114
153306 6.45114
155976 6.44962
156358 6.44962
156739 6.44962
157121 6.44962
157502 6.44962
157884 6.44962
160554 6.44962
160935 6.44816
161317 6.44816
161698 6.44816
162080 6.44816
162461 6.44816
165132 6.44816
165513 6.44816
165895 6.44677
166276 6.44677
166657 6.44677
167039 6.44677
169709 6.44677
170091 6.44677
170472 6.44677
170854 6.44544
171235 6.44544
171617 6.44544
174287 6.44544
174668 6.44544
175050 6.44544
175431 6.44544
175813 6.44416
176194 6.44416
178865 6.44416
179246 6.44416
179627 6.44416
180009 6.44416
180390 6.44416
180772 6.44294
183442 6.44294
183824 6.44294
184205 6.44294
184587 6.44294
184968 6.44294
185350 6.44294
188020 6.44177
188401 6.44177
188783 6.44177
189164 6.44177
189546 6.44177
189927 6.44177
192597 6.44177
192979 6.44065
193360 6.44065
193742 6.44065
194123 6.44065
194505 6.44065
197175 6.44065
197557 6.44065
197938 6.43958
198319 6.43958
198701 6.43958
199082 6.43958
201753 6.43958
202134 6.43958
202516 6.43958
202897 6.43855
203279 6.43855
203660 6.43855
206330 6.43855
206712 6.43855
207093 6.43855
207475 6.43855
207856 6.43757
208238 6.43757
210908 6.43757
211289 6.43757
211671 6.43757
212052 6.43757
212434 6.43757
212815 6.43662
215486 6.43662
215867 6.43662
216249 6.43662
216630 6.43662
217011 6.43662
217393 6.43662
220063 6.43572
220445 6.43572
220826 6.43572
221208 6.43572
221589 6.43572
221971 6.43572
224641 6.43572
225022 6.43486
225404 6.43486
225785 6.43486
226167 6.43486
226548 6.43486
229219 6.43486
229600 6.43486
229981 6.43403
230363 6.43403
230744 6.43403
231126 6.43403
233797 6.43403
234179 6.43403
504957 6.187
505339 6.187
506483 6.187
507245 6.187
507626 6.187
508389 6.187
509534 6.26781
509915 6.34758
511058 6.42635
511821 6.50416
512202 6.50177
512966 6.50177
514110 6.50177
514492 6.50177
516014 6.50177
516777 6.50177
517159 6.50177
517921 6.2507
519066 6.2507
519447 6.2507
520592 6.33069
521354 6.40967
521736 6.48768
522499 6.48768
523643 6.48461
524025 6.48461
525169 6.48461
525932 6.48461
526314 6.48461
527077 6.48461
528221 6.48461
528602 6.48167
529747 6.48167
530510 6.48167
530891 6.48167
531654 6.48167
532799 6.48167
533180 6.48167
534324 6.47886
535087 6.47886
535469 6.47886
536232 6.47886
537376 6.47886
537758 6.47886
538902 6.47886
539665 6.47617
540046 6.47617
540809 6.47617
541954 6.47617
542335 6.47617
543480 6.47617
544243 6.47617
544624 6.47359
545387 6.47359
546531 6.47359
546913 6.47359
548057 6.47359
548820 6.47359
549202 6.47359
549965 6.47112
551109 6.47112
551491 6.47112
552635 6.47112
553398 6.47112
553779 6.47112
554542 6.47112
555687 6.46876
556068 6.46876
557213 6.46876
557976 6.46876
558357 6.46876
559120 6.46876
560264 6.46876
560646 6.46649
561790 6.46649
562553 6.46649
562935 6.46649
563698 6.46649
564842 6.46649
565223 6.46649
566368 6.46432
567131 6.46432
567512 6.46432
568275 6.46432
569420 6.46432
569801 6.46432
570946 6.46432
571708 6.46225
572090 6.46225
572853 6.46225
573997 6.46225
574379 6.46225
575523 6.46225
576286 6.46225
576668 6.46026
577431 6.46026
578575 6.46026
578956 6.46026
580101 6.46026
580864 6.46026
581245 6.46026
582008 6.45835
583153 6.45835
583534 6.45835
584678 6.45835
585441 6.45835
585823 6.45835
586586 6.45835
587730 6.45653
588112 6.45653
589256 6.45653
590019 6.45653
590400 6.45653
591163 6.45653
592308 6.45653
592689 6.45478
593834 6.45478
594597 6.45478
594978 6.45478
595741 6.45478
596885 6.45478
597267 6.45478
598411 6.45311
599174 6.45311
599556 6.45311
600319 6.45311
601463 6.45311
601845 6.45311
602989 6.45311
603752 6.45151
604133 6.45151
604896 6.45151
606041 6.45151
606422 6.45151
607567 6.45151
608330 6.45151
608711 6.44998
609474 6.44998
610618 6.44998
611000 6.44998
612144 6.44998
612907 6.44998
613289 6.44998
614052 6.44851
615196 6.44851
615578 6.44851
616722 6.44851
617485 6.44851
617866 6.44851
618629 6.44851
619774 6.4471
620155 6.4471
621300 6.4471
622062 6.4471
622444 6.4471
623207 6.4471
624351 6.4471
624733 6.44576
625877 6.44576
626640 6.44576
627022 6.44576
627785 6.44576
628929 6.44576
629310 6.44576
630455 6.44447
631218 6.44447
631599 6.44447
632362 6.44447
633507 6.44447
633888 6.44447
635032 6.44447
635795 6.44323
636177 6.44323
636940 6.44323
638084 6.44323
638466 6.44323
639610 6.44323
640373 6.44323
640755 6.44205
641517 6.44205
642662 6.44205
643043 6.44205
644188 6.44205
644951 6.44205
645332 6.44205
646095 6.44092
647239 6.44092
647621 6.44092
648765 6.44092
649528 6.44092
649910 6.44092
650673 6.44092
651817 6.43983
652199 6.43983
653343 6.43983
654106 6.43983
654487 6.43983
655250 6.43983
656395 6.43983
656776 6.43879
657921 6.43879
658684 6.43879
659065 6.43879
659828 6.43879
660972 6.43879
661354 6.43879
662498 6.4378
663261 6.4378
663643 6.4378
664406 6.4378
665550 6.4378
665932 6.4378
667076 6.4378
667839 6.43685
668220 6.43685
668983 6.43685
670128 6.43685
670509 6.43685
671654 6.43685
672416 6.43685
672798 6.43593
673561 6.43593
674705 6.43593
675087 6.43593
676231 6.43593
676994 6.43593
677376 6.43593
678139 6.43506
679283 6.43506
679664 6.43506
680809 6.43506
681572 6.43506
681953 6.43506
682716 6.43506
683861 6.43422
684242 6.43422
685386 6.43422
686149 6.43422
686531 6.43422
687294 6.43422
688438 6.43422
688820 6.43342
689964 6.43342
690727 6.43342
691109 6.43342
691871 6.43342
693016 6.43342
693397 6.43342
694543 6.43195
695306 6.43195
695687 6.43195
1.00457e+06 6.50969
1.00572e+06 5.85686
1.00648e+06 5.85686
1.00686e+06 5.85686
1.00763e+06 5.85686
1.00877e+06 5.85686
1.00915e+06 5.94223
1.01106e+06 6.02637
1.01144e+06 6.10934
1.0122e+06 6.19118
1.01335e+06 6.27194
1.01373e+06 6.35166
1.01563e+06 6.43038
1.01601e+06 6.18483
1.0164e+06 6.18483
1.01716e+06 6.18483
1.0183e+06 6.18483
1.01868e+06 6.18483
1.02021e+06 6.26567
1.02059e+06 6.34547
1.02097e+06 6.42427
1.02174e+06 6.5021
1.02288e+06 6.49842
1.02326e+06 6.49842
1.02479e+06 6.49842
1.02517e+06 6.49842
1.02555e+06 6.49842
1.02631e+06 6.49842
1.02746e+06 6.49842
1.02784e+06 6.49489
1.02937e+06 6.49489
1.02975e+06 6.49489
1.03013e+06 6.49489
1.03089e+06 6.49489
1.03204e+06 6.49489
1.03242e+06 6.49489
1.03394e+06 6.49152
1.03432e+06 6.49152
1.03471e+06 6.49152
1.03547e+06 6.49152
1.03661e+06 6.49152
1.03699e+06 6.49152
1.03852e+06 6.49152
1.0389e+06 6.48829
1.03928e+06 6.48829
1.04005e+06 6.48829
1.04119e+06 6.48829
1.04157e+06 6.48829
1.0431e+06 6.48829
1.04348e+06 6.48829
1.04386e+06 6.48519
1.04462e+06 6.48519
1.04577e+06 6.48519
1.04615e+06 6.48519
1.04768e+06 6.48519
1.04806e+06 6.48519
1.04844e+06 6.48519
1.0492e+06 6.48223
1.05035e+06 6.48223
1.05073e+06 6.48223
1.05225e+06 6.48223
1.05263e+06 6.48223
1.05302e+06 6.48223
1.05378e+06 6.48223
1.05492e+06 6.4794
1.05531e+06 6.4794
1.05683e+06 6.4794
1.05721e+06 6.4794
1.05759e+06 6.4794
1.05836e+06 6.4794
1.0595e+06 6.4794
1.05988e+06 6.47668
1.06141e+06 6.47668
1.06179e+06 6.47668
1.06217e+06 6.47668
1.06293e+06 6.47668
1.06408e+06 6.47668
1.06446e+06 6.47668
1.06599e+06 6.47408
1.06637e+06 6.47408
1.06675e+06 6.47408
1.06751e+06 6.47408
1.06866e+06 6.47408
1.06904e+06 6.47408
1.07056e+06 6.47408
1.07095e+06 6.47159
1.07133e+06 6.47159
1.07209e+06 6.47159
1.07323e+06 6.47159
1.07362e+06 6.47159
1.07514e+06 6.47159
1.07552e+06 6.47159
1.0759e+06 6.4692
1.07667e+06 6.4692
1.07781e+06 6.4692
1.07819e+06 6.4692
1.07972e+06 6.4692
1.0801e+06 6.4692
1.08048e+06 6.4692
1.08125e+06 6.46692
1.08239e+06 6.46692
1.08277e+06 6.46692
1.0843e+06 6.46692
1.08468e+06 6.46692
1.08506e+06 6.46692
1.08582e+06 6.46692
1.08697e+06 6.46473
1.08735e+06 6.46473
1.08887e+06 6.46473
1.08926e+06 6.46473
1.08964e+06 6.46473
1.0904e+06 6.46473
1.09154e+06 6.46473
1.09193e+06 6.46264
1.09345e+06 6.46264
1.09383e+06 6.46264
1.09422e+06 6.46264
1.09498e+06 6.46264
1.09612e+06 6.46264
1.0965e+06 6.46264
1.09803e+06 6.46064
1.09841e+06 6.46064
1.09879e+06 6.46064
1.09956e+06 6.46064
1.1007e+06 6.46064
1.10108e+06 6.46064
1.10261e+06 6.46064
1.10299e+06 6.45872
1.10337e+06 6.45872
1.10413e+06 6.45872
1.10528e+06 6.45872
1.10566e+06 6.45872
1.10719e+06 6.45872
1.10757e+06 6.45872
1.10795e+06 6.45688
1.10871e+06 6.45688
1.10986e+06 6.45688
1.11024e+06 6.45688
1.11176e+06 6.45688
1.11214e+06 6.45688
1.11253e+06 6.45688
1.11329e+06 6.45512
1.11443e+06 6.45512
1.11481e+06 6.45512
1.11634e+06 6.45512
1.11672e+06 6.45512
1.1171e+06 6.45512
1.11787e+06 6.45512
1.11901e+06 6.45343
1.11939e+06 6.45343
1.12092e+06 6.45343
1.1213e+06 6.45343
1.12168e+06 6.45343
1.12244e+06 6.45343
1.12359e+06 6.45343
1.12397e+06 6.45182
1.1255e+06 6.45182
1.12588e+06 6.45182
1.12626e+06 6.45182
1.12702e+06 6.45182
1.12817e+06 6.45182
1.12855e+06 6.45182
1.13007e+06 6.45027
1.13045e+06 6.45027
1.13084e+06 6.45027
1.1316e+06 6.45027
1.13274e+06 6.45027
1.13313e+06 6.45027
1.13465e+06 6.45027
1.13503e+06 6.44879
1.13541e+06 6.44879
1.13618e+06 6.44879
1.13732e+06 6.44879
1.1377e+06 6.44879
1.13923e+06 6.44879
1.13961e+06 6.44879
1.13999e+06 6.44737
1.14075e+06 6.44737
1.1419e+06 6.44737
1.14228e+06 6.44737
1.14381e+06 6.44737
1.14419e+06 6.44737
1.14457e+06 6.44737
1.14533e+06 6.44601
1.14648e+06 6.44601
1.14686e+06 6.44601
1.14838e+06 6.44601
1.14877e+06 6.44601
1.14915e+06 6.44601
1.14991e+06 6.44601
1.15105e+06 6.44471
1.15144e+06 6.44471
1.15296e+06 6.44471
1.15334e+06 6.44471
1.15372e+06 6.44471
1.15449e+06 6.44471
1.15563e+06 6.44471
1.15601e+06 6.44347
1.15754e+06 6.44347
1.15792e+06 6.44347
1.1583e+06 6.44347
1.15907e+06 6.44347
1.16021e+06 6.44347
1.16059e+06 6.44347
1.16212e+06 6.44227
1.1625e+06 6.44227
1.16288e+06 6.44227
1.16364e+06 6.44227
1.16479e+06 6.44227
1.16517e+06 6.44227
1.16669e+06 6.44227
1.16708e+06 6.44113
1.16746e+06 6.44113
1.16822e+06 6.44113
1.16936e+06 6.44113
1.16975e+06 6.44113
1.17127e+06 6.44113
1.17165e+06 6.44113
1.17204e+06 6.44004
1.1728e+06 6.44004
1.17394e+06 6.44004
1.17432e+06 6.44004
1.17585e+06 6.44004
1.17623e+06 6.44004
1.17661e+06 6.44004
1.17738e+06 6.43899
1.17852e+06 6.43899
1.1789e+06 6.43899
1.18043e+06 6.43899
1.18081e+06 6.43899
1.18119e+06 6.43899
1.18195e+06 6.43899
1.1831e+06 6.43799
1.18348e+06 6.43799
1.185e+06 6.43799
1.18539e+06 6.43799
1.18577e+06 6.43799
1.18653e+06 6.43799
1.18768e+06 6.43799
1.18806e+06 6.43703
1.18958e+06 6.43703
1.18996e+06 6.43703
1.19035e+06 6.43703
1.19111e+06 6.43703
1.19225e+06 6.43703
1.19263e+06 6.43703
1.19416e+06 6.43541
1.19454e+06 6.43541
1.19492e+06 6.43541
1.19569e+06 6.43541
1.50457e+06 6.5131
1.50534e+06 6.04586
1.50648e+06 6.04586
1.50724e+06 6.04586
1.50763e+06 6.04586
1.50839e+06 6.04586
1.50915e+06 6.12856
1.50992e+06 6.21015
1.51106e+06 6.29066
1.51182e+06 6.37014
1.5122e+06 6.44863
1.51297e+06 6.44722
1.51373e+06 6.44722
1.51449e+06 6.44722
1.51564e+06 6.44722
1.5164e+06 6.44722
1.51678e+06 6.44722
1.51754e+06 6.44722
1.51831e+06 6.44587
1.51907e+06 6.44587
1.52021e+06 6.44587
1.52098e+06 6.44587
1.52136e+06 6.44587
1.52212e+06 6.44587
1.52289e+06 6.44587
1.52365e+06 6.44458
1.52479e+06 6.44458
1.52556e+06 6.44458
1.52594e+06 6.44458
1.5267e+06 6.44458
1.52746e+06 6.44458
1.52823e+06 6.44458
1.52937e+06 6.44334
1.53013e+06 6.44334
1.53051e+06 6.44334
1.53128e+06 6.44334
1.53204e+06 6.44334
1.5328e+06 6.44334
1.53395e+06 6.44334
1.53471e+06 6.44215
1.53509e+06 6.44215
1.53586e+06 6.44215
1.53662e+06 6.44215
1.53738e+06 6.44215
1.53853e+06 6.44215
1.53929e+06 6.44215
1.53967e+06 6.44101
1.54043e+06 6.44101
1.5412e+06 6.44101
1.54196e+06 6.44101
1.5431e+06 6.44101
1.54387e+06 6.44101
1.54425e+06 6.44101
1.54501e+06 6.43992
1.54577e+06 6.43992
1.54654e+06 6.43992
1.54768e+06 6.43992
1.54844e+06 6.43992
1.54883e+06 6.43992
1.54959e+06 6.43992
1.55035e+06 6.43888
1.55111e+06 6.43888
1.55226e+06 6.43888
1.55302e+06 6.43888
1.5534e+06 6.43888
1.55417e+06 6.43888
1.55493e+06 6.43888
1.55569e+06 6.43788
1.55684e+06 6.43788
1.5576e+06 6.43788
1.55798e+06 6.43788
1.55874e+06 6.43788
1.55951e+06 6.43788
1.56027e+06 6.43788
1.56141e+06 6.43693
1.56218e+06 6.43693
1.56256e+06 6.43693
1.56332e+06 6.43693
1.56408e+06 6.43693
1.56485e+06 6.43693
1.56599e+06 6.43693
1.56675e+06 6.43601
1.56714e+06 6.43601
1.5679e+06 6.43601
1.56866e+06 6.43601
1.56942e+06 6.43601
1.57057e+06 6.43601
1.57133e+06 6.43601
1.57171e+06 6.43513
1.57248e+06 6.43513
1.57324e+06 6.43513
1.574e+06 6.43513
1.57515e+06 6.43513
1.57591e+06 6.43513
1.57629e+06 6.43513
1.57705e+06 6.43429
1.57782e+06 6.43429
1.57858e+06 6.43429
1.57972e+06 6.43429
1.58049e+06 6.43429
1.58087e+06 6.43429
1.58163e+06 6.43429
1.58239e+06 6.43349
1.58316e+06 6.43349
1.5843e+06 6.43349
1.58506e+06 6.43349
1.58545e+06 6.43349
1.58621e+06 6.43349
1.58697e+06 6.43349
1.58774e+06 6.43272
1.58888e+06 6.43272
1.58964e+06 6.43272
1.59002e+06 6.43272
1.59079e+06 6.43272
1.59155e+06 6.43272
1.59231e+06 6.43272
1.59346e+06 6.43198
1.59422e+06 6.43198
1.5946e+06 6.43198
1.59536e+06 6.43198
1.59613e+06 6.43198
1.59689e+06 6.43198
1.59803e+06 6.43198
1.5988e+06 6.43128
1.59918e+06 6.43128
1.59994e+06 6.43128
1.60071e+06 6.43128
1.60147e+06 6.43128
1.60261e+06 6.43128
1.60338e+06 6.43128
1.60376e+06 6.4306
1.60452e+06 6.4306
1.60528e+06 6.4306
1.60605e+06 6.4306
1.60719e+06 6.4306
1.60795e+06 6.4306
1.60833e+06 6.4306
1.6091e+06 6.42995
1.60986e+06 6.42995
1.61062e+06 6.42995
1.61177e+06 6.42995
1.61253e+06 6.42995
1.61291e+06 6.42995
1.61368e+06 6.42995
1.61444e+06 6.42933
1.6152e+06 6.42933
1.61635e+06 6.42933
1.61711e+06 6.42933
1.61749e+06 6.42933
1.61825e+06 6.42933
1.61902e+06 6.42933
1.61978e+06 6.42874
1.62092e+06 6.42874
1.62169e+06 6.42874
1.62207e+06 6.42874
1.62283e+06 6.42874
1.62359e+06 6.42874
1.62436e+06 6.42874
1.6255e+06 6.42817
1.62626e+06 6.42817
1.62665e+06 6.42817
1.62741e+06 6.42817
1.62817e+06 6.42817
1.62893e+06 6.42817
1.63008e+06 6.42817
1.63084e+06 6.42762
1.63122e+06 6.42762
1.63199e+06 6.42762
1.63275e+06 6.42762
1.63351e+06 6.42762
1.63466e+06 6.42762
1.63542e+06 6.42762
1.6358e+06 6.4271
1.63656e+06 6.4271
1.63733e+06 6.4271
1.63809e+06 6.4271
1.63923e+06 6.4271
1.64e+06 6.4271
1.64038e+06 6.4271
1.64114e+06 6.4266
1.6419e+06 6.4266
1.64267e+06 6.4266
1.64381e+06 6.4266
1.64457e+06 6.4266
1.64496e+06 6.4266
1.64572e+06 6.4266
1.64648e+06 6.42612
1.64724e+06 6.42612
1.64839e+06 6.42612
1.64915e+06 6.42612
1.64953e+06 6.42612
1.6503e+06 6.42612
1.65106e+06 6.42612
1.65182e+06 6.42566
1.65297e+06 6.42566
1.65373e+06 6.42566
1.65411e+06 6.42566
1.65487e+06 6.42566
1.65564e+06 6.42566
1.6564e+06 6.42566
1.65754e+06 6.42522
1.65831e+06 6.42522
1.65869e+06 6.42522
1.65945e+06 6.42522
1.66021e+06 6.42522
1.66098e+06 6.42522
1.66212e+06 6.42522
1.66288e+06 6.4248
1.66327e+06 6.4248
1.66403e+06 6.4248
1.66479e+06 6.4248
1.66555e+06 6.4248
1.6667e+06 6.4248
1.66746e+06 6.4248
1.66784e+06 6.4244
1.66861e+06 6.4244
1.66937e+06 6.4244
1.67013e+06 6.4244
1.67128e+06 6.4244
1.67204e+06 6.4244
1.67242e+06 6.4244
1.67318e+06 6.42401
1.67395e+06 6.42401
1.67471e+06 6.42401
1.67585e+06 6.42401
1.67662e+06 6.42401
1.677e+06 6.42401
1.67776e+06 6.42401
1.67852e+06 6.42364
1.67929e+06 6.42364
1.68043e+06 6.42364
1.6812e+06 6.42364
1.68158e+06 6.42364
1.68234e+06 6.42364
1.6831e+06 6.42364
1.68387e+06 6.42329
1.68501e+06 6.42329
1.68577e+06 6.42329
1.68615e+06 6.42329
1.68692e+06 6.42329
1.68768e+06 6.42329
1.68844e+06 6.42329
1.68959e+06 6.42295
1.69035e+06 6.42295
1.69073e+06 6.42295
1.69149e+06 6.42295
1.69226e+06 6.42295
1.69302e+06 6.42295
1.69417e+06 6.42295
1.69493e+06 6.42192
1.69531e+06 6.42192
2.00496e+06 6.17583
2.00572e+06 6.17583
2.00648e+06 6.17583
2.00686e+06 6.17583
2.00763e+06 6.17583
2.00839e+06 6.17583
2.00953e+06 6.25679
2.0103e+06 6.3367
2.01106e+06 6.41561
2.01144e+06 6.41559
2.0122e+06 6.41559
2.01297e+06 6.41559
2.01411e+06 6.41559
2.01487e+06 6.41559
2.01564e+06 6.41559
2.01602e+06 6.41559
2.01678e+06 6.41558
2.01754e+06 6.41558
2.01869e+06 6.41558
2.01945e+06 6.41558
2.02021e+06 6.41558
2.0206e+06 6.41558
2.02136e+06 6.41558
2.02212e+06 6.41557
2.02327e+06 6.41557
2.02403e+06 6.41557
2.02479e+06 6.41557
2.02517e+06 6.41557
2.02594e+06 6.41557
2.0267e+06 6.41557
2.02784e+06 6.41555
2.02861e+06 6.41555
2.02937e+06 6.41555
2.02975e+06 6.41555
2.03051e+06 6.41555
2.03128e+06 6.41555
2.03242e+06 6.41555
2.03318e+06 6.41554
2.03395e+06 6.41554
2.03433e+06 6.41554
2.03509e+06 6.41554
2.03586e+06 6.41554
2.037e+06 6.41554
2.03776e+06 6.41554
2.03853e+06 6.41553
2.03891e+06 6.41553
2.03967e+06 6.41553
2.04043e+06 6.41553
2.04158e+06 6.41553
2.04234e+06 6.41553
2.0431e+06 6.41553
2.04348e+06 6.41552
2.04425e+06 6.41552
2.04501e+06 6.41552
2.04615e+06 6.41552
2.04692e+06 6.41552
2.04768e+06 6.41552
2.04806e+06 6.41552
2.04883e+06 6.41551
2.04959e+06 6.41551
2.05073e+06 6.41551
2.0515e+06 6.41551
2.05226e+06 6.41551
2.05264e+06 6.41551
2.0534e+06 6.41551
2.05417e+06 6.4155
2.05531e+06 6.4155
2.05607e+06 6.4155
2.05684e+06 6.4155
2.05722e+06 6.4155
2.05798e+06 6.4155
2.05874e+06 6.4155
2.05989e+06 6.41549
2.06065e+06 6.41549
2.06141e+06 6.41549
2.0618e+06 6.41549
2.06256e+06 6.41549
2.06332e+06 6.41549
2.06447e+06 6.41549
2.06523e+06 6.41548
2.06599e+06 6.41548
2.06637e+06 6.41548
2.06714e+06 6.41548
2.0679e+06 6.41548
2.06904e+06 6.41548
2.06981e+06 6.41548
2.07057e+06 6.41547
2.07095e+06 6.41547
2.07171e+06 6.41547
2.07248e+06 6.41547
2.07362e+06 6.41547
2.07438e+06 6.41547
2.07515e+06 6.41547
2.07553e+06 6.41546
2.07629e+06 6.41546
2.07705e+06 6.41546
2.0782e+06 6.41546
2.07896e+06 6.41546
2.07972e+06 6.41546
2.08011e+06 6.41546
2.08087e+06 6.41545
2.08163e+06 6.41545
2.08278e+06 6.41545
2.08354e+06 6.41545
2.0843e+06 6.41545
2.08468e+06 6.41545
2.08545e+06 6.41545
2.08621e+06 6.41545
2.08735e+06 6.41545
2.08812e+06 6.41545
2.08888e+06 6.41545
2.08926e+06 6.41545
2.09002e+06 6.41545
2.09079e+06 6.41545
2.09193e+06 6.41544
2.09269e+06 6.41544
2.09346e+06 6.41544
2.09384e+06 6.41544
2.0946e+06 6.41544
2.09536e+06 6.41544
2.09651e+06 6.41544
2.09727e+06 6.41543
2.09803e+06 6.41543
2.09842e+06 6.41543
2.09918e+06 6.41543
2.09994e+06 6.41543
2.10109e+06 6.41543
2.10185e+06 6.41543
2.10261e+06 6.41543
2.10299e+06 6.41543
2.10376e+06 6.41543
2.10452e+06 6.41543
2.10566e+06 6.41543
2.10643e+06 6.41543
2.10719e+06 6.41543
2.10757e+06 6.41542
2.10833e+06 6.41542
2.1091e+06 6.41542
2.11024e+06 6.41542
2.111e+06 6.41542
2.11177e+06 6.41542
2.11215e+06 6.41542
2.11291e+06 6.41541
2.11368e+06 6.41541
2.11482e+06 6.41541
2.11558e+06 6.41541
2.11635e+06 6.41541
2.11673e+06 6.41541
2.11749e+06 6.41541
2.11825e+06 6.41541
2.1194e+06 6.41541
2.12016e+06 6.41541
2.12092e+06 6.41541
2.1213e+06 6.41541
2.12207e+06 6.41541
2.12283e+06 6.41541
2.12397e+06 6.4154
2.12474e+06 6.4154
2.1255e+06 6.4154
2.12588e+06 6.4154
2.12665e+06 6.4154
2.12741e+06 6.4154
2.12855e+06 6.4154
2.12932e+06 6.4154
2.13008e+06 6.4154
2.13046e+06 6.4154
2.13122e+06 6.4154
2.13199e+06 6.4154
2.13313e+06 6.4154
2.13389e+06 6.4154
2.13466e+06 6.41539
2.13504e+06 6.41539
2.1358e+06 6.41539
2.13656e+06 6.41539
2.13771e+06 6.41539
2.13847e+06 6.41539
2.13923e+06 6.41539
2.13961e+06 6.41538
2.14038e+06 6.41538
2.14114e+06 6.41538
2.14229e+06 6.41538
2.14305e+06 6.41538
2.14381e+06 6.41538
2.14419e+06 6.41538
2.14496e+06 6.41538
2.14572e+06 6.41538
2.14686e+06 6.41538
2.14763e+06 6.41538
2.14839e+06 6.41538
2.14877e+06 6.41538
2.14953e+06 6.41538
2.1503e+06 6.41538
2.15144e+06 6.41538
2.1522e+06 6.41538
2.15297e+06 6.41538
2.15335e+06 6.41538
2.15411e+06 6.41538
2.15487e+06 6.41538
2.15602e+06 6.41537
2.15678e+06 6.41537
2.15754e+06 6.41537
2.15793e+06 6.41537
2.15869e+06 6.41537
2.15945e+06 6.41537
2.1606e+06 6.41537
2.16136e+06 6.41537
2.16212e+06 6.41537
2.1625e+06 6.41537
2.16327e+06 6.41537
2.16403e+06 6.41537
2.16517e+06 6.41537
2.16594e+06 6.41537
2.1667e+06 6.41536
2.16708e+06 6.41536
2.16784e+06 6.41536
2.16861e+06 6.41536
2.16975e+06 6.41536
2.17051e+06 6.41536
2.17128e+06 6.41536
2.17166e+06 6.41536
2.17242e+06 6.41536
2.17318e+06 6.41536
2.17433e+06 6.41536
2.17509e+06 6.41536
2.17585e+06 6.41536
2.17624e+06 6.41536
2.177e+06 6.41535
2.17776e+06 6.41535
2.17891e+06 6.41535
2.17967e+06 6.41535
2.18043e+06 6.41535
2.18081e+06 6.41535
2.18158e+06 6.41535
2.18234e+06 6.41535
2.18348e+06 6.41535
2.18425e+06 6.41535
2.18501e+06 6.41535
2.18539e+06 6.41535
2.18615e+06 6.41535
2.18692e+06 6.41535
2.18806e+06 6.41535
2.18882e+06 6.41535
2.18959e+06 6.41535
2.18997e+06 6.41535
2.19073e+06 6.41535
2.19149e+06 6.41535
2.19264e+06 6.41535
2.1934e+06 6.41464
2.19417e+06 6.41464
2.19455e+06 6.41464
2.19531e+06 6.41464
