4473.5 2
14901.3 2
16391.4 2.5
30548.5 2.9
31293.6 1
38744.2 2
49175 2.5
50665.1 2.9
59605.8 3.24483
61840 3.55301
72271.8 1
73765.9 2
76746.1 2.5
88667.1 2.9
93133.4 3.24483
102823 3.55301
106544 3.83446
108039 4.09525
113252 4.33944
116230 4.56988
117719 4.78871
118468 4.99753
122937 5.19763
127410 5.39003
128895 5.57555
129644 5.75491
135604 5.92867
137094 6.09735
141562 6.26135
143056 6.42106
144541 1
150507 2
152740 2
153483 3
157208 4
158702 4.25
163916 4.48529
166894 4.70824
168388 4.92064
169873 5.12386
177327 5.31903
180305 5.50703
181799 5.68862
182543 5.86441
183284 6.03493
190738 6.20063
193716 6.36191
195210 6.51909
195954 1
196695 2
198191 3
204894 3
207872 3
210112 4
216070 4.25
219048 1
220542 2
222032 3
227991 3
233207 3.33333
234693 3.63333
238422 3.90856
245125 4.16441
245874 4.40454
250343 1
257794 1
258539 2
259285 3
267477 3.33333
268225 3.63333
269711 3.90856
277912 4.16441
279397 4.40454
280887 4.63158
290574 4.84749
292063 5.05378
293558 5.25165
295043 5.44207
305478 5.62582
306964 5.80357
307713 5.97588
309199 6.14322
309949 6.306
318889 6.46458
320375 6.61927
321124 6.77034
321870 1
322610 2
323360 3
333042 4
334535 4.25
335280 4.48529
345711 4.70824
347197 4.92064
348691 1
349437 2
359119 3
360613 3.33333
367317 3.63333
368060 3.90856
