2984.38 2984.38
7454.73 4470.35
8942.85 5958.46
17139.5 9684.75
18628.6 11173.9
19377.7 10434.8
20122.7 11179.9
32788.7 13411
33533.8 13411
35019.9 14897.2
43964.6 11175.9
44707.6 11173.9
46195.7 11175.9
47684.9 12665
54392.4 10427.8
55138.4 10430.8
56626.6 10430.8
58860.7 11175.9
65568.3 11175.9
66314.3 11921.9
67057.4 11918.9
68547.5 11920.9
70781.7 11920.9
77489.2 11920.9
78234.2 11919.9
78978.3 12664
79723.4 12666
81213.5 12666
83447.7 12666
92390.3 14901.2
93135.4 14901.2
93883.5 14905.2
94628.5 15650.2
95369.6 15646.2
96859.7 15646.2
110273 16389.3
111017 16388.3
111761 16391.3
113251 16391.3
122938 12665
123683 12666
124427 13410
125172 13411
126662 13411
139332 16394.3
140074 16391.3
140819 16392.3
141567 17140.3
142312 17140.3
143798 17136.3
154975 13408
155720 14153.1
157209 14897.2
157953 14155.1
166896 11920.9
167641 11920.9
169130 11920.9
170620 12667
171365 13411
179562 12666
180307 12666
181796 12666
183286 12666
184030 12666
184781 13416
192973 13411
193718 13411
195207 13411
202659 9685.75
204148 10429.8
204894 11175.9
206383 11175.9
215325 12666
217560 13412
218305 13411
219794 13411
220538 14155.1
230226 14901.2
232461 14901.2
233209 14904.2
234695 14901.2
235444 14906.2
236190 15651.2
245872 15646.2
247361 14900.2
248106 14897.2
248852 14156.1
249597 14152.1
250342 14152.1
260028 14156.1
260773 14901.2
261522 14160.1
262267 14160.1
263008 14156.1
271204 9682.75
271949 9682.75
272693 9685.75
274188 11179.9
282380 11175.9
283125 11175.9
