366 1
367 2
966 2
967 4
1366 4
1367 8
1846 8
1847 9
2566 9
2567 10
3046 10
3047 11
3766 11
3767 12
4245 12
4246 13
4846 13
4847 14
5566 14
5567 15
6161 15
6162 1
6641 1
6642 2
7366 2
7367 4
7966 4
7967 8
8566 8
8567 9
9046 9
9047 10
9641 10
9642 11
10246 11
10247 12
10846 12
10847 13
11446 13
11447 14
12046 14
12047 15
12526 15
12527 16
13006 16
13007 17
13721 17
13722 18
14205 18
14206 1
16125 1
16126 2
16606 2
16607 1
17806 1
17807 2
18286 2
18287 1
19366 1
19367 2
20086 2
20087 1
20566 1
20567 2
21286 2
21287 1
22606 1
22607 2
23326 2
23327 1
23806 1
23807 2
24286 2
24287 1
26926 1
26927 2
27406 2
27407 3
27886 3
27887 1
30046 1
30047 2
30645 2
30646 3
31125 3
31126 1
32806 1
32807 2
33886 2
33887 1
36406 1
36407 2
37006 2
37007 1
37486 1
37487 2
38446 2
38447 1
40846 1
40847 2
41326 2
41327 1
43721 1
43722 2
44201 2
44202 1
46846 1
46847 2
47326 2
47327 3
47806 3
47807 1
