3728.44 2
9687.9 3
11177 4
20863.8 5
22353.9 2
23843 3
24592.1 3.33333
34278.8 3.63333
36510 3.90856
39494.2 1
46195.7 2
49179 2.5
57371.6 2.9
60354.9 3.24483
70037.6 3.55301
73766.9 3.83446
75252 4.09525
81962.5 4.33944
87177.9 4.56988
88663.1 4.78871
89412.1 4.99753
94626.5 5.19763
99094.9 5.39003
100589 5.57555
101333 5.75491
105801 5.92867
107290 6.09735
111765 6.26135
113999 6.42106
114744 6.5768
120704 6.72885
122191 1
123686 1
128152 2
131135 3
131881 4
136350 4.25
142308 4.48529
143056 4.70824
144542 4.92064
149018 5.12386
152743 5.31903
154228 5.50703
155722 5.68862
160191 5.86441
161679 6.03493
164664 6.20063
166149 6.36191
168388 1
173605 2
175095 3
175836 4
178070 4.25
179565 4.48529
189247 1
189992 2
190741 3
191486 3.33333
199678 3.63333
200423 3.90856
201912 4.16441
211599 4.40454
212344 4.63158
213833 4.84749
214583 5.05378
225010 5.25165
226499 5.44207
227245 5.62582
227989 5.80357
228734 5.97588
240656 6.14322
242146 6.306
242891 6.46458
243635 6.61927
244380 6.77034
254067 6.91805
255556 7.0626
257046 1
257791 2
258541 3
259286 4
265992 4.25
267477 4.48529
268967 4.70824
269713 4.92064
275675 5.12386
277166 5.31903
279399 5.50703
280144 5.68862
285361 5.86441
287597 6.03493
288344 6.20063
290579 6.36191
291324 6.51909
297282 6.67249
300261 6.82236
301006 6.96893
301751 7.11243
302500 7.25303
303245 7.3909
