1510.27 49.7945
5234.56 20.0054
5978.61 33.3483
16411.4 13.3321
17899.5 12.5
31312.6 10
32800.7 10
41743.4 14.2857
42488.5 15.3814
43231.5 21.4286
55154.4 16.6667
55899.5 16.6667
56642.6 16.6667
57391.6 21.0467
69310.5 21.0526
70055.6 11.7666
70800.7 16.6692
79741.4 15.3846
80486.4 15.3846
90917.2 13.3333
91662.3 13.3333
92407.3 18.75
102838 18.75
104326 17.6498
105073 17.6471
105816 22.2255
118486 19.0452
119972 19.0476
120718 19.0501
121463 19.0476
131150 23.5331
132638 26.3232
133386 27.7736
134129 27.7778
134874 27.7778
143071 31.25
145308 29.4025
146052 33.3284
146795 33.3383
147540 33.3333
148285 33.3333
157226 31.5812
159463 31.5834
160208 31.5789
160951 35.0047
161696 35
162441 35
163931 33.3333
171383 36.8421
173619 36.8421
174366 36.8369
175111 36.8317
175852 36.8421
176597 40
185539 26.6738
186285 26.6714
187028 26.6667
187773 26.6667
189263 29.4118
196714 33.3333
197461 33.3333
198204 33.3333
198949 33.3333
199694 35.7143
208636 31.2474
209381 35.2913
210125 35.2997
210870 35.2941
211615 35.2941
212360 35.2941
220557 37.5
221302 37.5
222045 41.183
222791 41.1765
230987 28.5742
231733 28.5714
232476 28.5714
233221 28.5714
244399 22.2206
245144 22.2222
245891 26.3121
258555 11.1111
259300 11.1128
271221 11.7647
272709 11.1128
285376 10.5271
286122 15
286866 15.7895
298787 16.6667
299533 16.6667
300277 21.0556
301022 21.0526
312944 21.0526
313689 21.0541
324120 13.3321
325609 17.6485
326356 17.6457
336040 18.7516
337533 18.7437
338277 18.75
