2984.38 2
7454.73 3
8942.85 4
17139.5 2
18628.6 2.5
19377.7 2.9
20122.7 3.24483
32785.7 3.55301
33533.8 3.83446
35019.9 4.09525
43217.5 4.33944
43961.6 4.56988
45450.7 4.78871
46194.7 4.99753
55138.4 5.19763
55882.5 5.39003
57371.6 5.57555
58115.7 1
70783.7 2
71528.7 3
73021.8 3.33333
86432.9 3.63333
87174.9 3.90856
88664.1 1
98351.8 2
99095.9 2.5
108038 2.9
108782 3.24483
120704 3.55301
121448 1
122192 2
134862 2.5
135604 2.9
144545 3.24483
145289 3.55301
157211 3.83446
157955 4.09525
158700 4.33944
171368 1
172112 2
173605 3
185524 3.33333
186268 3.63333
187012 3.90856
198935 4.16441
199679 4.40454
200423 4.63158
210856 4.84749
211600 5.05378
212344 5.25165
213089 5.44207
225012 5.62582
225757 5.80357
226500 5.97588
227245 6.14322
227990 6.306
240657 1
242148 2
242895 3
243640 4
244381 4.25
254068 4.48529
254814 4.70824
255557 4.92064
257047 5.12386
264500 5.31903
265245 5.50703
265988 5.68862
267478 1
268967 2
277166 3
277913 3.33333
286851 3.63333
287597 3.90856
288340 4.16441
298027 4.40454
298772 4.63158
299515 4.84749
300261 5.05378
310692 5.25165
311438 5.44207
312181 1
312927 2
313676 3
325595 1
326340 2
327087 2.5
335280 2.9
336025 3.24483
345713 3.55301
346458 1
347199 2
354653 2.5
355399 2.9
362103 3.24483
362848 3.55301
