1491.12 0
5216.41 0
5961.46 0
11921.9 0
13412 1
14157.1 1
15647.2 1
26078 2
27568.1 2
29058.3 2
40979.2 2
47684.7 2
48429.8 2
56625.4 2
57370.5 2
68546.3 2
69291.4 2
70036.5 2
83447.5 2
84192.6 2
97603.6 2
98348.7 2
112505 2
113250 2
113995 2
124426 2
125171 2
125916 2
126661 2
137837 2
139327 2
140072 2
140817 2
141562 2
153483 2
155718 2
156463 2
157208 2
167639 2
168384 2
169129 2
180305 2
181050 2
181795 2
183285 2
195206 2
196696 2
197441 2
198186 2
199677 2
209362 2
210852 2
211597 2
212343 2
213833 2
215323 2
223518 2
225754 2
226499 2
227244 2
228734 2
230224 2
230969 2
239165 2
240655 2
242890 2
243635 2
251086 2
252576 2
253321 2
256301 2
257046 2
265987 2
268222 2
281633 2
297279 2
298769 2
307710 2
309200 2
319631 2
321121 2
322611 2
330062 2
331552 2
339747 2
341983 2
343473 2
347943 2
350178 2
350923 2
351668 2
355394 2
356139 2
356884 2
357629 2
361354 2
362099 2
362844 2
363589 2
365079 2
368805 2
369550 2
370295 2
