2257.32 1946.32
6723.67 4466.35
9704.9 7446.58
19389.7 12666
21628.8 11923.9
33549.8 14160.1
34294.8 12666
41743.4 8193.64
42486.5 8191.64
43230.5 8934.7
49937 8193.64
50682.1 8195.64
51426.2 8195.64
52916.3 9684.75
61112.9 11175.9
61858 11175.9
62602 11175.9
64092.1 11175.9
75269 14156.1
76014.1 14900.2
76758.1 14900.2
78248.2 15646.2
78993.3 14901.2
90170.2 14901.2
90915.2 14901.2
91660.3 15645.2
93154.4 16396.3
94639.5 16391.3
95384.6 16391.3
105817 12663
107311 14155.1
108053 13413
108798 13413
119973 11920.9
120719 12665
122207 13409
134130 14156.1
134875 14156.1
135618 13411
136363 14155.1
147541 13411
148286 13411
149031 13413
149774 13411
151264 14900.2
158717 11175.9
160205 11918.9
160950 11918.9
161695 11920.9
163185 11920.9
171383 12666
172128 13410
172871 12666
173616 12666
174361 12666
175851 12666
182558 11175.9
183303 11175.9
184046 11917.9
184792 11920.9
185537 11920.9
187032 12671
187776 11924.9
196714 14156.1
197460 14156.1
198203 14156.1
198948 14900.2
210871 14156.1
211616 14900.2
212359 14899.2
213104 14901.2
214594 15646.2
227265 16394.3
228010 16394.3
228750 16391.3
229500 17140.3
230990 17886.4
231735 17141.3
239927 12662
240673 8937.7
242161 10424.8
250358 10430.8
251104 11175.9
252592 11918.9
253341 11179.9
262279 11920.9
263024 11919.9
264513 11920.9
265262 12669
266008 12667
273454 11175.9
274200 11175.9
275689 11175.9
276438 11175.9
277183 11919.9
278674 12666
285375 11920.9
286120 11920.9
287615 11925.9
289105 12667
