241 1
242 2
846 2
847 4
1241 4
1242 8
2326 8
2327 9
2446 9
2447 10
3526 10
3527 11
3645 11
3646 12
4721 12
4722 13
5326 13
5327 14
5446 14
5447 15
6046 15
6047 16
7125 16
7126 1
7246 1
7247 2
7846 2
7847 4
8446 4
8447 8
9526 8
9527 9
9641 9
9642 10
10246 10
10247 11
11326 11
11327 12
11446 12
11447 13
12046 13
12047 14
12645 14
12646 15
13725 15
13726 1
14446 1
14447 2
15526 2
15527 3
15641 3
15642 1
16721 1
16722 2
16846 2
16847 3
17926 3
17927 1
20681 1
20682 2
21286 2
21287 1
23201 1
23202 2
23806 2
23807 1
24286 1
24287 2
24766 2
24767 1
27161 1
27162 2
27642 2
27643 3
28125 3
28126 4
28606 4
28607 1
40966 1
40967 2
43486 2
43487 3
44086 3
44087 4
44681 4
44682 1
46721 1
46722 2
47326 2
47327 3
47926 3
47927 1
