1491.12 0
5216.41 0
5961.46 0
11921.9 0
13412 0
14157.1 0
15647.2 0
26078 0
27568.1 0
29058.3 0
40979.2 0
42469.3 0
43214.4 0
50664.9 0
52155.1 0
53645.2 0
54390.2 0
61840.8 0
63330.9 0
64821.1 0
66311.2 0
75996.9 0
76742 0
78232.1 0
79722.2 0
81212.3 0
92388.2 0
93133.3 0
94623.4 0
95368.4 0
96113.5 0
96858.5 0
105054 0
106544 0
107289 0
113995 0
114740 0
116230 0
116975 0
124426 0
125916 0
127406 0
128151 0
128896 0
138582 0
139327 0
140072 0
140817 0
141562 0
143052 0
154228 0
155718 0
156463 0
157208 0
157953 0
159443 0
160188 0
171364 0
172854 0
173600 0
174345 0
182540 0
183285 0
192226 0
193716 0
194461 0
205637 0
207872 0
208617 0
210107 0
222773 0
225754 0
226499 0
227989 0
237675 0
238420 0
242890 0
248850 0
250341 0
259281 0
260771 0
271947 0
274182 0
275672 0
286848 0
289084 0
291319 0
292809 0
301750 0
303985 0
312925 0
313670 0
315906 0
325591 0
326336 0
328572 0
330062 0
340493 0
341238 0
342728 0
350178 0
351668 0
353904 0
