2998.38 2610.38
10450 7451.58
11942.1 8942.7
23113.9 12664
25354.1 13412
35039.9 11925.9
36525 11170.9
37274.1 11918.9
43976.6 8936.7
46215.7 9690.75
46960.8 9686.75
47702.9 10427.8
55897.5 11920.9
57386.6 11170.9
58131.7 11170.9
58878.7 11175.9
67818.4 11920.9
69309.5 13411
70799.7 13413
71544.7 13413
72289.8 13411
82719.6 14901.2
84213.7 14904.2
85703.8 16393.3
86443.9 15644.2
99109.9 12666
100600 14155.1
109546 10435.8
111776 11175.9
119227 9681.75
119971 10424.8
122957 11180.9
131893 12666
134128 11170.9
144559 12666
146799 12671
158715 11915.9
160955 14155.1
171381 12666
174361 13406
185537 11175.9
186282 11919.9
196712 10430.8
197458 11174.9
208633 11920.9
209378 11920.9
223540 14906.2
224285 15650.2
238436 14151.1
239928 15642.2
251847 13411
254084 14156.1
265262 13415
267493 15645.2
268988 14904.2
278673 13411
281653 12665
291339 12666
294320 12667
304750 13411
306238 14898.2
307728 13408
317416 12666
319647 13409
320392 14153.1
321884 14156.1
330082 12666
332318 12671
333063 12671
334550 12666
336040 14155.1
342748 12666
343494 11175.9
344236 11172.9
344981 10430.8
346471 10430.8
348709 12668
353179 10430.8
353925 10430.8
354670 10433.8
355412 10430.8
362865 8940.7
363610 8940.7
364353 9681.75
365843 10430.8
371061 8195.64
371805 8194.64
372548 8195.64
373293 7450.58
374038 8194.64
377767 6705.52
378512 6706.52
379254 6705.52
379999 6705.52
380744 6705.52
382237 8197.64
382982 5215.41
383727 5215.41
384472 5218.41
385217 5218.41
