4473.5 2
11922.1 3
13411.2 4
23843 5
24588.1 6
26077.2 7
26822.2 1
38748.2 2
40238.3 3
41728.4 1
43218.5 2
43959.6 2
45448.7 2.5
55880.5 2.9
56625.6 3.24483
67056.4 1
67801.4 2
69290.5 2.5
81212.5 1
82702.6 2
96113.6 2.5
96858.7 2.9
108035 3.24483
108780 3.55301
119210 3.83446
119955 4.09525
121445 4.33944
128896 4.56988
130385 4.78871
131875 4.99753
132624 5.19763
142307 5.39003
143796 5.57555
145286 5.75491
146782 5.92867
148267 6.09735
157953 6.26135
159443 6.42106
160189 6.5768
161678 1
163173 2
163916 3
173600 4
175090 4.25
175835 4.48529
185521 4.70824
187010 4.92064
188500 5.12386
189246 5.31903
195951 5.50703
198187 5.68862
199676 5.86441
200422 6.03493
201911 6.20063
209366 6.36191
212343 1
213837 2
214582 3
216072 4
217557 4
225013 4.25
228734 4.48529
230228 4.70824
231713 4.92064
236187 1
239165 2
240655 3
242149 3.33333
252576 3.63333
253324 3.90856
254810 4.16441
266732 4.40454
267480 4.63158
268966 4.84749
269715 5.05378
282382 5.25165
283127 5.44207
284612 5.62582
285362 1
286107 2
295048 3
295793 3.33333
296533 3.63333
301007 3.90856
301751 4.16441
302494 4.40454
309201 4.63158
309946 4.84749
310689 5.05378
312179 5.25165
318887 1
319632 2
320377 3
321870 3.33333
322614 3.63333
331553 3.90856
333041 4.16441
333790 4.40454
344967 4.63158
346457 4.84749
