240 6000
360 4500
480 3000
600 1500
720 4500
840 3000
960 1500
1080 0
1240 6000
1360 4500
1480 3000
1600 1500
1720 7500
1840 6000
1960 4500
2080 3000
2200 9000
2320 7500
2440 6000
2560 4500
2680 10500
2800 9000
2920 7500
3040 6000
3160 12000
3280 10500
3400 9000
3520 7500
3640 13500
3760 12000
3880 10500
4000 9000
4120 7500
4240 13500
4360 12000
4480 10500
4600 9000
4720 15000
4840 13500
4960 12000
5080 10500
5200 16500
5320 15000
5440 13500
5560 12000
5680 18000
5800 16500
5920 15000
6040 13500
6160 19500
6280 18000
6400 16500
6520 15000
6640 21000
6760 19500
6880 18000
7000 16500
7120 16500
7240 21000
7360 19500
7480 18000
7600 16500
7720 22500
7840 21000
7960 19500
8080 18000
8200 22500
8320 21000
8440 19500
8560 18000
8680 24000
8800 22500
8920 21000
9040 19500
9160 22500
9280 21000
9400 19500
9520 18000
9640 19500
9760 18000
9880 16500
10000 15000
10120 13500
10240 16500
10360 15000
10480 13500
10600 12000
10720 16500
10840 15000
10960 13500
11080 12000
11200 18000
11320 16500
11440 15000
11560 13500
11680 18000
11800 16500
11920 15000
12040 13500
12160 18000
12280 16500
12400 15000
12520 13500
12640 19500
12760 18000
12880 16500
13000 15000
13120 13500
13240 19500
13360 18000
13480 16500
13600 15000
13720 19500
13840 18000
13960 16500
14080 15000
14200 19500
14320 18000
14440 16500
14560 15000
14680 19500
14800 18000
14920 16500
15040 15000
15160 19500
15280 18000
15400 16500
15520 15000
15640 18000
15760 16500
15880 15000
16000 13500
16120 12000
16240 15000
16360 13500
16480 12000
16600 10500
16720 12000
16840 10500
16960 9000
17080 7500
17200 10500
17320 9000
17440 7500
17560 6000
17680 10500
17800 9000
17920 7500
18040 6000
18160 12000
18280 10500
18400 9000
18520 7500
18640 13500
18760 12000
18880 10500
19000 9000
19120 7500
19240 13500
19360 12000
19480 10500
19600 9000
19720 15000
19840 13500
19960 12000
20080 10500
20200 16500
20320 15000
20440 13500
20560 12000
20680 18000
20800 16500
20920 15000
21040 13500
21160 19500
21280 18000
21400 16500
21520 15000
21640 21000
21760 19500
21880 18000
22000 16500
22120 16500
22240 19500
22360 18000
22480 16500
22600 15000
22720 21000
22840 19500
22960 18000
23080 16500
23200 22500
23320 21000
23440 19500
23560 18000
23680 22500
23800 21000
23920 19500
24040 18000
24160 22500
24280 21000
24400 19500
24520 18000
24640 22500
24760 21000
24880 19500
25000 18000
25120 18000
25240 21000
25360 19500
25480 18000
25600 16500
25720 19500
25840 18000
25960 16500
26080 15000
26200 19500
26320 18000
26440 16500
26560 15000
26680 21000
26800 19500
26920 18000
27040 16500
27160 21000
27280 19500
27400 18000
27520 16500
27640 21000
27760 19500
27880 18000
28000 16500
28120 15000
28240 19500
28360 18000
28480 16500
28600 15000
28720 21000
28840 19500
28960 18000
29080 16500
29200 22500
29320 21000
29440 19500
29560 18000
29680 22500
29800 21000
29920 19500
30040 18000
30160 22500
30280 21000
30400 19500
30520 18000
30640 24000
30760 22500
30880 21000
31000 19500
31120 18000
31240 24000
31360 22500
31480 21000
31600 19500
31720 24000
31840 22500
31960 21000
32080 19500
32200 21000
32320 19500
32440 18000
32560 16500
32680 21000
32800 19500
32920 18000
33040 16500
33160 21000
33280 19500
33400 18000
33520 16500
33640 21000
33760 19500
33880 18000
34000 16500
34120 15000
34240 16500
34360 15000
34480 13500
34600 12000
34720 16500
34840 15000
34960 13500
35080 12000
35200 16500
35320 15000
35440 13500
35560 12000
35680 16500
35800 15000
35920 13500
36040 12000
36160 18000
36280 16500
36400 15000
36520 13500
36640 16500
36760 15000
36880 13500
37000 12000
37120 12000
37240 15000
37360 13500
37480 12000
37600 10500
37720 15000
37840 13500
37960 12000
38080 10500
38200 15000
38320 13500
38440 12000
38560 10500
38680 16500
38800 15000
38920 13500
39040 12000
39160 16500
39280 15000
39400 13500
39520 12000
39640 16500
39760 15000
39880 13500
40000 12000
40120 10500
40240 16500
40360 15000
40480 13500
40600 12000
40720 18000
40840 16500
40960 15000
41080 13500
41200 18000
41320 16500
41440 15000
41560 13500
41680 19500
41800 18000
41920 16500
42040 15000
42160 19500
42280 18000
42400 16500
42520 15000
42640 18000
42760 16500
42880 15000
43000 13500
43120 12000
43240 15000
43360 13500
43480 12000
43600 10500
43720 13500
43840 12000
43960 10500
44080 9000
44200 13500
44320 12000
44440 10500
44560 9000
44680 13500
44800 12000
44920 10500
45040 9000
45160 15000
45280 13500
45400 12000
45520 10500
45640 16500
45760 15000
45880 13500
46000 12000
46120 10500
46240 15000
46360 13500
46480 12000
46600 10500
46720 16500
46840 15000
46960 13500
47080 12000
47200 18000
47320 16500
47440 15000
47560 13500
47680 19500
47800 18000
47920 16500
48040 15000
48160 21000
48280 19500
48400 18000
48520 16500
48640 22500
48760 21000
48880 19500
49000 18000
49120 16500
49240 22500
49360 21000
49480 19500
49600 18000
49720 21000
49840 19500
49960 18000
