1495.27 1495.27
5216.56 3721.29
5964.61 4469.35
14160.3 8943.7
15650.4 9685.75
27573.3 13413
29063.4 13413
41728.4 12665
42474.5 13411
52160.2 10431.8
52902.3 10427.8
62588 10427.8
63333.1 11172.9
64826.2 11923.9
75999.1 13411
78237.2 13411
91645.3 15646.2
92390.3 14153.1
105056 13411
105801 14156.1
106549 14159.1
116977 11175.9
117722 11172.9
125918 8940.7
127409 9686.75
128153 10430.8
137839 11920.9
139330 11920.9
140820 12667
141564 13411
153485 15646.2
154975 15645.2
156468 15648.2
157213 15649.2
168386 11917.9
169131 12663
169877 12664
178072 9685.75
178817 9685.75
179562 9684.75
180308 10430.8
189993 11920.9
191483 12666
192228 12666
192976 12668
193719 13411
205639 13411
206384 13408
207130 13411
216818 11178.9
217563 11178.9
218306 11175.9
219053 11922.9
228736 11917.9
229479 10425.8
238422 9685.75
239165 9685.75
239913 10433.8
251088 12666
251833 12668
252579 12666
264502 13414
265247 14159.1
265992 14159.1
266737 14158.1
276418 10425.8
277165 10427.8
277911 11173.9
285358 8940.7
286105 8940.7
286852 8940.7
296534 11175.9
297281 11922.9
298027 11921.9
299517 12666
309945 13411
310692 13411
311437 14156.1
312929 14901.2
314419 14901.2
325592 14154.1
327087 14158.1
329320 14901.2
339005 13413
339748 12661
340493 13406
345708 5960.46
346453 6705.52
347201 6708.52
353159 7450.58
353904 7450.58
354652 7450.58
362099 8940.7
362844 9685.75
363592 9688.75
364338 9685.75
369550 7450.58
370295 7450.58
371040 8195.64
371790 8197.64
