2500 2000
3745.44 1245.44
3746.44 1
10236.3 6489.88
10237.3 1
11197 959.702
13431.2 2234.17
24609.1 11177.9
35779.9 11170.9
44720.6 8940.7
44721.6 1
56641.6 11919.9
58135.7 1494.12
69309.5 11173.9
69310.5 1
70054.6 744.058
80483.4 10428.8
81230.5 747.058
81231.5 1
81975.5 744.058
96134.6 14159.1
96135.6 1
96879.7 744.058
108053 11172.9
110291 2238.17
124447 14156.1
124448 1
140838 16390.3
141583 745.058
152014 10430.8
152015 1
152759 744.058
163190 10430.8
163935 745.058
163936 1
165424 1488.12
178836 13412
178837 1
179581 744.058
192242 12661
192987 745.058
205656 12669
207147 1491.12
218322 11174.9
230985 12663
230986 1
243656 12670
244401 745.058
254827 10425.8
254828 1
263768 8939.7
264513 745.058
273453 8940.7
273454 1
274948 1493.12
285379 10431.8
286869 1489.12
286870 1
288359 1489.12
298041 9682.75
298785 744.058
313692 14906.2
313693 1
327099 13406
337529 10430.8
337530 1
345725 8194.64
346470 745.058
352431 5960.46
352432 1
353924 1492.12
356156 2232.17
357649 1493.12
357650 1
359139 1489.12
361375 2236.17
362864 1489.12
363610 746.058
365100 1489.12
365101 1
365846 745.058
366590 744.058
367335 745.058
368080 745.058
368825 745.058
368826 1
369570 744.058
370315 745.058
371060 745.058
371805 745.058
372550 745.058
373295 745.058
373296 1
374040 744.058
374785 745.058
375530 745.058
376275 745.058
377021 745.058
377766 745.058
378511 745.058
379256 745.058
379257 1
