4574.69 1.5
9149.39 1.83333
13724.1 2.10606
18298.8 2.34347
18681.2 2.55683
22873.5 2.75238
23258.9 2.93404
27448.2 3.10446
27836.6 3.26552
32022.9 3.41863
32405.3 3.38642
32786.8 3.38642
36597.6 3.53407
36983 3.67555
37364.5 3.81159
41172.3 3.94277
41560.7 4.06958
41942.2 4.19244
45746.9 4.31171
46138.4 4.42767
46519.9 4.3277
46901.4 4.3277
50321.6 4.44323
50714.1 4.55576
51097.6 4.66551
51479.1 4.77268
54896.3 4.87744
55289.8 4.97996
55675.3 5.08036
56056.7 5.17878
59471 5.27533
59864.5 5.37011
60251 5.46321
60632.4 5.28973
61013.9 5.28973
64045.7 5.38425
64439.2 5.47712
64825.7 5.56841
65208.1 5.6582
65591.6 5.74657
68620.4 5.83357
69013.9 5.91928
69400.4 6.00375
69783.8 6.08704
70169.3 6.16918
73195.1 6.25023
73588.6 6.33022
73975.1 6.40921
74357.5 6.1641
74739 6.1641
75120.5 6.1641
77769.8 6.24521
78163.3 6.32527
78549.7 6.40432
78932.2 6.48239
79313.7 6.48163
79696.2 6.48163
82344.5 6.48163
82740 6.48163
83124.4 6.48163
83506.9 6.48163
83888.4 6.48163
84271.9 6.4802
86940.1 6.4802
87320.6 6.4802
87702.1 6.4802
88083.6 6.4802
88465 6.4802
88846.5 6.4802
91515.8 6.47882
91897.3 6.47882
92278.8 6.47882
92660.2 6.47882
93041.7 6.47882
93423.2 6.47882
96091.5 6.47882
96474 6.47679
96855.5 6.47679
97236.9 6.47679
97618.4 6.47679
97999.9 6.47679
101045 6.47679
101426 6.47679
101808 6.22947
102189 6.22947
102571 6.22947
102952 6.22947
105622 6.30973
106004 6.38897
106385 6.46723
106767 6.46503
107148 6.46503
107530 6.46503
110200 6.46503
110581 6.46503
110963 6.46503
111344 6.46503
111726 6.46293
112107 6.46293
114778 6.46293
115159 6.46293
115541 6.46293
115922 6.46293
116303 6.46293
116685 6.46091
119355 6.46091
119737 6.46091
120118 6.46091
120500 6.46091
120881 6.46091
121263 6.46091
123933 6.45898
124314 6.45898
124696 6.45898
125077 6.45898
125459 6.45898
125840 6.45898
128511 6.45898
128892 6.45713
129273 6.45713
129655 6.45713
130036 6.45713
130418 6.45713
133088 6.45713
133470 6.45713
133851 6.45536
134233 6.45536
134614 6.45536
134996 6.45536
137666 6.45536
138047 6.45536
138429 6.45536
138810 6.45366
139192 6.45366
139573 6.45366
142243 6.45366
142625 6.45366
143006 6.45366
143388 6.45366
143769 6.45204
144151 6.45204
146821 6.45204
147203 6.45204
147584 6.45204
147965 6.45204
148347 6.45204
148728 6.45048
151399 6.45048
151780 6.45048
152162 6.45048
152543 6.45048
152925 6.45048
153306 6.45048
155976 6.44899
156358 6.44899
156739 6.44899
157121 6.44899
157502 6.44899
157884 6.44899
160554 6.44899
160935 6.44757
161317 6.44757
161698 6.44757
162080 6.44757
162461 6.44757
165132 6.44757
165513 6.44757
165895 6.4462
166276 6.4462
166657 6.4462
167039 6.4462
169709 6.4462
170091 6.4462
170472 6.4462
170854 6.44489
171235 6.44489
171617 6.44489
174287 6.44489
174668 6.44489
175050 6.44489
175431 6.44489
175813 6.44364
176194 6.44364
178865 6.44364
179246 6.44364
179627 6.44364
180009 6.44364
180390 6.44364
180772 6.44244
183442 6.44244
183824 6.44244
184205 6.44244
184587 6.44244
184968 6.44244
185350 6.44244
188020 6.44129
188401 6.44129
188783 6.44129
189164 6.44129
189546 6.44129
189927 6.44129
192597 6.44129
192979 6.44019
193360 6.44019
193742 6.44019
194123 6.44019
194505 6.44019
197175 6.44019
197557 6.44019
197938 6.43914
198319 6.43914
198701 6.43914
199082 6.43914
201753 6.43914
202134 6.43914
202516 6.43914
202897 6.43813
203279 6.43813
203660 6.43813
206330 6.43813
206712 6.43813
207093 6.43813
207475 6.43813
207856 6.43716
208238 6.43716
210908 6.43716
211289 6.43716
211671 6.43716
212052 6.43716
212434 6.43716
212815 6.43623
215486 6.43623
215867 6.43623
216249 6.43623
216630 6.43623
217011 6.43623
217393 6.43623
220063 6.43535
220445 6.43535
220826 6.43535
221208 6.43535
221589 6.43535
221971 6.43535
224641 6.43535
225022 6.4345
225404 6.4345
225785 6.4345
226167 6.4345
226548 6.4345
229219 6.4345
229600 6.4345
229981 6.43369
230363 6.43369
230744 6.43369
231126 6.43369
233796 6.43369
234178 6.43369
234559 6.43369
234941 6.43291
235322 6.43291
235704 6.43291
238374 6.43291
238755 6.43291
239137 6.43291
239518 6.43291
239900 6.43216
240281 6.43216
242951 6.43216
243333 6.43216
243714 6.43216
244096 6.43216
244477 6.43216
244859 6.43145
247529 6.43145
247911 6.43145
248292 6.43145
248673 6.43145
249055 6.43145
249436 6.43145
252107 6.43076
252488 6.43076
252870 6.43076
253251 6.43076
253633 6.43076
254014 6.43076
256684 6.43076
257066 6.43011
257447 6.43011
257829 6.43011
258210 6.43011
258592 6.43011
261262 6.43011
261643 6.43011
262025 6.42948
262406 6.42948
262788 6.42948
263169 6.42948
265840 6.42948
266221 6.42948
266603 6.42948
266984 6.42888
267365 6.42888
267747 6.42888
270417 6.42888
270799 6.42888
271180 6.42888
271562 6.42888
271943 6.42831
272325 6.42831
274995 6.42831
275376 6.42831
275758 6.42831
276139 6.42831
276521 6.42831
276902 6.42775
279573 6.42775
279954 6.42775
280335 6.42775
280717 6.42775
281098 6.42775
281480 6.42775
284150 6.42723
284532 6.42723
284913 6.42723
285295 6.42723
285676 6.42723
286058 6.42723
288728 6.42723
289109 6.42672
289491 6.42672
289872 6.42672
290254 6.42672
290635 6.42672
293305 6.42672
293687 6.42672
294068 6.42624
294450 6.42624
294831 6.42624
295213 6.42624
297883 6.42624
298265 6.42624
298646 6.42624
299027 6.42577
299409 6.42577
299790 6.42577
302461 6.42577
302842 6.42577
303224 6.42577
303605 6.42577
303987 6.42533
304368 6.42533
307038 6.42533
307420 6.42533
307801 6.42533
308183 6.42533
308564 6.42533
308946 6.4249
311616 6.4249
311997 6.4249
312379 6.4249
312760 6.4249
313142 6.4249
313523 6.4249
316194 6.4245
316575 6.4245
316957 6.4245
317338 6.4245
317719 6.4245
318101 6.4245
320771 6.4245
321153 6.42411
321534 6.42411
321916 6.42411
322297 6.42411
322679 6.42411
325349 6.42411
325730 6.42411
326112 6.42373
326493 6.42373
326875 6.42373
327256 6.42373
329927 6.42373
330308 6.42373
330689 6.42373
331071 6.42338
331452 6.42338
331834 6.42338
334504 6.42338
334886 6.42338
335267 6.42338
335649 6.42338
336030 6.42303
336412 6.42303
339082 6.42303
339463 6.42303
339845 6.42303
340226 6.42303
340608 6.42303
340989 6.42271
343659 6.42271
344041 6.42271
344422 6.42271
344804 6.42271
345185 6.42271
345567 6.42271
348237 6.42239
348619 6.42239
349000 6.42239
349381 6.42239
349763 6.42239
350144 6.42239
352815 6.42239
353196 6.42209
353578 6.42209
353959 6.42209
354341 6.42209
354722 6.42209
357392 6.42209
357774 6.42209
358155 6.4218
358537 6.4218
358918 6.4218
359300 6.4218
361970 6.4218
362351 6.4218
362733 6.4218
363114 6.42153
363496 6.42153
363877 6.42153
366548 6.42153
366929 6.42153
367311 6.42153
367692 6.42153
368074 6.42126
368455 6.42126
371125 6.42126
371507 6.42126
371888 6.42126
372270 6.42126
372651 6.42126
373033 6.42101
375703 6.42101
376084 6.42101
376466 6.42101
376847 6.42101
377229 6.42101
377610 6.42101
380281 6.42077
380662 6.42077
381043 6.42077
381425 6.42077
381806 6.42077
382188 6.42077
384858 6.42077
385240 6.42053
385621 6.42053
386003 6.42053
386384 6.42053
386766 6.42053
389436 6.42053
389817 6.42053
390199 6.42031
390580 6.42031
390962 6.42031
391343 6.42031
394013 6.42031
394395 6.42031
394776 6.42031
395158 6.4201
395539 6.4201
395921 6.4201
398591 6.4201
398973 6.4201
399354 6.4201
399735 6.4201
400117 6.41989
400498 6.41989
403169 6.41989
403550 6.41989
403932 6.41989
404313 6.41989
404695 6.41989
405076 6.4197
407746 6.4197
408128 6.4197
408509 6.4197
408891 6.4197
409272 6.4197
409654 6.4197
412324 6.41951
412705 6.41951
413087 6.41951
413468 6.41951
413850 6.41951
414231 6.41951
416902 6.41951
417283 6.41933
417665 6.41933
418046 6.41933
418428 6.41933
418809 6.41933
421479 6.41933
421861 6.41933
422242 6.41916
422625 6.41916
423006 6.41916
423388 6.41916
