3728.44 19.9831
9687.9 12.5021
11177 20.0054
20863.8 13.3333
21608.8 18.75
22353.9 19.9982
23097.9 25
34274.8 22.2222
35767.9 24.995
36513 24.995
37258.1 28.566
38003.1 28.566
39489.2 30.4366
40979.3 29.1667
42469.5 30.7692
52156.2 21.0571
53645.3 21.0526
55134.4 21.0541
56624.6 21.0541
64077.1 25
65566.3 25
67060.4 27.7695
68550.5 27.7674
70780.7 26.3158
78978.3 25
81956.5 16.6729
84196.7 16.6605
91644.3 17.6471
96857.7 11.7694
105055 11.1111
110269 11.1111
120705 7.13943
121450 13.3274
132622 12.5031
133366 12.5052
146034 11.1111
146777 15.7917
160935 10
162428 9.52077
176581 5.26427
177326 10.002
189995 11.1086
191481 10.5271
200424 14.2885
201912 18.7563
210855 14.2857
212343 14.2857
224266 11.1111
225754 11.1111
226503 15.785
239167 15
239911 15.7884
240659 15.7895
242145 19.0525
249598 16.6704
251086 21.4368
252580 21.4204
259282 23.0793
260771 23.0769
262266 23.0769
263010 28.5742
271203 25
272692 25
274187 25
274931 25
276418 27.784
286851 23.808
288343 23.8034
289829 23.8156
290578 23.808
300261 18.7547
301009 19.9928
301754 20
309201 25
309946 25.0084
310690 30.7819
312180 28.5824
320377 26.6667
321122 26.6667
321866 26.6667
322611 31.25
324101 31.25
334533 26.3158
335281 26.3102
336026 26.3084
336771 26.3084
338258 26.3158
339003 30
348690 18.7531
349437 23.5294
350178 25
350923 25
359121 28.5714
359866 28.5769
360609 28.5714
361354 33.3333
362848 31.2395
371787 29.4118
372532 29.4118
373277 29.4071
