2235.17 0
6705.52 0
8195.64 0
15646.2 0
16391.3 0
17881.4 2
29057.3 2
29802.3 3
31292.4 3
38743 3
39488.1 3
47683.7 3
48428.8 3
58859.6 3
59604.6 3
61094.8 3
72270.6 3
73015.7 3
74505.8 3
75250.9 3
81956.4 3
82701.4 3
83446.5 3
92387.2 3
93132.3 3
93877.3 3
94622.4 3
105053 3
106543 3
107288 3
108033 3
108778 3
118464 3
119954 3
120699 3
121444 3
122190 3
131875 3
132620 3
133365 3
141561 3
142306 3
143051 3
143796 3
152737 3
153482 3
154227 3
154972 3
155717 3
167638 3
168383 3
169128 3
169873 3
170618 3
183284 3
184029 3
184774 3
198185 3
198931 3
199676 3
200421 3
214577 3
215322 3
227988 3
228733 3
239909 3
240654 3
250340 3
251085 3
251830 3
264496 3
265241 3
265986 3
266731 3
282377 3
283122 3
293553 3
294298 3
295043 3
303239 3
304729 3
305474 3
306219 3
315160 3
317395 3
318140 3
318885 3
319630 3
326335 3
329316 3
330061 3
330806 3
331551 3
335276 3
336021 3
339001 3
339746 3
340492 3
341237 3
346452 3
347197 3
348687 3
