1490.12 0
5215.41 0
5960.46 0
10430.8 0
12666 1
14156.1 1
14901.2 1
25332 2
27567.1 2
28312.2 2
37998 2
45448.5 2
46938.7 2
55879.4 2
58114.5 2
69290.4 2
70780.5 2
71525.6 2
80466.3 2
81211.3 2
89407 2
90897.1 2
91642.1 2
102073 2
103563 2
104308 2
105798 2
116974 2
117719 2
119209 2
130385 2
131130 2
140071 2
140816 2
151247 2
151992 2
164658 2
166148 2
166893 2
180304 2
182539 2
194460 2
196695 2
213087 2
227243 2
238419 2
239164 2
248849 2
249594 2
261515 2
263005 2
263751 2
277907 2
280142 2
280887 2
281632 2
289828 2
292063 2
292808 2
301003 2
302494 2
303984 2
312179 2
314415 2
315905 2
316650 2
323355 2
325590 2
327080 2
327826 2
328571 2
332296 2
334531 2
336766 2
337511 2
338256 2
341982 2
342727 2
344962 2
347942 2
349432 2
350177 2
350922 2
351667 2
353158 2
354648 2
356883 2
357628 2
358373 2
359118 2
359863 2
361353 2
362843 2
363588 2
365824 2
366569 2
367314 2
368059 2
368804 2
370294 2
372529 2
373274 2
374019 2
