4473.5 4473.5
10433 5959.46
12667.1 8193.64
21608.8 11175.9
23097.9 12665
25338.1 12671
26828.2 14161.1
35763.9 14155.1
37255.1 15646.2
40239.3 13411
47689.9 11925.9
49921 12666
51414.2 11174.9
53645.3 13406
60351.9 12662
61842 11920.9
63336.1 11921.9
66311.3 12666
67056.4 13411
73766.9 13415
78982.3 12671
80471.4 13415
86428.9 12662
90153.2 11170.9
96859.7 10430.8
100584 10430.8
108781 11920.9
113250 12666
114744 14160.1
123683 14902.2
128156 14906.2
129645 14901.2
130386 15642.2
138584 14901.2
143052 14896.2
144546 14901.2
145292 14906.2
151253 12669
152742 14158.1
156464 13412
158704 14157.1
159444 14151.1
164661 13408
165406 12664
166151 13409
170620 14156.1
173605 14901.2
174345 14901.2
183286 12666
184030 13410
185525 11919.9
186266 11920.9
195952 12666
196696 12666
198192 12667
198932 12666
199682 13416
210854 14901.2
212347 13415
213093 13411
222028 11174.9
222779 10431.8
223523 10429.8
225013 11919.9
232464 10435.8
233209 10430.8
233953 10430.8
234698 9685.75
235443 10430.8
242891 10426.8
243635 10425.8
244384 10430.8
245129 10430.8
245874 10430.8
254812 11920.9
255556 12665
256305 12670
257050 12666
257795 12666
258540 12666
269717 14905.2
270462 14906.2
271206 15650.2
271952 15647.2
272697 15647.2
273442 15647.2
274187 15646.2
286108 16391.3
286854 14156.1
287599 14156.1
288344 14157.1
300261 12662
301010 13411
301754 13410
312180 11919.9
312927 11916.9
322611 10430.8
324105 11178.9
334533 11921.9
336027 11921.9
