2678.17 0
6403.46 0
10128.8 0
11618.9 0
18324.4 1
19069.5 1
22794.7 1
25029.9 1
33970.6 1
35460.7 1
36205.8 1
43656.4 1
44401.4 1
45146.5 1
46636.6 1
54087.2 1
54832.2 1
55577.3 1
57067.4 1
66753.2 1
67498.2 1
68243.3 1
69733.4 1
70478.5 1
80164.2 1
80909.3 1
81654.3 1
83144.4 1
83889.5 1
84634.6 1
95065.4 1
95810.4 1
96555.5 1
97300.5 1
109221 1
109967 1
110712 1
111457 1
124123 1
124868 1
125613 1
126358 1
127103 1
137534 1
138279 1
139024 1
149455 1
150200 1
150945 1
162866 1
164356 1
165101 1
165846 1
177022 1
178512 1
179257 1
180002 1
190433 1
191178 1
191923 1
202354 1
203844 1
204589 1
205334 1
217255 1
219490 1
220235 1
220980 1
221725 1
233646 1
234391 1
246312 1
247057 1
258978 1
259723 1
273879 1
274624 1
288780 1
290271 1
300701 1
302192 1
311877 1
313367 1
321563 1
323053 1
324543 1
332739 1
334229 1
334974 1
336464 1
340935 1
343170 1
343915 1
352110 1
352855 1
354346 1
362541 1
364031 1
365521 1
366267 1
375207 1
378187 1
378932 1
