487 487
1087 587
1487 487
1967 467
2686 686
3162 662
3887 887
4367 867
4967 967
5686 1186
6287 1287
6767 1267
7487 1487
8087 1587
8682 1682
9166 1666
9887 1887
10487 1987
10967 1967
11682 2182
12287 2287
12887 2387
13367 2367
14447 2447
15162 2662
15642 2642
16126 2626
16847 2847
17206 2706
17807 2807
18287 2787
18767 2767
19487 2987
19967 2967
20567 3067
21162 3162
21527 3027
22007 3007
22607 3107
23087 3087
24047 3047
24527 3027
25007 3007
25607 3107
26206 3206
26682 3182
27767 3267
28247 3247
28967 3467
29447 3447
30166 3666
30767 3767
31847 3847
32203 3703
32807 3807
33163 3663
33642 3642
34247 3747
34847 3847
35807 3807
36166 3666
36767 3767
37126 3626
37607 3607
38202 3702
38807 3807
39642 3642
40126 3626
40722 3722
41087 3587
41567 3567
42162 3662
42767 3767
43726 3726
44203 3703
44807 3807
45163 3663
45642 3642
46126 3626
46607 3607
47682 3682
48047 3547
48642 3642
49007 3507
49367 3367
49967 3467
