2674 2000
4172.44 1498.44
4173.44 1
11169.3 6995.88
11170.3 1
13110.1 1939.82
14604.7 1494.55
28013.3 13408.6
30995.5 2982.23
30996.5 1
38444.1 7447.58
39189.2 745.058
40677.3 1488.12
40678.3 1
50365 9686.75
53347.3 2982.23
53348.3 1
63031 9682.75
65265.2 2234.17
66010.3 745.058
77189.1 11178.9
77190.1 1
92089.3 14899.2
92090.3 1
92834.3 744.058
104755 11920.9
105500 745.058
106987 1487.12
118911 11923.9
118912 1
119656 744.058
121144 1487.12
132322 11178.9
133067 745.058
133068 1
149459 16390.3
150946 1487.12
150947 1
162126 11178.9
163612 1486.12
165106 1494.12
174045 8938.7
174046 1
174791 745.058
176278 1487.12
186711 10432.8
187456 745.058
187457 1
188944 1487.12
189689 745.058
200869 11179.9
201614 745.058
203100 1486.12
204594 1494.12
204595 1
205339 744.058
214278 8938.7
217260 2982.23
217261 1
218746 1485.12
227689 8942.7
229177 1488.12
230667 1490.12
231413 746.058
231414 1
239611 8196.64
243334 3723.29
244827 1493.12
253767 8939.7
256001 2234.17
257489 1488.12
257490 1
267179 9688.75
270902 3723.29
272391 1489.12
280588 8196.64
280589 1
282821 2232.17
291019 8197.64
292507 1488.12
294743 2236.17
294744 1
303685 8940.7
305173 1488.12
308154 2981.23
309643 1489.12
309644 1
317095 7450.58
318584 1489.12
321565 2981.23
323800 2235.17
324545 745.058
337956 13411
340940 2983.23
341685 745.058
351367 9682.75
352113 745.058
352857 744.058
352858 1
361799 8941.7
362546 747.058
363287 741.058
