4489.5 19.2746
12687.1 9.08869
14921.3 14.2843
29079.4 9.09035
29823.5 9.99933
39509.2 14.2871
40254.3 14.2857
40999.3 20
51430.2 18.75
52921.3 17.6457
53665.3 17.6471
54411.4 22.2206
64096.1 14.2857
64841.2 20
65585.3 20.0036
76762.1 17.6471
77507.2 17.6471
78251.2 17.6471
78996.3 22.2222
91663.3 20
92408.3 20
93152.4 20
93899.5 19.9973
94644.5 23.8065
106564 25
107311 16.6667
108054 16.6692
116993 21.4327
117740 21.4306
127424 14.2857
128171 14.2857
140838 11.1086
141583 11.1103
142328 15.7884
155736 10.5285
156481 10.5285
165422 8.33333
166167 15.3846
174366 16.6611
175111 16.6611
184048 15.3894
184794 21.4347
186285 20.0036
195972 18.7453
197461 17.6457
198205 22.2222
199696 22.2222
206402 28.5742
207891 28.5714
209381 26.6643
211615 25.0042
212360 29.4164
217579 33.3304
219067 33.3333
220557 33.3333
222791 33.3333
223536 33.3333
224283 37.4937
229497 37.5094
230242 40.0036
230990 42.8489
233223 42.8489
233966 42.8571
239930 25.0028
240673 30.7788
242164 33.3333
243654 30.7629
250359 28.5769
251107 28.5632
252595 28.5714
254085 28.5714
254828 33.3393
263027 29.4071
263770 29.4187
265263 29.4071
266753 29.4071
267494 29.4118
268243 33.3234
277183 31.5789
280160 12.5042
280905 17.6526
290594 16.6667
291339 21.0526
294316 21.0526
295806 20
301766 26.6762
302515 26.6667
306241 24.9916
307729 27.7736
308476 29.4025
312946 33.3214
313692 33.3304
315924 38.4735
321141 27.2727
321882 27.2894
324119 27.2727
330082 25
331573 23.065
332318 28.5577
334550 28.5714
