1507.12 0
5232.41 0
5977.46 0
14173.1 1
15663.2 1
16408.3 1
17898.4 1
27584.1 2
31309.4 2
32054.5 3
32799.6 3
41740.3 3
42485.3 3
43230.4 3
55151.3 3
55896.4 3
68562.3 3
69307.4 3
83463.5 3
84208.6 3
99109.7 3
99854.8 3
111031 3
111776 3
112521 3
122207 3
122952 3
123697 3
124442 3
135618 3
136363 3
147538 3
148284 3
149029 3
162440 3
163185 3
163930 3
164675 3
174361 3
175851 3
176596 3
177341 3
178086 3
184791 3
187027 3
187772 3
188517 3
189262 3
196712 3
198202 3
200438 3
201183 3
201928 3
202673 3
211613 3
212359 3
213104 3
215339 3
222789 3
223534 3
224279 3
225770 3
233220 3
233965 3
234710 3
236200 3
236945 3
242906 3
243651 3
244396 3
245886 3
247376 3
248121 3
255572 3
256317 3
259297 3
260042 3
269728 3
270473 3
272708 3
273453 3
283139 3
283884 3
285374 3
287609 3
288354 3
296550 3
297295 3
298040 3
298785 3
301020 3
309216 3
309961 3
310706 3
312941 3
320392 3
321882 3
322627 3
324117 3
325607 3
333058 3
333803 3
334548 3
336038 3
