2822 2000
4917.5 2095.5
4918.5 1
13108.5 8189.99
13109.5 1
13856.6 747.133
16090.4 2233.74
30250.5 14160.1
31737.6 1487.12
31738.6 1
39189.2 7450.58
40678.3 1489.12
42168.4 1490.12
42169.4 1
51855.2 9685.75
53344.3 1489.12
54834.4 1490.12
56324.5 1490.12
66011.3 9686.75
66012.3 1
70483.6 4471.35
80169.4 9685.75
81656.5 1487.12
84639.7 2983.23
92833.3 8193.64
92834.3 1
94322.5 1488.12
96556.6 2234.17
103264 6707.52
104009 745.058
104010 1
116675 12665
117420 745.058
118164 744.058
130086 11921.9
130831 745.058
130832 1
131575 743.058
144242 12667
144987 745.058
145732 745.058
145733 1
146477 743.058
158398 11921.9
159888 1489.12
160634 746.058
161378 744.058
175537 14159.1
176282 745.058
177024 742.058
187456 10431.8
188945 1489.12
199377 10431.8
200122 745.058
210553 10430.8
210554 1
211298 744.058
221728 10430.8
223218 1489.12
223219 1
223964 745.058
235884 11920.9
237374 1489.12
238120 746.058
238864 744.058
238865 1
253766 14901.2
254513 747.058
255255 742.058
264942 9686.75
265687 745.058
265688 1
266431 743.058
276865 10433.8
277608 743.058
278352 744.058
278353 1
279097 744.058
291019 11921.9
293256 2237.17
294743 1487.12
303687 8943.7
305174 1487.12
306664 1490.12
306665 1
315607 8941.7
319329 3722.29
319330 1
329018 9687.75
331997 2979.23
332742 745.058
340939 8196.64
340940 1
343918 2978.23
344663 745.058
349134 4471.35
350623 1489.12
350624 1
352858 2233.17
353604 746.058
358075 4471.35
360309 2234.17
