2441 2000
2683.32 242.323
2684.32 1
7167.97 4483.65
7168.97 1
10131.9 2962.93
11623 1491.12
22799.9 11176.9
25033.1 2233.17
25034.1 1
33970.8 8936.7
35460.9 1490.12
36208.9 748.058
36209.9 1
44401.6 8191.64
46641.7 2240.17
47384.8 743.058
61537.9 14153.1
61538.9 1
74954 13415
76443.1 1489.12
88360 11916.9
99535.9 11175.9
99536.9 1
111457 11919.9
112947 1490.12
124868 11920.9
124869 1
127107 2238.17
136789 9681.75
138283 1494.12
138284 1
139773 1489.12
152440 12667
153929 1489.12
154670 741.058
156164 1494.12
156165 1
167337 11171.9
168830 1493.12
170320 1490.12
171061 741.058
171811 749.058
171812 1
180007 8195.64
181496 1489.12
182982 1486.12
183727 745.058
184476 749.058
194903 10426.8
194904 1
195648 744.058
196393 745.058
204589 8195.64
207574 2985.23
216510 8935.7
216511 1
218749 2238.17
228431 9681.75
229925 1494.12
231415 1490.12
231416 1
244077 12661
245571 1494.12
260468 14897.2
261213 745.058
271644 10430.8
271645 1
272389 744.058
285055 12666
300702 15646.2
300703 1
313368 12665
314113 745.058
326780 12667
326781 1
337959 11178.9
339449 1489.12
346152 6703.52
347644 1492.12
347645 1
355093 7447.58
355841 748.058
356585 744.058
356586 1
364782 8195.64
365527 745.058
366271 744.058
367761 1490.12
373722 5961.46
373723 1
374467 744.058
375211 744.058
375956 745.058
376701 745.058
377447 745.058
377448 1
378192 744.058
378937 745.058
379682 745.058
380427 745.058
381172 745.058
