2252.17 0
6722.52 0
9702.75 0
17153.3 1
18643.5 1
19388.5 1
21623.7 1
30564.4 2
33544.6 2
34289.7 2
40995.2 2
41740.3 2
51426 2
52171.1 2
53661.2 2
62601.9 2
63346.9 2
64837.1 2
74522.8 2
76012.9 2
76758 2
87188.8 2
88678.9 2
89424 2
90169 2
97619.6 2
98364.7 2
99109.7 2
99854.8 2
101345 2
109541 2
110286 2
111031 2
111776 2
113266 2
122952 2
123697 2
125187 2
135618 2
137108 2
146048 2
146793 2
159459 2
160204 2
161695 2
175851 2
176596 2
178086 2
178831 2
191497 2
192242 2
193732 2
194477 2
195222 2
204163 2
204908 2
205653 2
214594 2
215339 2
216084 2
225770 2
227260 2
228005 2
228750 2
239181 2
241416 2
242161 2
242906 2
244396 2
254082 2
256317 2
257807 2
258552 2
260042 2
260787 2
268238 2
270473 2
271963 2
273453 2
281649 2
283139 2
283884 2
285374 2
295060 2
296550 2
297295 2
298785 2
299530 2
311451 2
312196 2
313686 2
324117 2
325607 2
331568 2
333058 2
341254 2
342744 2
343489 2
353920 2
355410 2
356155 2
356900 2
364350 2
