1507.12 0
5232.41 0
5977.46 0
14173.1 1
15663.2 1
16408.3 1
17898.4 1
27584.1 2
31309.4 2
32054.5 3
32799.6 3
40250.1 3
49935.9 3
50680.9 3
61111.8 3
61856.8 3
73032.7 3
73777.7 3
84953.6 3
86443.7 3
96129.5 3
96874.5 3
108050 3
108795 3
120716 3
121461 3
122207 3
134127 3
134873 3
144558 3
145303 3
157224 3
157969 3
158714 3
172870 3
173616 3
174361 3
175106 3
187027 3
188517 3
189262 3
190007 3
190752 3
199693 3
201183 3
201928 3
210123 3
211613 3
212359 3
220554 3
222044 3
222789 3
224279 3
233220 3
234710 3
235455 3
236945 3
237691 3
248866 3
251102 3
252592 3
266003 3
266748 3
280159 3
280904 3
292825 3
293570 3
294315 3
307726 3
308471 3
309216 3
322627 3
323372 3
330078 3
330823 3
339018 3
339763 3
340509 3
350939 3
351684 3
352429 3
353175 3
361370 3
362115 3
362860 3
363605 3
368821 3
369566 3
370311 3
371056 3
371801 3
376271 3
377016 3
377761 3
378506 3
379252 3
379997 3
380742 3
381487 3
382232 3
382977 3
383722 3
384467 3
385212 3
