2822 2000
4917.5 2095.5
4918.5 1
13108.5 8189.99
13109.5 1
13856.6 747.133
16090.4 2233.74
31740.6 15650.2
31741.6 1
39932.2 8190.64
42167.4 2235.17
51853.2 9685.75
51854.2 1
54833.4 2979.23
65264.2 10430.8
66009.3 745.058
66010.3 1
68989.5 2979.23
79420.3 10430.8
80910.4 1490.12
81655.5 745.058
83890.7 2235.17
83891.7 1
92088.3 8196.64
94325.5 2237.17
106246 11920.9
106247 1
106989 742.058
117420 10430.8
118165 745.058
129341 11175.9
130086 745.058
141262 11175.9
142007 745.058
142008 1
153928 11919.9
154673 745.058
155417 744.058
155418 1
168086 12668
168829 743.058
169573 744.058
170318 745.058
182985 12667
182986 1
183730 744.058
184474 744.058
185220 745.058
197143 11923.9
197889 745.058
198631 742.058
209808 11177.9
210553 744.058
211297 744.058
211298 1
221729 10431.8
222473 744.058
223218 744.058
223963 745.058
223964 1
235884 11920.9
236630 745.058
238867 2237.17
251531 12664
253020 1489.12
264194 11173.9
264942 748.058
275373 10430.8
275374 1
276118 744.058
288784 12666
289531 747.058
299214 9683.75
299959 745.058
299960 1
310390 10429.8
311135 745.058
312624 1489.12
312625 1
324546 11920.9
327528 2981.23
341685 14157.1
341686 1
343172 1486.12
354349 11176.9
355094 745.058
355838 744.058
355839 1
364780 8940.7
365525 745.058
366270 745.058
367759 1489.12
367760 1
372977 5217.41
374464 1487.12
375212 748.058
376699 1487.12
377448 748.058
379683 2235.17
379684 1
380428 744.058
381170 742.058
