1935.27 1496.27
1936.27 1
4927.8 2991.53
4928.8 1
5659.56 730.76
7921.33 2261.77
8642.79 721.462
13528.9 4886.12
17584.5 4055.58
20564.7 2980.23
32481.6 11916.9
33226.7 745.058
33227.7 1
41423.3 8195.64
42911.5 1488.12
43658.5 747.058
43659.5 1
54088.3 10428.8
55577.4 1489.12
56324.5 747.058
57072.6 748.058
70483.6 13411
70484.6 1
71228.7 744.058
84635.7 13407
85381.8 746.058
86124.8 743.058
86125.8 1
98795.8 12670
99540.9 745.058
100281 740.058
111458 11176.9
112203 745.058
112204 1
121893 9688.75
122634 741.058
124123 1489.12
133064 8941.7
133065 1
133810 744.058
135299 1489.12
145730 10431.8
146476 745.058
146477 1
147965 1488.12
149455 1490.12
159887 10431.8
160632 745.058
162121 1489.12
162870 749.058
162871 1
177027 14156.1
177028 1
177771 743.058
178512 741.058
189689 11176.9
190434 745.058
191178 744.058
191179 1
191923 744.058
206084 14161.1
206085 1
207569 1484.12
216511 8941.7
218000 1489.12
218749 749.058
218750 1
229177 10426.8
230666 1489.12
231415 749.058
232161 746.058
232162 1
248552 16390.3
248553 1
261217 12664
261218 1
261963 744.058
271645 9682.75
272393 748.058
273879 1486.12
273880 1
282080 8199.64
283565 1485.12
294000 10434.8
294001 1
295486 1485.12
302941 7454.58
304427 1486.12
305922 1495.12
305923 1
314862 8938.7
316348 1486.12
318587 2239.17
320077 1490.12
320078 1
329763 9684.75
331249 1486.12
333488 2239.17
335724 2236.17
337209 1485.12
349880 12671
349881 1
351365 1484.12
