367 367
967 467
1367 367
1847 347
2567 567
3047 547
3767 767
4246 746
4847 847
5567 1067
6162 1162
6642 1142
7367 1367
7967 1467
8567 1567
9047 1547
9767 1767
10367 1867
10847 1847
11567 2067
12162 2162
12642 2142
13247 2247
13847 2347
14447 2447
15047 2547
15642 2642
16126 2626
16722 2722
17202 2702
17567 2567
18287 2787
18767 2767
19487 2987
20087 3087
20567 3067
21047 3047
21527 3027
22126 3126
22607 3107
23327 3327
23927 3427
24287 3287
24887 3387
25367 3367
25967 3467
26447 3447
27047 3547
27407 3407
27767 3267
28247 3247
28607 3107
29087 3087
29807 3307
30287 3287
31007 3507
31367 3367
31847 3347
32327 3327
32807 3307
33407 3407
33887 3387
34847 3347
35202 3202
35682 3182
36163 3163
36642 3142
37367 3367
38327 3327
38927 3427
39407 3407
39767 3267
40247 3247
40847 3347
41682 3182
42163 3163
42887 3387
43247 3247
43607 3107
44202 3202
45162 3162
45527 3027
46126 3126
46367 2867
46847 2847
47447 2947
48287 2787
48887 2887
49367 2867
