1495.27 1495.27
5216.56 3721.29
5964.61 4469.35
14160.3 8943.7
15650.4 9685.75
27573.3 13413
29061.4 13411
40234.3 12661
41727.4 12666
42471.5 13410
50665.1 10430.8
52158.2 10430.8
53648.3 11176.9
54392.4 11920.9
64080.1 13415
65569.3 13411
67059.4 13411
68549.5 14157.1
79726.4 15646.2
80471.4 16391.3
81962.5 16393.3
83450.7 16391.3
95372.6 13410
104311 8938.7
105056 9683.75
114744 10432.8
115487 10430.8
127410 12666
128899 14155.1
129643 14156.1
141567 14157.1
143056 14157.1
143799 14900.2
154232 11175.9
154978 11178.9
155721 11921.9
166899 12667
167643 12665
168387 12666
178815 11915.9
179564 12665
180308 12665
181798 13411
192976 14161.1
193721 14157.1
194464 14900.2
207127 14151.1
207872 14151.1
208617 14153.1
218303 11175.9
219793 11920.9
220538 12666
221286 12669
232459 14156.1
234699 14906.2
235444 14906.2
236190 15651.2
236935 15648.2
248851 16391.3
251836 15646.2
252576 15641.2
260772 11921.9
262265 10428.8
263010 10433.8
271948 11175.9
273437 12665
274183 11917.9
274931 11920.9
286104 14156.1
288344 14906.2
289089 15651.2
289832 15649.2
290579 15648.2
303986 17881.4
306970 18626.5
307710 17131.3
316656 12670
318144 11173.9
319634 11923.9
328572 11915.9
330065 13409
330812 12668
332300 12666
341243 12671
341988 11922.9
342731 12666
343476 12664
344221 11920.9
352415 11171.9
353160 11171.9
353907 11175.9
354652 11175.9
355397 11920.9
356887 12666
362100 9685.75
362849 9689.75
363594 9687.75
364340 9687.75
365085 9687.75
365830 10432.8
