228.666 48.8741
783.46 20.1442
895.219 33.5334
1789.29 22.2222
2015.81 27.2063
2128.56 27.1843
2351.08 30.7058
3917.7 21.0032
4029.46 24.9442
4364.74 23.7893
4475.5 22.718
4586.26 22.7365
4811.77 24.9907
5035.29 24.9814
5258.81 23.0611
7270.47 16.6667
7377.22 13.3532
7716.5 10.003
7829.26 0
8831.09 11.1555
10060.4 9.09091
10175.2 16.6295
11517.3 15.3424
11628.1 15.3846
13193.7 13.3333
13304.4 18.7605
13527 17.6564
15201.3 16.6999
15316.1 16.6667
15538.6 15.0067
15649.4 15.7969
16989.5 18.75
17101.2 18.7815
18330.6 16.6667
18442.3 23.0769
18556.1 23.0452
19898.2 21.3876
20011 21.3739
20120.7 21.4286
20232.5 26.6667
21798.1 23.5294
21909.9 23.5418
22021.6 23.517
22132.4 17.6471
22357.9 21.0328
23586.2 18.75
23810.8 11.7585
23921.5 11.7647
25150.9 16.6791
25262.6 16.6667
25485.1 21.4423
26488 25.0748
26716.5 23.0611
26938 23.0769
28056.6 21.3739
28168.3 26.6032
28279.1 28.608
28390.9 30.7692
29510.4 30.7481
29621.2 23.0769
29732 28.5897
29845.7 28.535
29957.5 21.4012
30963.3 23.0769
31074.1 18.1966
31184.8 27.3172
32527.9 21.4286
32638.7 21.4286
32749.5 21.4286
33975.8 23.1566
34087.6 28.663
34202.3 28.5897
34425.8 26.6667
35657.2 26.5874
35767.9 26.6032
35878.7 24.9581
35990.5 25
36104.2 19.9762
37440.3 18.8026
37552.1 18.792
39120.7 13.3016
39228.5 18.75
39343.2 12.4791
41020.6 11.7647
41128.4 5.88235
42809.7 6.24651
42916.5 12.5
44261.6 15.3952
44374.4 15.3319
45490.9 18.1818
45598.7 25.0748
45710.5 25.0936
47167.3 20
47389.8 18.7186
47498.6 17.6471
47613.4 17.6192
49290.7 15.7895
49513.3 15.7895
