2984.38 24.9652
7454.73 16.6667
8942.85 25.0084
17139.5 15.3862
18628.6 20.0036
19377.7 21.4204
20122.7 26.6571
32785.7 11.1136
33533.8 11.1111
35019.9 15.004
43962.6 19.9982
44706.6 20.0054
46195.7 20
46939.8 25.0021
55882.5 25.0021
56630.6 24.9937
58120.7 24.9916
58860.7 25
68549.5 23.5276
69293.5 27.7778
70037.6 27.7861
82704.6 15.7906
83449.7 15.7895
84193.7 15.7895
97606.8 14.999
98351.8 14.999
99094.9 19.0488
99839.9 19.0476
113998 18.1818
114742 18.1829
115486 18.1818
116231 21.7391
116976 21.7391
127408 27.7798
128153 27.7778
128901 27.7695
129646 27.7695
130391 27.7695
131132 31.5789
143055 16.6692
143799 16.6704
144543 21.0586
146034 20
157211 21.0526
157956 21.0511
158704 21.0467
160190 21.0526
160934 25.0017
168386 23.0841
169875 23.0769
171366 21.4265
179563 19.9982
181051 20
182541 20
191483 18.7516
192228 23.5313
192972 25
194462 25
203404 25
204149 25
204897 29.4048
205642 29.4025
217560 16.6667
218305 16.6704
219049 16.6716
231716 15.7895
232464 15.7861
233209 15.785
234695 19.0476
247363 19.0464
248107 19.0513
248852 19.0525
250342 19.0476
251090 22.7231
259284 31.25
260029 31.2474
260772 31.25
262263 31.25
263008 31.2579
272695 27.7778
273439 31.5812
274184 31.5834
275674 30
276419 31.5789
277167 31.5723
288342 28.5714
289086 28.5714
289834 31.8124
291320 30.4348
304733 14.2848
305477 14.2885
306970 17.3913
307715 18.1774
322614 9.52503
323358 9.52564
324102 13.6397
332300 23.0769
333044 23.0769
333788 23.0769
343475 20.0018
