724 0
1726 0
2202 0
2927 0
3407 0
4126 0
4607 0
5202 0
5927 0
6527 0
7007 0
7726 0
8327 0
8927 0
9407 0
10126 0
10722 0
11202 0
11807 0
12887 0
13487 0
13967 0
14567 0
15646 0
16247 0
16847 0
17327 0
17927 0
18407 0
19126 0
19722 0
20202 0
20682 0
21407 0
21887 0
22487 0
23087 0
23567 0
24047 0
24527 0
25007 0
25487 0
25967 0
26567 0
27047 0
27767 0
28126 0
28726 0
29202 0
29682 0
30643 0
31126 0
31607 0
32087 0
32682 0
33162 0
33642 0
34367 0
34967 0
35447 0
35927 0
36407 0
36887 0
37367 0
37847 0
38327 0
38807 0
39287 0
39887 0
40367 0
40967 0
41447 0
42047 0
42527 0
43007 0
43607 0
43967 0
44686 0
45162 0
45767 0
46246 0
46847 0
47327 0
48047 0
48527 0
49126 0
49607 0
