2241.32 33.2419
6709.67 16.6741
8199.79 25.0084
14906.3 18.1796
16394.4 23.0793
28317.4 11.1111
31296.6 9.99933
40983.3 11.7647
49179 9.09091
50667.1 15.3878
59609.8 14.2857
61097.9 14.2857
73019.8 11.1119
73764.9 15.7906
74509 16.6667
87922 14.999
88666.1 15
89410.1 19.0488
90903.2 18.1785
102078 21.0526
102823 21.0511
113998 12.501
114744 17.6471
115487 17.6498
128900 14.999
129645 15
130388 15
131136 19.044
145291 18.1818
146037 10.0007
160194 5.26279
160939 9.99933
175093 5.2639
175838 10.0013
189996 9.99866
190739 10
202660 11.7666
203405 16.6692
204149 16.6679
214582 18.7484
215326 18.75
216070 23.5313
216815 23.5294
228738 21.0526
229482 21.0526
230229 21.0482
230974 21.0482
231716 25
242894 17.6485
243638 17.6498
244382 17.6471
252579 23.0793
253324 23.0769
254068 23.0769
254813 28.5714
265245 23.5294
265990 23.5294
266734 23.5294
267479 23.5294
268224 27.7778
279403 26.3121
280148 26.3121
280890 26.3158
281635 26.3158
282380 26.3158
292067 29.4164
292813 33.3358
293559 33.3333
294301 33.3333
301753 25.0028
302498 30.7724
303242 30.7788
303987 30.7692
311440 30.7629
312183 30.7692
312928 30.7692
313673 35.7143
314418 35.7143
322614 33.3393
323359 33.3333
324104 33.3304
324851 33.3244
325597 37.4906
327084 35.2941
333045 42.8571
334534 25.0084
335280 30.7756
336769 30.7692
343476 28.5714
344965 28.5714
345711 28.5714
347200 28.5714
348690 31.25
356142 29.4118
357631 29.4118
358379 29.4071
359869 29.4048
361359 29.4048
362104 33.3259
370298 31.5789
