724 724
1726 726
2202 702
2927 927
3407 907
4126 1126
4607 1107
5202 1202
5927 1427
6527 1527
7007 1507
7726 1726
8327 1827
8927 1927
9407 1907
10126 2126
10722 2222
11206 2206
11807 2307
12287 2287
13007 2507
13487 2487
14202 2702
14807 2807
15287 2787
16007 3007
16487 2987
16967 2967
17567 3067
18047 3047
18767 3267
19247 3247
19967 3467
20327 3327
21407 3407
21887 3387
22607 3607
23202 3702
23807 3807
24166 3666
25247 3747
25722 3722
26683 3683
27287 3787
27767 3767
28246 3746
29087 3587
29567 3567
30643 3643
31126 3626
31607 3607
32087 3587
33047 3547
33407 3407
34367 3367
34847 3347
35327 3327
35927 3427
36643 3143
37247 3247
37847 3347
38327 3327
38807 3307
39407 3407
40246 3246
40722 3222
41327 3327
41807 3307
42287 3287
42887 3387
43367 3367
43967 3467
44567 3567
45047 3547
45767 3767
46246 3746
46847 3847
47447 3947
47927 3927
48887 3887
49487 3987
49967 3967
