4917.5 18.1921
13856.6 8.3348
16090.4 13.3369
30250.5 9.08948
31737.6 9.5232
39189.2 16.6704
40678.3 16.6667
42168.4 21.4286
50363 20.0036
51854.2 20
53344.3 20
54834.4 23.5294
63774.1 22.2222
65268.2 22.2173
66758.3 22.2173
68245.4 22.2222
80169.4 11.1111
81656.5 15.003
82400.5 15.7906
91343.2 20.0036
93576.4 13.3333
102521 13.3309
104008 14.2843
111460 16.6704
112949 21.4347
113693 23.0793
122636 20
124125 20
125615 23.5294
126359 23.5294
135302 23.5294
136791 23.5294
138281 23.5294
139774 22.2156
140519 26.3084
150201 25.0034
151692 25
153930 16.6667
162869 17.6443
163612 18.7516
165103 20.0054
175535 17.6471
176278 22.2255
177027 22.2156
191181 9.99866
191924 14.2857
192670 14.2885
203102 18.75
203845 18.75
204591 18.75
205336 23.5294
216513 22.2222
217258 22.2189
218002 22.2222
218747 22.2222
219492 26.3158
229922 27.7819
230669 27.7778
231413 27.7778
232158 27.7778
232903 27.7778
241098 33.3333
241845 37.4937
242589 37.5031
243334 37.5
244079 37.5
244824 37.5
255258 31.57
256003 31.5745
256745 35.0023
257490 35
267177 25.0042
267920 25.0084
268666 25
269411 25
279843 23.5294
280588 23.5257
281331 27.7778
282077 27.7778
282822 27.7778
293252 27.7819
294746 26.3121
295487 26.3158
296232 30
296981 29.994
297726 29.994
307410 31.5745
309643 17.6526
310388 22.2289
311134 22.2272
316351 33.3333
318584 33.3333
319329 33.3333
320075 33.3333
320820 38.4615
328272 31.25
330509 31.2395
331250 31.25
331999 31.2421
332744 31.2421
