451.184 451.184
1121.74 670.552
1343.25 892.07
2573.6 1451.86
2796.12 1674.38
3019.63 1676.38
3131.39 1788.14
5480.33 2906.73
5591.08 3017.49
5705.84 2909.73
5817.6 3021.49
8497.81 2906.73
8608.57 2902.73
9615.4 1117.59
10621.2 1005.83
10842.7 1227.35
11961.3 1340.1
12183.8 1341.1
13637.7 1676.38
13860.2 1898.9
13973 1789.14
15425.9 1788.14
15764.1 1903.9
15875.9 2015.66
15987.6 2014.66
17214 1788.14
17325.7 1338.1
18778.6 1564.62
18890.4 1676.38
19001.1 1675.38
20566.8 1788.14
20678.5 1788.14
20790.3 1789.14
20901 1899.9
22243.1 1676.38
22469.6 1791.14
22578.4 1788.14
24031.3 1561.62
24143 1673.38
24365.5 1787.14
25598.9 1567.62
25707.7 1564.62
25930.2 1564.62
26044.9 1679.38
27160.5 1561.62
27275.3 1567.62
27494.8 1564.62
27609.6 1564.62
27722.3 1677.38
28837.9 1677.38
28948.7 1673.38
29175.2 1680.38
29285.9 1676.38
30625 1449.86
30736.8 1561.62
30959.3 1673.38
32415.2 1790.14
32635.7 1898.9
32863.2 1903.9
32975 2015.66
34202.3 1787.14
34313.1 1677.38
34427.8 1564.62
35991.5 1678.38
36101.2 1788.14
36212 1784.14
37891.4 1899.9
38001.1 1899.9
39677.5 1676.38
41689.1 2011.66
41912.7 2235.17
43477.3 1564.62
43591 1678.38
44930.2 1452.86
45041.9 1450.86
46718.3 1788.14
46832 1901.9
48732.9 2014.66
48844.7 2012.66
49848.5 1115.59
49961.3 1116.59
