607 607
1607 607
2087 587
2807 807
3287 787
4007 1007
4487 987
5087 1087
5807 1307
6407 1407
6887 1387
7607 1607
8202 1702
8807 1807
9287 1787
10007 2007
10607 2107
11087 2087
11807 2307
12407 2407
13007 2507
13487 2487
14087 2587
14567 2567
15287 2787
16367 2867
16847 2847
17567 3067
18047 3047
18642 3142
19607 3107
20202 3202
20807 3307
21287 3287
21767 3267
22367 3367
23447 3447
24047 3547
24642 3642
25126 3626
25607 3607
26327 3827
26807 3807
27527 4027
28487 3987
28967 3967
29447 3947
30162 4162
30767 4267
31247 4247
32087 4087
32686 4186
33162 4162
33767 4267
34487 3987
34967 3967
35447 3947
36287 3787
36887 3887
37367 3867
37967 3967
38447 3947
38927 3927
39407 3907
40247 3747
40847 3847
41203 3703
41807 3807
42287 3787
42643 3643
43126 3626
43967 3467
44682 3682
45047 3547
45642 3642
46007 3507
46367 3367
46967 3467
47447 3447
48407 3407
48887 3387
49487 3487
49847 3347
