4473.5 2
14901.3 2
16391.4 2.5
30548.5 1
31293.6 1
39489.2 2
49920 2.5
51409.2 2.9
61845 3.24483
63330.1 3.55301
74511 1
75252 2
76001.1 2.5
84192.7 2.9
84937.8 3.24483
94623.5 3.55301
95368.6 3.83446
96857.7 4.09525
108780 4.33944
109525 4.56988
111014 4.78871
111764 4.99753
122195 1
122936 2
123681 3
124430 3.33333
134112 3.63333
134857 3.90856
135601 4.16441
146033 4.40454
146778 4.63158
147522 4.84749
149012 5.05378
160189 5.25165
160934 1
161679 1
163173 1
163917 2
175094 3
177324 3.33333
184776 3.63333
186265 3.90856
187755 4.16441
197442 4.40454
199677 4.63158
201171 1
201915 2
213835 2
215322 3
223519 3.33333
225008 3.63333
225754 3.90856
234694 1
236934 2
237675 2.5
250345 2.9
251090 3.24483
263007 3.55301
263752 3.83446
264496 1
276418 2
277163 2
289088 2.5
290573 2.9
301005 3.24483
302494 3.55301
313671 3.83446
314416 4.09525
315160 4.33944
328572 1
329317 2
330062 3
331556 3.33333
341983 3.63333
342728 1
343472 2
353904 2.5
354649 2.9
362844 3.24483
363593 3.55301
371044 3.83446
371789 4.09525
372529 4.33944
373274 4.56988
374019 4.78871
374764 4.99753
375509 5.19763
376254 5.39003
377000 5.57555
377745 5.75491
378490 5.92867
379235 6.09735
379980 6.26135
380725 6.42106
381470 6.5768
382215 6.72885
382960 6.87746
383705 7.02286
384450 7.16526
385200 7.30482
