2469 2000
3424.38 955.381
3425.38 1
9335.14 5909.76
9336.14 1
10877 1540.82
12365.1 1488.12
23544.9 11179.9
26524.2 2979.23
26525.2 1
34715.8 8190.64
36955 2239.17
37700.1 745.058
37701.1 1
45150.6 7449.58
48130.9 2980.23
59307.7 11176.9
59308.7 1
61540.9 2232.17
69733.5 8192.64
74207.9 4474.35
83889.7 9681.75
95065.5 11175.9
95066.5 1
106241 11174.9
107735 1493.12
120397 12663
120398 1
134554 14155.1
136044 1490.12
148715 12671
150950 2235.17
150951 1
162866 11914.9
165851 2985.23
167339 1488.12
167340 1
182242 14902.2
182243 1
182987 744.058
191178 8190.64
191923 745.058
193416 1493.12
201614 8197.64
201615 1
202354 739.058
203847 1493.12
212040 8192.64
213533 1493.12
213534 1
215023 1489.12
216513 1490.12
229176 12663
230671 1495.12
232905 2234.17
244077 11171.9
245567 1490.12
247060 1493.12
247061 1
252273 5211.41
255257 2984.23
256746 1489.12
257492 746.058
257493 1
264194 6700.52
267923 3729.29
270159 2236.17
270904 745.058
281334 10429.8
282079 745.058
282823 744.058
294000 11176.9
294745 745.058
294746 1
295489 743.058
308901 13412
309646 745.058
310390 744.058
310391 1
311135 744.058
326038 14902.2
328274 2236.17
329019 745.058
344664 15645.2
345409 745.058
346154 745.058
346155 1
357330 11174.9
360311 2981.23
360312 1
366271 5958.46
367017 746.058
367760 743.058
372228 4468.35
372229 1
372977 748.058
373720 743.058
377444 3723.29
378193 749.058
378194 1
378936 742.058
379681 745.058
