673.701 673.701
1566.77 893.07
1905.05 1231.35
3354.91 1788.14
3689.19 2122.42
4141.22 2236.17
4252.98 2347.93
6260.64 2905.73
6488.15 3133.24
6823.43 3134.24
6930.19 3241
8271.29 1341.1
8383.05 1452.86
9724.16 1452.86
9835.92 1452.86
11400.5 1676.38
11624.1 1899.9
11740.8 1904.9
13752.5 2011.66
13864.2 2123.42
15647.4 1894.9
15759.1 1894.9
17100.2 1452.86
17212 1564.62
17323.7 1564.62
18888.4 1788.14
19115.9 1903.9
19228.6 2016.66
19339.4 2015.66
20564.8 1676.38
20905 1789.14
22353.9 1789.14
22464.6 1559.62
24034.3 1680.38
24257.8 1903.9
25370.4 1112.59
25593.9 1336.1
26823.2 1452.86
27162.5 1568.62
28387.9 1564.62
28499.6 1676.38
28616.4 1453.86
29952.5 1336.1
30064.2 1447.86
31405.3 1452.86
31517.1 1452.86
33081.7 1676.38
33193.5 1788.14
33305.2 1788.14
34759.1 1677.38
34985.6 1792.14
35098.4 1904.9
35209.1 1903.9
36659 1899.9
36885.5 1899.9
36998.3 1899.9
37109 1899.9
37333.6 2124.42
38674.7 2015.66
39004.9 2119.42
39116.7 2118.42
40123.5 1448.86
40569.6 1564.62
41576.4 1452.86
42027.4 1457.86
43253.8 1677.38
43699.8 1672.38
43811.6 1784.14
45380.2 1680.38
45491.9 1680.38
46829 1448.86
46940.8 1448.86
47168.3 1676.38
48281.9 1113.59
48508.4 1340.1
48952.5 670.552
49179 670.552
49622 669.552
49846.5 894.07
49957.3 778.311
