451.184 2
1121.74 3
1343.25 4
2573.6 5
2796.12 6
3019.63 7
3131.39 8
5480.33 1
5705.84 2
5929.36 3
8496.81 1
8608.57 2
8723.33 2.5
9837.92 2.9
11290.8 1
11405.5 2
12631.9 2.5
12743.6 2.9
13973 3.24483
14084.7 3.55301
15649.4 3.83446
15761.1 4.09525
15871.9 4.33944
17328.7 4.56988
17440.5 4.78871
17548.3 4.99753
17660 5.19763
18669.9 5.39003
18778.6 5.57555
18889.4 5.75491
19001.1 5.92867
19224.6 6.09735
20343.2 6.26135
20455 1
20565.8 2
20681.5 3
20905 4
21011.8 4.25
22354.9 1
22688.2 2
24590.1 3
24811.6 3.33333
25931.2 3.63333
26153.7 3.90856
26381.2 4.16441
27607.6 4.40454
27719.3 4.63158
27829.1 4.84749
27941.8 5.05378
29170.2 5.25165
29398.7 5.44207
29505.4 5.62582
29618.2 5.80357
29730 5.97588
31072.1 1
31298.6 2
31410.3 3
32634.7 3.33333
32746.5 3.63333
32859.2 3.90856
33975.8 4.16441
34087.6 4.40454
34200.3 4.63158
35542.4 4.84749
35652.2 5.05378
35764.9 1
35988.5 2
37330.6 3
37445.3 1
37557.1 2
38898.2 2.5
39117.7 2.9
40010.8 3.24483
40235.3 3.55301
41463.6 3.83446
41575.4 4.09525
41799.9 1
43251.8 2
43480.3 3
43592 1
45039.9 2
45151.7 2.5
46381 2.9
46605.5 3.24483
47945.6 3.55301
48170.2 3.83446
48504.4 4.09525
49738.8 4.33944
49962.3 1
