228.666 228.666
783.46 554.794
895.219 666.552
1789.29 1005.83
2015.81 1232.35
2128.56 1233.35
2351.08 1455.86
3917.7 2128.42
4029.46 2240.17
4363.74 2347.93
4475.5 2459.69
7046.95 2683.21
7157.71 2682.21
8722.33 1564.62
8834.09 1676.38
10287 1564.62
10398.7 1564.62
12186.8 1899.9
12298.6 2011.66
12409.4 2010.66
14194.5 2007.66
14310.3 1900.9
15874.9 1680.38
17328.7 1453.86
17439.5 1564.62
18776.6 1447.86
18892.4 1452.86
20233.5 1456.86
20345.2 1568.62
21687.3 1453.86
21798.1 1452.86
22803.9 1116.59
22915.7 1117.59
24145 1341.1
24257.8 1453.86
24369.5 1453.86
25710.7 1452.86
25821.4 1451.86
27493.8 1783.14
27609.6 1788.14
27832.1 2010.66
29398.7 1904.9
29620.2 2010.66
29843.7 2011.66
29957.5 2125.42
31181.8 1783.14
31522.1 1901.9
32411.2 1229.35
32522.9 1000.83
32634.7 1112.59
33752.3 1341.1
33978.8 1455.86
34090.6 1455.86
35544.4 1792.14
35766.9 2014.66
35990.5 2011.66
36102.2 2011.66
37892.4 2347.93
38115.9 2348.93
38337.4 2570.45
38560.9 2570.45
39564.7 1448.86
39790.2 1452.86
40685.3 1120.59
40907.8 1117.59
42139.2 1453.86
42360.7 1452.86
42586.2 1678.38
43368.5 1229.35
43590 1003.83
44373.4 1004.83
44595.9 1005.83
45377.2 1003.83
45601.7 1005.83
45825.2 1229.35
46832 1454.86
47054.6 1452.86
47391.8 1566.62
47503.6 1678.38
48621.2 1789.14
48842.7 1788.14
49175 1783.14
49286.7 1783.14
