451.184 451.184
1121.74 670.552
1343.25 892.07
2573.6 1451.86
2796.12 1674.38
3019.63 1676.38
3131.39 1788.14
5035.29 2461.69
5258.81 2685.21
5482.33 2686.21
5705.84 2909.73
5929.36 2909.73
6038.12 3018.49
6148.88 3017.49
6372.4 3241
7829.26 1899.9
7941.02 1902.9
8048.78 1899.9
8160.53 1788.14
9279.12 1449.86
9390.88 1449.86
9501.64 1452.86
9613.4 1452.86
9836.92 1676.38
10843.7 1564.62
10955.5 1564.62
11066.3 1564.62
11178 1564.62
11401.5 1564.62
11625.1 1788.14
12967.2 2123.42
13078.9 2123.42
13190.7 2124.42
13305.4 2127.42
13525 2123.42
14758.3 1452.86
14867.1 1561.62
14977.8 1452.86
15089.6 1564.62
16208.2 1449.86
16319.9 1452.86
16430.7 1452.86
16542.4 1452.86
17775.8 1567.62
17884.5 1676.38
17996.3 1676.38
18111.1 1680.38
18222.8 1680.38
19225.6 1114.59
19337.4 1114.59
19559.9 1337.1
20681.5 1455.86
20790.3 1452.86
21012.8 1452.86
22131.4 1449.86
22243.1 1561.62
23249 1117.59
23360.7 1229.35
23471.5 1228.35
24813.6 1564.62
24925.3 1564.62
25036.1 1564.62
25147.9 1676.38
26378.2 1564.62
26490 1564.62
26600.7 1564.62
26712.5 1564.62
26828.2 1680.38
28392.9 2014.66
28504.6 2014.66
28612.4 1784.14
30292.8 1899.9
30401.5 1896.9
30512.3 1899.9
31854.4 1561.62
31966.1 1673.38
32972 1117.59
33083.7 1229.35
33306.2 1340.1
34536.6 1564.62
34648.3 1564.62
34870.9 1564.62
35098.4 1792.14
36660 2123.42
36774.8 2126.42
36994.3 2123.42
37221.8 2123.42
37441.3 2342.93
39009.9 2349.93
39118.7 2343.93
39345.2 2350.93
39456 2234.17
40234.3 1115.59
40458.8 1113.59
40573.6 1117.59
41465.6 1231.35
41688.1 1229.35
41915.7 1456.86
42027.4 1453.86
43142 1676.38
