3728.44 3728.44
9687.9 5959.46
11177 7448.58
20863.8 11175.9
22353.9 12666
23843 12666
24592.1 13415
34278.8 13415
36510 15646.2
39494.2 14902.2
45451.7 11172.9
46939.8 10429.8
48429.9 8935.7
49925 10430.8
55137.4 9685.75
56625.6 9685.75
58115.7 9685.75
60354.9 10429.8
61845 11919.9
67802.4 12665
69291.5 12666
70786.7 12671
73020.8 12666
76002.1 14157.1
83452.7 15650.2
84937.8 17135.3
89412.1 13410
90898.2 14896.2
94625.5 11172.9
96113.6 11175.9
100587 11174.9
101334 10435.8
106546 11920.9
108036 13410
108781 12667
112509 11921.9
113253 11918.9
121447 12666
125175 12666
125920 12667
132622 11175.9
137841 12666
138585 13410
140072 14152.1
146038 13415
152742 14901.2
153486 14901.2
154978 16393.3
155723 15651.2
162425 16387.3
167642 14900.2
168387 12664
174346 11920.9
178818 11175.9
179563 11175.9
187757 13411
189247 14901.2
193719 14901.2
194464 14901.2
201913 14156.1
208620 14156.1
215324 13411
216818 14905.2
223523 14902.2
228735 11916.9
235443 11920.9
240656 11920.9
246619 11175.9
248105 12662
254071 13415
260775 14156.1
262262 14156.1
263009 14903.2
268225 14154.1
274932 14156.1
276423 14161.1
277165 14156.1
288341 11917.9
289086 11920.9
290574 13409
303242 14901.2
303987 14901.2
305475 14901.2
318143 14901.2
318888 15646.2
320376 16389.3
321866 16391.3
332299 14156.1
333044 14156.1
334537 15649.2
335279 14903.2
336767 14901.2
350928 16391.3
351674 16394.3
353159 16391.3
360614 9685.75
361359 9685.75
362849 11175.9
364340 11180.9
369551 8936.7
