673.701 16.5888
1566.77 12.514
1905.05 18.1523
3354.91 12.5
3693.19 15.7672
4139.22 15.0067
4250.98 19.0557
6711.67 9.98808
6935.19 9.36453
7041.95 6.67463
7158.71 6.44975
7493.98 3.33135
7605.74 3.22395
7717.5 0
7829.26 0
8719.33 12.5562
9501.64 14.2857
9839.92 19.9465
10619.2 20
10841.7 25.0187
11069.3 27.2727
11180 33.3582
12183.8 28.5714
12522.1 26.6032
12856.4 25.014
12968.2 25
13860.2 20
13972 25
14199.5 19.9881
14641.5 18.7815
14869.1 11.7585
16206.2 7.14286
16317.9 6.66667
16546.4 13.3254
17659 15.3846
17882.5 16.729
19000.1 8.33333
19340.4 7.66593
20788.3 7.71887
20900 14.3315
22693.2 11.7338
22804.9 11.7338
24141 15.4377
24257.8 21.4286
24480.3 20.0119
25705.7 21.4286
25817.4 21.4973
26044.9 25.014
26155.7 26.6826
27493.8 18.75
27722.3 17.6007
28057.6 16.6584
28167.3 16.6667
28280.1 21.0427
29396.7 25.0373
29508.4 25
29621.2 25
30511.3 30.0807
30626 30
30738.8 36.3341
30850.6 36.3636
31969.1 30.6637
32078.9 23.0769
32191.7 15.3846
32304.4 21.4149
32416.2 21.4149
33643.5 20.0239
33755.3 8.34578
33867 15.4058
35431.7 12.5
35656.2 12.493
36993.3 14.3132
37105 15.4271
38449.1 15.3529
38560.9 21.3876
38673.7 21.3739
40015.8 21.4012
40127.5 21.4012
40238.3 26.6508
40350 20
41692.1 20
41801.9 20.0239
41915.7 19.9881
43251.8 15.4164
43368.5 21.4012
43479.3 21.4423
44819.4 21.3876
44933.2 21.4286
45043.9 21.4286
45155.7 26.6667
46492.8 26.7145
46604.5 26.7464
46720.3 26.6667
46832 26.6667
47055.6 29.4118
48730.9 24.9665
48839.7 20
48956.5 19.9911
49068.2 14.9933
49291.7 9.99553
