2984.38 2
7454.73 3
8942.85 4
17139.5 2
18628.6 2.5
19377.7 2.9
20122.7 3.24483
32785.7 3.55301
33533.8 3.83446
35019.9 4.09525
43216.5 4.33944
43961.6 4.56988
45450.7 4.78871
46194.7 4.99753
53647.3 5.19763
54392.4 5.39003
55881.5 5.57555
57371.6 5.75491
66313.3 5.92867
67058.4 6.09735
67802.4 6.26135
69292.5 6.42106
70782.7 6.5768
82704.6 6.72885
83449.7 6.87746
84193.7 7.02286
84938.8 1
86428.9 2
87923 2
99840.9 3
100586 4
101331 4.25
102075 4.48529
113252 4.70824
113997 4.92064
114741 5.12386
115486 5.31903
128153 1
128898 2
129643 3
130391 3.33333
131136 3.63333
140074 3.90856
140819 4.16441
141563 4.40454
150505 4.63158
151250 4.84749
151994 5.05378
152739 1
164661 2
165406 3
166151 1
166895 2
181800 2.5
182545 2.9
193718 3.24483
194463 3.55301
204149 1
204894 2
205639 2.5
217563 2.9
218308 3.24483
230974 3.55301
231716 3.83446
233205 4.09525
246617 1
247362 2
248856 3
250342 3.33333
262264 3.63333
263007 3.90856
263753 4.16441
275675 4.40454
276423 1
277168 2
278658 3
290577 3.33333
292065 1
292813 2
301752 2.5
303241 2.9
312928 3.24483
314417 3.55301
327084 3.83446
328574 1
329321 2
338263 2.5
341243 2.5
345710 2.9
347199 3.24483
350923 3.55301
353161 3.83446
353906 4.09525
358374 4.33944
361356 4.56988
362101 4.78871
362845 4.99753
368060 5.19763
371045 5.39003
371790 5.57555
