2998.38 28.5421
10450 9.99866
11942.1 16.6611
23113.9 11.7666
25354.1 11.1103
35035.9 12.499
42486.5 10
44725.6 15.3783
52917.3 14.2857
55151.4 14.2926
64097.1 13.3286
65584.3 17.6457
67074.4 18.7469
74524 21.4368
76763.1 19.9946
77508.2 24.9937
78995.3 25
87189.9 23.5294
87935 26.6762
88681.1 26.6738
90171.2 26.6667
92409.3 27.7716
99110.9 31.25
99855.9 31.25
100602 31.25
102092 31.25
104330 31.25
105074 35.2969
112521 33.3358
113266 33.3358
114012 33.3358
115503 33.3333
117741 33.3333
118485 33.3333
119973 35.0047
126678 36.8395
128172 34.9883
128917 34.9906
130407 34.993
132637 35.0117
133388 34.9977
135620 33.3333
145303 17.6471
146049 17.654
147544 21.0526
149031 22.2222
159465 12.5
160952 16.6704
162442 16.6667
170635 20.009
171385 21.4245
172130 23.0722
172873 28.5714
180321 30.7692
181816 28.5687
182560 28.5714
183303 28.5714
184794 31.25
192987 29.4118
194479 29.4187
195224 29.4164
195969 29.4118
197460 29.4118
207148 26.3065
208638 28.5623
210129 28.566
210874 28.566
211616 28.5714
222790 17.654
223539 17.6485
224284 22.2239
225772 21.0526
230985 36.3636
232477 33.3408
233224 33.3333
235458 30.7661
236948 33.3333
242910 31.2395
244398 31.25
245145 31.25
247379 31.25
249615 29.4094
250360 33.3308
257067 31.5767
258554 31.5789
259299 31.5834
270477 16.6679
271965 20.004
272712 21.0497
273455 21.0526
283888 22.2222
286123 21.0497
286869 21.0526
287614 25
299534 11.7647
300280 16.6667
301768 15.7917
313691 15.7895
314436 15.7895
315927 15.7861
