3725.29 0
9685.75 0
11175.9 0
20861.6 0
21606.7 0
22351.7 0
23096.8 0
34272.7 0
35017.7 0
35762.8 0
36507.8 0
45448.5 0
46193.6 0
55134.3 0
55879.4 0
56624.4 0
67055.2 0
67800.3 0
68545.3 0
69290.4 0
82701.4 0
83446.5 0
84191.6 0
84936.6 0
99092.7 0
99837.8 0
100583 0
113249 0
113994 0
122190 0
123680 0
133365 0
134856 0
135601 0
148267 0
149012 0
161678 0
162423 0
163168 0
175834 0
177324 0
178069 0
178814 0
191480 0
192225 0
192970 0
204146 0
204891 0
219047 0
219792 0
236183 0
236928 0
250340 0
259280 0
260770 0
270456 0
271946 0
283122 0
285357 0
297278 0
300258 0
309944 0
310689 0
313669 0
323355 0
324845 0
333041 0
340492 0
341982 0
344962 0
346452 0
348687 0
350177 0
350922 0
353903 0
355393 0
356138 0
356883 0
359863 0
362098 0
362843 0
363588 0
365078 0
366569 0
367314 0
368059 0
368804 0
369549 0
370294 0
371039 0
371784 0
372529 0
373274 0
374019 0
374764 0
375509 0
376254 0
376999 0
377744 0
378489 0
