1495.27 49.8278
5216.56 20.0215
5964.61 33.3408
14160.3 16.6611
15650.4 15.3846
27573.3 11.1095
29061.4 11.1111
40979.3 11.1153
42472.5 11.1111
43216.5 15.7906
49925 24.986
51413.2 25
52903.3 23.0745
53647.3 28.5714
61846 25
63334.1 25
64824.2 25
66314.3 23.5276
74512 23.5294
76000.1 26.3195
76747.1 27.7736
78235.2 27.7778
79725.4 27.7778
87176.9 29.4141
87922 31.2474
88666.1 35.2941
89411.1 35.2997
90156.2 37.5
91648.3 37.4937
100589 33.3308
101333 33.3333
102078 33.3308
102822 36.8421
111760 21.4368
112509 26.6667
113253 26.6691
113998 26.6667
123681 25
124431 24.9979
125176 24.9958
125919 25
126664 29.4118
137096 27.7695
137837 27.7881
138585 27.7819
139330 27.7778
140075 27.7778
141565 30
152742 28.5714
153487 28.5641
154231 28.5714
154976 28.5714
155721 28.5714
157213 28.5678
167644 29.998
168388 33.3333
169134 33.3312
169877 33.3333
181050 17.6526
181795 17.654
182543 22.2255
184033 21.0526
195955 19.9946
196701 19.9933
197445 20
198935 20
213092 17.3913
213838 20.8322
214583 20.8333
215326 20.8333
226503 17.6485
227249 17.6471
227992 17.6471
239165 17.6526
239914 17.6485
240659 17.6457
242148 21.0526
252581 22.2139
254071 21.0511
254815 21.0526
256304 21.0526
257048 25.0017
270462 14.2848
271950 14.2857
272697 14.283
283123 17.654
283872 18.7484
284616 18.7531
286106 22.2255
295794 23.5201
296538 23.5294
297282 23.5294
298772 23.5294
299515 27.7819
309204 27.7798
309949 27.7778
310693 27.7778
312185 27.7736
312927 27.7778
324105 25
