1490.27 49.995
5216.56 19.9946
5960.61 33.3333
14160.3 16.6611
14906.3 16.6574
27567.3 11.1144
28312.4 11.1153
44708.6 8.69312
46197.7 8.33147
47688.9 11.5355
58860.7 15.7939
59605.8 12.5042
70781.7 12.5
72271.8 11.7647
82702.6 12.5
84196.7 16.6617
85685.8 16.6629
94623.5 14.2912
95368.6 15.3894
104309 15.3846
105802 14.2816
106548 19.9928
116975 17.6471
119214 16.6654
119955 16.6716
121449 20.0013
131875 20.0013
134857 19.0525
135602 19.0476
137095 19.0476
143801 24.9895
144546 29.4002
146778 31.25
148271 29.4048
157957 13.3286
159448 17.6415
160934 17.6512
168383 16.676
170623 15.3783
178814 14.2857
181795 13.3381
183288 17.6485
192230 16.6605
194461 17.6471
195951 17.6512
196698 22.2239
204151 25
206385 24.9937
208621 23.522
209364 23.5294
216072 25
218304 26.3214
219796 27.7778
223519 25.0067
224266 25
230225 26.3214
232463 26.3102
233953 28.566
234698 29.998
239169 28.5641
245870 18.7563
246615 23.5368
248109 22.2222
251086 25.0084
259281 13.3381
260026 18.7563
263007 18.75
272692 16.6667
274183 15.7895
277167 15.785
277910 19.9973
286107 22.2156
287594 22.2222
289087 25.0021
298028 14.2802
298773 19.9928
300263 20
307711 23.0841
308456 23.0841
309948 23.0769
310692 28.5742
320380 23.5238
321125 23.5238
322615 23.5276
323358 23.5294
324105 27.7736
332298 31.2579
333790 21.4265
334534 21.4327
342727 21.4327
344965 20.0018
345710 20
346455 25
355398 23.5201
358376 22.2222
359866 21.0526
360611 21.0526
361358 24.9966
366574 33.3333
370297 31.25
