3728.44 19.9831
9687.9 12.5021
11177 20.0054
20863.8 13.3333
22353.9 17.6471
23843 17.6471
24592.1 22.2156
34278.8 22.2156
36514 23.8034
39494.2 14.999
47685.9 13.3381
49180 15.3846
58861.7 13.3333
60355.9 13.3333
72272.8 11.1111
73021.8 15.785
74507 15.7951
86428.9 15.7895
87173.9 15.7939
87918 20.0067
88663.1 21.0526
99094.9 23.5294
99839.9 23.5294
100584 23.5294
101329 23.5294
102819 26.3158
111016 31.25
111761 31.25
112505 31.25
113250 31.25
113995 33.3333
114740 37.5
124431 33.3234
125172 33.3333
125917 33.3308
126661 33.3333
136348 20
137093 25
137837 25.0021
139327 23.5294
150508 21.0467
151253 21.0467
151993 21.0526
153483 21.0526
154232 24.9933
165405 25.0067
166150 25.0067
166894 25
168384 25
169133 25
169879 28.5696
180310 29.9919
181055 29.9919
181795 30
183285 30
184030 30.0081
184776 30.0101
193721 33.3333
194466 36.8421
195211 36.8421
196701 34.9883
197446 36.8317
198187 36.8421
198932 36.8421
207131 28.5742
207876 28.5714
208617 28.5714
209362 28.5714
218307 26.6667
219052 26.6667
219793 26.6667
220538 31.25
222033 29.4002
232464 26.3139
233209 26.3139
233949 26.3158
243636 20.0072
244381 20.0072
245125 20
255561 18.7437
256306 18.7437
257046 23.5313
258541 22.2139
268223 23.5368
268968 23.5368
280889 11.7647
281634 16.6667
283123 15.7906
294304 16.6617
295049 16.6617
307712 11.1136
308456 11.1144
322616 9.99799
323357 10
324851 13.633
336023 16.6716
337513 11.7684
345709 15.3846
347944 14.2857
354650 16.6667
