4471.35 0
10431.8 0
12667 0
21607.7 0
23097.8 0
25333 0
26823.1 0
35763.8 0
37253.9 0
38744 4
40234.1 4
46194.6 4
47684.7 4
49174.8 4
50664.9 4
55135.3 4
56625.4 4
58115.5 4
60350.7 4
61095.8 4
65566.1 4
67801.3 4
69291.4 4
72271.6 4
73016.7 4
78977.2 4
80467.3 4
82702.4 4
84192.6 4
87172.8 4
87917.9 4
93878.3 4
94623.4 4
95368.4 4
96858.5 4
99093.7 4
102074 4
102819 4
108779 4
113250 4
113995 4
114740 4
119955 4
125916 4
126661 4
127406 4
128151 4
134111 4
139327 4
140072 4
146032 4
152738 4
160188 4
166149 4
174345 4
181050 4
182540 4
189991 4
192971 4
193716 4
194461 4
200422 4
204147 4
205637 4
207127 4
212343 4
213833 4
216813 4
218303 4
219793 4
225754 4
227989 4
229479 4
238420 4
239910 4
242145 4
243635 4
253321 4
254811 4
265242 4
265987 4
267477 4
280143 4
281633 4
283123 4
284613 4
295044 4
298769 4
305475 4
306965 4
310690 4
317396 4
318886 4
321866 4
322611 4
329317 4
331552 4
334532 4
335277 4
336022 4
343473 4
