2236.17 0
6706.52 0
8196.64 0
14902.2 0
16392.3 0
17882.4 2
28313.2 2
29803.3 3
31293.4 3
41724.3 3
43959.4 3
52155.1 3
52900.1 3
62585.9 3
63330.9 3
75251.9 3
75996.9 3
76742 3
90898.1 3
91643.1 3
105799 3
117720 3
131131 3
131876 3
143797 3
157208 3
157953 3
172109 3
172854 3
186266 3
187756 3
188501 3
198186 3
198932 3
210107 3
210852 3
223518 3
224263 3
236184 3
236929 3
250341 3
251086 3
251831 3
261516 3
262261 3
263006 3
264497 3
276418 3
277163 3
277908 3
279398 3
280888 3
291319 3
292064 3
292809 3
294299 3
295789 3
296534 3
302495 3
303240 3
303985 3
304730 3
306220 3
307710 3
308455 3
314416 3
315161 3
315906 3
316651 3
318141 3
319631 3
320376 3
326336 3
327081 3
327827 3
328572 3
330062 3
330807 3
332297 3
333042 3
340493 3
341238 3
341983 3
342728 3
344218 3
350923 3
351668 3
352413 3
353159 3
353904 3
360609 3
361354 3
362099 3
362844 3
363589 3
364334 3
372530 3
373275 3
374020 3
375510 3
379236 3
379981 3
