3728.44 2
9687.9 3
11177 4
20863.8 5
21608.8 6
22353.9 7
23097.9 8
34274.8 8.125
35763.9 1
36510 2
37255.1 3
38003.1 4
38748.2 5
39493.2 5.2
40234.3 5.39231
47685.9 5.57776
49921 5.75704
50666.1 5.93074
51410.2 6.09935
52155.2 6.26331
61096.9 6.42297
63332.1 6.57866
64077.1 6.73066
64821.2 6.87924
65566.3 7.0246
66311.3 1
76743.1 2
78978.3 3
79723.4 4
80471.4 4.25
81216.5 4.25
81957.5 4.48529
91644.3 4.70824
92389.3 4.92064
93134.4 5.12386
93878.5 5.31903
102075 5.50703
103564 5.68862
104310 5.86441
105054 6.03493
105799 6.20063
113251 6.36191
115486 6.51909
116231 6.67249
116975 1
117720 2
118469 3
125917 3
128897 4
129642 4.25
137093 4.48529
140073 4.70824
140818 4.92064
141562 5.12386
151249 5.31903
154232 5.50703
154977 5.68862
155718 5.86441
156463 6.03493
169130 6.20063
170620 6.36191
171366 1
172110 2
172859 3
174349 4
187015 4.25
189247 1
190740 1
192230 2
201914 3
204896 3.33333
213090 3.63333
214578 3.90856
216068 1
225011 2
226499 2.5
236187 2.9
238421 3.24483
248107 3.55301
251090 3.83446
252576 1
260772 1
262266 2
272693 2.5
274183 2.9
286850 3.24483
288340 3.55301
299515 3.83446
301751 4.09525
302496 4.33944
309946 4.56988
312929 4.78871
313674 4.99753
315161 5.19763
322615 5.39003
324849 5.57555
325595 5.75491
327086 1
327830 2
333041 3
