673.701 16.5888
1566.77 12.514
1905.05 18.1523
3358.91 12.4721
3689.19 10.5313
4136.22 10.0179
4247.98 9.54007
6152.88 8
6264.64 11.5385
7937.02 12.528
8048.78 11.7895
8163.53 11.7709
9278.12 16.6667
9389.88 18.2263
10731 15.3846
10842.7 7.69231
12295.6 7.14286
12519.1 12.5
13864.2 14.2493
14083.7 14.2857
15314.1 15.4164
15652.4 14.2493
15874.9 18.7186
17102.2 12.5
17328.7 13.3333
17552.3 13.3254
17770.8 17.6843
19224.6 13.3652
19451.2 17.6564
19674.7 17.61
20677.5 23.0769
21016.8 21.4149
21239.3 21.4286
21458.8 25.056
22242.1 21.4286
22353.9 16.7165
22581.4 16.6542
22911.7 15.3846
23023.4 21.4286
24141 18.1818
24252.8 25
24364.5 25
25258.6 30
25482.1 18.1818
25593.9 18.1818
25710.7 24.9071
26823.2 21.4286
27163.5 15.3846
27275.3 21.4286
28276.1 23.0769
28723.1 21.4973
28834.9 21.4973
30181 17.6007
30403.5 21.013
30738.8 22.1781
30962.3 21.013
31853.4 20.0478
32076.9 20.0359
32304.4 23.517
32526.9 18.75
32750.5 18.75
33976.8 13.3652
34088.6 21.4697
34315.1 21.4286
35428.7 23.0928
35540.4 23.0928
35767.9 23.0769
35991.5 26.6667
37333.6 23.4677
37445.3 23.4677
37667.8 23.5294
37891.4 23.5294
38004.1 27.764
39457 26.3158
39568.7 26.3158
39791.2 26.3158
40014.8 26.3158
40127.5 21.0526
41468.6 22.2222
41580.4 26.3158
41692.1 26.3158
41803.9 22.2112
41914.7 17.6471
43141 7.71354
43252.8 14.3223
43367.5 21.4423
43479.3 28.5714
44705.6 28.5714
44817.4 28.5714
44932.2 28.5714
45043.9 28.5714
46046.7 33.3333
46158.5 38.4615
46270.3 38.4615
46385 38.4615
46496.8 38.4615
47499.6 38.4615
47727.1 35.6232
47838.9 39.9048
47950.6 39.9048
