341.425 2
1010.98 3
1232.49 4
2239.32 5
2461.84 6
2685.36 7
2907.88 8
4700.01 1
4923.53 2
5147.05 3
5370.57 4
5814.6 4.25
8162.53 4.48529
8274.29 1
8385.05 2
8499.81 3
9391.88 3.33333
9502.64 3.63333
10509.5 3.90856
10621.2 4.16441
10733 4.40454
11850.6 4.63158
12073.1 1
12187.8 2
12299.6 3
13638.7 3.33333
13750.5 3.63333
13861.2 3.90856
15315.1 4.16441
15426.9 4.40454
15538.6 4.63158
17215 4.84749
17437.5 5.05378
17550.3 1
17661 2
19673.7 3
19785.4 1
21352.1 2
21461.8 2.5
22579.4 2.9
22691.2 3.24483
23921.5 3.55301
24032.3 1
24143 2
25820.4 2.5
25932.2 2.9
27385 3.24483
27496.8 3.55301
28951.7 1
29061.4 2
29173.2 2.5
30737.8 2.9
30849.6 3.24483
32414.2 3.55301
32525.9 3.83446
32636.7 4.09525
34425.8 4.33944
34537.6 1
34649.3 2
34763.1 3
36549.2 3.33333
36663 3.63333
38115.9 1
38339.4 2
38449.1 2.5
39904 2.9
40013.8 3.24483
41578.4 3.55301
41690.1 3.83446
41912.7 4.09525
43366.5 4.33944
43478.3 4.56988
43589 4.78871
43700.8 4.99753
45491.9 5.19763
45603.7 5.39003
45712.5 1
45824.2 2
47278.1 3
47389.8 3.33333
48507.4 3.63333
48621.2 3.90856
48729.9 4.16441
49957.3 4.40454
