2624 2000
4489.5 1865.5
4490.5 1
12220.5 7729.99
12221.5 1
12687.1 465.644
14921.3 2234.17
29823.5 14902.2
29824.5 1
38019.1 8194.64
38764.2 745.058
48449.9 9685.75
48450.9 1
58880.7 10429.8
59625.8 745.058
71546.7 11920.9
71547.7 1
81230.5 9682.75
82721.6 1491.12
90918.2 8196.64
92407.3 1489.12
92408.3 1
101349 8940.7
102838 1489.12
103584 746.058
103585 1
115505 11919.9
118486 2981.23
118487 1
131896 13409
132641 745.058
133387 745.058
146053 12666
146054 1
147542 1488.12
160955 13413
160956 1
162443 1487.12
175856 13413
177344 1488.12
190756 13412
192245 1489.12
192246 1
204912 12666
205657 745.058
206401 744.058
206402 1
219068 12666
219813 745.058
220557 744.058
221302 745.058
230989 9686.75
230990 1
231734 744.058
232478 744.058
233223 745.058
245145 11921.9
247381 2236.17
248126 745.058
261537 13410
262282 745.058
273458 11176.9
274203 744.058
284631 10428.8
285378 747.058
285379 1
299534 14155.1
300280 745.058
317417 17137.3
317418 1
325610 8191.64
326355 745.058
334548 8193.64
334549 1
335295 746.058
345724 10428.8
346471 747.058
346472 1
347217 745.058
359140 11922.9
359885 745.058
360628 743.058
361373 745.058
361374 1
367336 5961.46
368081 745.058
368824 743.058
369569 745.058
370314 745.058
370315 1
372549 2234.17
373296 747.058
374039 743.058
374784 745.058
375529 745.058
376274 745.058
376275 1
377020 744.058
377765 745.058
378510 745.058
379255 745.058
380000 745.058
