2241.32 33.2419
6709.67 11.1042
8199.79 18.1726
14906.3 9.99655
16394.4 13.6337
28317.4 5.2622
31296.6 4.76127
41728.4 3.57099
43961.6 3.38959
52159.2 2.85686
53647.3 4.16642
63331.1 2.3529
64076.1 2.32554
75252 1.98017
75997.1 1.96075
77489.2 2.8845
89408.1 2.49997
90158.2 2.47917
91645.3 2.43894
93138.4 3.19979
105054 2.83685
105799 2.81687
116230 1.28204
116975 1.27387
118467 1.88674
126665 1.76463
128153 1.74414
130389 1.71423
139332 1.60421
140819 2.11635
142309 2.09419
145290 2.05122
151997 1.96072
153483 1.94173
154228 2.41544
154975 2.4038
157958 2.3584
164663 2.26237
166894 2.23213
167639 2.22221
168384 2.21237
169131 2.64312
170624 2.61999
178820 2.49991
181055 2.46905
182542 2.44894
190740 1.17184
192976 1.15826
193721 1.53841
195208 1.52669
202661 1.47055
204892 1.45454
205637 1.44927
217558 0.684928
218303 1.02389
219048 1.0204
228734 0.977194
230226 0.970861
230974 0.967716
231716 1.28616
241405 1.23454
242892 1.22698
243635 1.22324
244380 1.21951
245127 1.51974
254070 1.46625
255558 1.45771
257048 1.44926
257796 1.44505
258541 1.44089
265246 1.40447
265988 1.68066
268222 1.66666
275674 0.810804
276419 0.808619
278653 0.802136
280143 1.06383
288344 1.03357
289089 1.03091
298029 0.49999
298773 0.748117
300262 0.744409
306969 0.728143
307714 0.72638
315165 0.472806
315910 0.47169
325596 0.457659
326341 0.456614
327084 0.683365
339007 0.659331
339752 0.657885
340497 0.656445
341240 0.873354
350182 0.851051
351673 0.847445
352418 0.845654
353161 0.843874
360613 0.826434
362104 1.02879
363593 1.02458
