3728.44 2
9687.9 3
11177 4
20863.8 5
22353.9 2
23843 3
24592.1 3.33333
34278.8 3.63333
36510 3.90856
39494.2 4.16441
45451.7 4.40454
47685.9 4.63158
48433.9 4.84749
49179 5.05378
54392.4 5.25165
56626.6 5.44207
58120.7 5.62582
58864.7 1
60355.9 2
66316.3 3
68551.5 3.33333
70036.6 1
77492.2 2
79726.4 2.5
88664.1 2.9
90902.2 3.24483
102075 3.55301
104313 3.83446
105799 4.09525
119215 4.33944
121451 4.56988
122936 4.78871
123685 4.99753
133368 5.19763
134113 5.39003
135602 5.57555
137092 5.75491
146034 1
146779 2
148273 3
149017 3.33333
150503 3.63333
160935 3.90856
161680 4.16441
162424 4.40454
175091 4.63158
175836 4.84749
176580 5.05378
178070 1
191482 2
192227 3
192976 3.33333
194461 3.63333
204148 3.90856
204893 4.16441
205637 4.40454
217559 4.63158
218304 4.84749
219048 5.05378
220538 5.25165
233950 1
234695 2
236935 3
238420 3.33333
249597 3.63333
251086 3.90856
252581 4.16441
264498 1
266737 2
275674 3
277163 3.33333
286104 3.63333
287594 3.90856
288342 4.16441
298770 4.40454
300260 4.63158
301008 4.84749
301753 5.05378
311440 5.25165
312926 5.44207
314421 5.62582
315164 5.80357
315906 5.97588
324102 6.14322
325592 6.306
327082 6.46458
327830 6.61927
328575 6.77034
338259 6.91805
339749 7.0626
340496 7.20419
341988 7.343
343478 7.47918
344221 7.61288
350924 7.74424
353164 7.87337
353907 8.00038
