2388 2000
2998.38 610.381
2999.38 1
8219.14 5219.76
8220.14 1
10450 2229.82
11942.1 1492.12
23113.9 11171.9
35034.9 11920.9
35035.9 1
43230.5 8194.64
45470.7 2240.17
57391.6 11920.9
57392.6 1
67817.4 10424.8
68562.5 745.058
79739.4 11176.9
79740.4 1
81230.5 1490.12
93150.4 11919.9
94641.5 1491.12
94642.5 1
96131.6 1489.12
107307 11174.9
111036 3729.29
111037 1
123698 12661
124443 745.058
125189 746.058
134128 8938.7
134129 1
134874 745.058
146799 11924.9
146800 1
147544 744.058
159465 11920.9
160206 741.058
161697 1491.12
169146 7449.58
169147 1
169891 744.058
171383 1491.12
179577 8194.64
181067 1490.12
181068 1
181812 744.058
183303 1491.12
192988 9684.75
195227 2239.17
195968 741.058
196714 746.058
196715 1
198205 1489.12
207888 9683.75
209380 1492.12
213104 3723.29
222049 8945.7
222050 1
223537 1486.12
225027 1490.12
239186 14159.1
240673 1487.12
240674 1
248868 8193.64
250359 1491.12
261534 11174.9
261535 1
271219 9684.75
273458 2239.17
284634 11175.9
284635 1
286867 2231.17
296551 9684.75
298042 1491.12
298043 1
299532 1489.12
309962 10429.8
311451 1489.12
312196 745.058
313689 1492.12
313690 1
322628 8938.7
324867 2239.17
325613 745.058
327100 1487.12
327847 747.058
327848 1
336788 8940.7
342004 5215.41
344982 2978.23
344983 1
346471 1488.12
346472 1
349452 2980.23
350941 1489.12
352432 1490.12
353922 1490.12
356903 2981.23
356904 1
358392 1488.12
360629 2237.17
362117 1488.12
