3055.25 4.99429
6112.5 4.99102
7638.37 6.65868
9171.74 9.97552
10697.6 9.98366
12223.5 9.98366
13749.4 7.49081
15275.3 5
16801.1 4
18325 2.00052
19850.9 1.66703
21376.8 0
22902.7 0
25959.9 0
29017.1 0
32074.4 0
35131.6 0
38188.9 0
41247.4 0
44304.6 0
47361.9 4.99102
50419.1 4.99102
51944 6.66013
53475.4 9.98531
55002.3 9.97878
56534.9 9.97469
58060.8 9.98311
59586.6 9.98529
61112.5 6.66667
62638.4 3.33333
64164.3 2.5
65690.2 0
68747.4 0
71804.7 0
74860.9 4.99265
77917.2 4.99265
79448 6.65287
80977.7 9.97143
82505.3 9.98204
84034.9 9.98204
85560.8 9.98802
87086.7 9.99183
88612.5 6.66667
90138.4 3.33333
91664.3 2.5
93190.2 0
96247.4 0
99304.7 0
