2257.32 1946.32
2258.32 1
6149.97 3891.65
6150.97 1
6723.67 572.702
9704.9 2981.23
16132.3 6427.38
19389.7 3257.37
21628.8 2239.17
33549.8 11920.9
34294.8 745.058
34295.8 1
41741.4 7445.58
42486.5 745.058
43975.6 1489.12
43976.6 1
52917.3 8940.7
53662.3 745.058
55151.4 1489.12
55898.5 747.058
65587.3 9688.75
65588.3 1
66332.3 744.058
67817.4 1485.12
69307.5 1490.12
76014.1 6706.52
76759.1 745.058
76760.1 1
77503.2 743.058
78248.2 745.058
79738.4 1490.12
86444.9 6706.52
87189.9 745.058
87934 744.058
87935 1
88679.1 744.058
90169.2 1490.12
90914.2 745.058
99110.9 8196.64
99855.9 745.058
100600 744.058
101345 745.058
113271 11925.9
114012 741.058
114756 744.058
115501 745.058
124443 8941.7
125188 745.058
125189 1
125932 743.058
126677 745.058
136364 9686.75
138603 2239.17
140088 1485.12
148285 8196.64
149030 745.058
150519 1489.12
150520 1
160206 9685.75
160951 745.058
162440 1489.12
176597 14157.1
178086 1489.12
178087 1
191498 13411
192992 1494.12
193734 742.058
207148 13414
207149 1
217579 10429.8
219064 1485.12
228751 9686.75
228752 1
230240 1488.12
240673 10432.8
241418 745.058
241419 1
242906 1487.12
253339 10432.8
254084 745.058
255572 1488.12
256321 749.058
256322 1
268985 12663
269730 745.058
274204 4473.35
284631 10427.8
285376 745.058
286865 1488.12
294316 7451.58
294317 1
295805 1488.12
297295 1490.12
305492 8196.64
306981 1489.12
306982 1
308476 1494.12
309961 1485.12
319648 9686.75
320394 746.058
321137 743.058
321882 745.058
