2388 2000
2998.38 610.381
2999.38 1
8219.14 5219.76
8220.14 1
10450 2229.82
11942.1 1492.12
23113.9 11171.9
25354.1 2240.17
25355.1 1
35034.9 9679.75
35779.9 745.058
36525 745.058
36526 1
43230.5 6704.52
44722.6 1492.12
45470.7 748.058
46957.8 1487.12
54406.4 7448.58
54407.4 1
56643.6 2236.17
68562.5 11918.9
70054.6 1492.12
70055.6 1
78993.3 8937.7
80483.4 1490.12
81228.5 745.058
89424.1 8195.64
89425.1 1
91659.3 2234.17
105820 14161.1
105821 1
116246 10424.8
116247 1
117738 1491.12
127422 9683.75
129661 2239.17
139348 9686.75
141583 2235.17
149774 8190.64
149775 1
152011 2236.17
161695 9683.75
163187 1492.12
163188 1
165422 2234.17
177342 11919.9
181071 3729.29
181072 1
192247 11174.9
196717 4470.35
205654 8936.7
208633 2979.23
216834 8200.64
216835 1
219813 2978.23
227261 7447.58
228006 745.058
228007 1
231735 3728.29
237694 5958.46
239183 1489.12
239927 744.058
243651 3724.29
243652 1
250360 6707.52
251849 1489.12
252593 744.058
257066 4473.35
258552 1486.12
258553 1
266006 7452.58
267494 1488.12
268239 745.058
273458 5219.41
283144 9685.75
283145 1
283889 744.058
286121 2232.17
292828 6706.52
293571 743.058
295062 1491.12
295063 1
296550 1487.12
303259 6708.52
304748 1489.12
309221 4473.35
317417 8195.64
318904 1487.12
322627 3723.29
331571 8943.7
331572 1
333060 1488.12
336788 3728.29
342747 5958.46
345729 2982.23
351688 5958.46
351689 1
353922 2233.17
360628 6706.52
361373 745.058
362117 744.058
