367 32
962 40
1324 43
1922 50
2402 42
2764 50
3123 51
3723 53
4322 46
4802 50
5402 41
5764 40
6243 40
6726 36
7202 35
7807 32
8287 30
9007 28
9247 25
9967 24
10682 23
11287 21
11767 20
12126 21
12847 20
13204 21
13807 20
14287 20
15126 21
15607 21
16327 22
16807 22
17166 23
17527 23
18126 23
18367 22
18967 21
19202 22
20047 23
20643 23
21126 23
21487 21
22087 20
22447 18
23047 18
23407 16
23767 16
24607 17
24967 15
25567 14
26287 15
27247 16
27487 13
28327 18
29166 18
29523 23
30247 30
30607 27
31567 31
32407 29
32767 29
33126 29
33487 27
34567 26
34807 22
34927 21
36247 19
36847 19
37202 18
37447 16
37685 17
38047 15
39007 17
39967 20
40567 20
40927 17
41046 19
41642 22
42487 28
43087 31
44282 29
44527 27
44767 25
45244 23
45487 20
46202 22
46807 19
47642 20
49087 18
49567 18
49807 16
