725 0
1685 0
2166 0
3484 0
4084 0
4567 0
5284 0
6004 0
6726 0
7325 0
8287 0
8527 0
8767 0
9367 0
9967 0
10327 0
10682 0
11527 0
11767 0
12247 0
12726 0
13447 0
14407 0
14767 0
15247 0
15847 0
16202 0
16567 0
17407 0
17767 0
18367 0
18847 0
19807 0
20287 0
20887 0
21367 0
21722 0
22202 0
22567 0
22927 0
23407 0
24007 0
24847 0
25447 0
25927 0
26407 0
26887 0
27247 0
27607 0
28087 0
29047 0
29642 0
30126 0
30607 0
31087 0
31567 0
32047 0
32642 0
33126 0
33847 0
34327 0
34807 0
35162 0
35767 0
36247 0
36607 0
37087 0
37567 0
37927 0
38287 0
38645 0
39126 0
39607 0
40087 0
40567 0
41165 0
41527 0
41887 0
42485 0
42967 0
43927 0
44162 0
44767 0
45487 0
45847 0
46202 0
46807 0
46927 0
47407 0
48247 0
48722 0
49087 0
49567 0
49927 0
