2252.17 0
6722.52 0
9702.75 0
17153.3 1
18643.5 1
19388.5 1
21623.7 1
30564.4 2
33544.6 2
34289.7 2
41740.3 2
42485.3 2
43230.4 2
49935.9 2
50680.9 2
51426 2
52916.1 2
61111.8 2
61856.8 2
62601.9 2
64092 2
75267.9 2
76012.9 2
76758 2
78248.1 2
78993.2 2
90169 2
90914.1 2
91659.1 2
93149.3 2
94639.4 2
95384.4 2
105815 2
107305 2
108050 2
108795 2
119971 2
120716 2
122207 2
134127 2
134873 2
135618 2
136363 2
147538 2
148284 2
149029 2
149774 2
151264 2
158714 2
160204 2
160950 2
161695 2
163185 2
171380 2
172125 2
172870 2
173616 2
174361 2
175851 2
182556 2
183301 2
184046 2
184791 2
185536 2
187027 2
187772 2
196712 2
197457 2
198202 2
198948 2
210868 2
211613 2
212359 2
213104 2
214594 2
227260 2
228005 2
228750 2
229495 2
230985 2
231730 2
239926 2
240671 2
242161 2
250357 2
251102 2
252592 2
253337 2
262277 2
263022 2
264513 2
265258 2
266003 2
273453 2
274198 2
275688 2
276434 2
277179 2
278669 2
285374 2
286119 2
287609 2
289100 2
