1507.12 0
5232.41 0
5977.46 0
14173.1 1
15663.2 1
16408.3 1
17898.4 1
27584.1 2
31309.4 2
32054.5 3
32799.6 3
40995.2 3
48445.8 3
49190.8 3
59621.6 3
60366.7 3
73032.7 3
73777.7 3
74522.8 3
86443.7 3
87933.9 3
88678.9 3
89424 3
100600 3
101345 3
102090 3
102835 3
103580 3
114756 3
115501 3
116246 3
127422 3
128167 3
128912 3
130402 3
141578 3
142323 3
143068 3
143813 3
144558 3
154989 3
155734 3
166910 3
167655 3
178831 3
179576 3
191497 3
192242 3
193732 3
204163 3
204908 3
206398 3
207888 3
221299 3
222789 3
223534 3
237691 3
238436 3
248866 3
260787 3
271963 3
272708 3
283884 3
284629 3
296550 3
297295 3
306981 3
307726 3
316667 3
317412 3
318902 3
328588 3
329333 3
330078 3
330823 3
341999 3
342744 3
343489 3
356900 3
362860 3
364350 3
366586 3
368076 3
370311 3
371056 3
371801 3
372546 3
373291 3
374036 3
374781 3
375526 3
376271 3
377016 3
377761 3
378506 3
379252 3
379997 3
380742 3
381487 3
382232 3
382977 3
383722 3
384467 3
385212 3
