4473.5 2
11922.1 3
13411.2 4
23843 1
24588.1 2
26078.2 2.5
26823.2 2.9
40238.3 3.24483
40979.3 3.55301
51410.2 3.83446
52155.2 4.09525
52899.3 4.33944
64076.1 4.56988
64825.2 1
65570.3 2
67060.4 3
78977.3 1
80467.4 2
81961.5 2.5
93133.4 1
93878.5 2
105054 2.5
106543 2.9
118469 3.24483
119210 3.55301
130386 3.83446
131131 4.09525
132620 4.33944
142307 4.56988
143052 4.78871
144541 4.99753
145290 5.19763
157208 5.39003
157953 5.57555
159443 5.75491
160192 5.92867
160937 6.09735
172855 6.26135
173600 1
175094 2
176584 3
177329 4
178814 4.25
191481 4.48529
192226 4.70824
192971 4.92064
193715 5.12386
204147 5.31903
205636 5.50703
206382 1
207126 1
208621 2
220538 3
222027 3.33333
233949 3.63333
234694 3.90856
235438 4.16441
245874 1
246619 2
247364 3
248109 3.33333
257792 3.63333
258536 3.90856
260025 4.16441
268971 4.40454
269712 1
271206 2
271951 3
280888 3.33333
281633 3.63333
283122 3.90856
292809 4.16441
293554 4.40454
295043 4.63158
306220 1
306965 2
308459 3
309944 3.33333
321125 3.63333
321869 3.90856
322610 4.16441
330808 4.40454
331555 4.63158
332301 4.84749
333786 5.05378
342729 1
343474 2
344222 2
345712 3
346456 3.33333
355397 3.63333
356142 3.90856
356883 4.16441
364338 4.40454
365083 4.63158
365824 4.84749
367314 5.05378
374024 5.25165
374769 5.44207
375514 5.62582
