1490.27 2
5216.56 2
8943.85 2
17141.5 2
20866.8 2.5
32037.6 2.9
32787.7 3.24483
38744.2 3.55301
39488.2 3.83446
40982.3 4.09525
47684.9 4.33944
49178 4.56988
50668.1 4.78871
51412.2 4.99753
58860.7 5.19763
60349.9 5.39003
61844 5.57555
63334.1 5.75491
71526.7 5.92867
73019.8 6.09735
74510 6.26135
76000.1 1
78236.2 2
87172.9 3
89412.1 4
90157.2 4.25
91646.3 1
99838.9 2
100584 3
102077 3.33333
109524 3.63333
110269 3.90856
111763 4.16441
121446 4.40454
122191 1
123685 2
125175 3
134857 3.33333
136347 3.63333
138586 3.90856
147522 4.16441
149761 4.40454
151997 4.63158
160938 4.84749
162427 5.05378
164659 5.25165
167638 5.44207
172110 5.62582
173603 5.80357
175093 5.97588
176583 6.14322
180304 6.306
184030 6.46458
184775 6.61927
185520 6.77034
187014 6.91805
188504 7.0626
191480 7.20419
195955 1
197446 2
198186 3
199681 4
201170 4.25
201911 4.48529
204891 4.48529
212347 4.70824
213836 4.92064
214582 1
216815 2
222773 3
223519 3
232458 3.33333
233949 3.63333
234694 3.90856
245124 4.16441
247363 4.40454
248105 4.63158
257795 4.84749
259284 5.05378
260774 5.25165
262265 1
271201 2
272696 3
274186 3
274932 3.33333
287594 3.63333
288339 1
289087 2
299514 2.5
300260 2.9
311439 3.24483
312929 3.55301
324100 3.83446
324845 4.09525
325591 4.33944
337511 4.56988
339006 4.78871
339752 4.99753
340497 5.19763
348687 5.39003
