2998.38 2610.38
10450 7451.58
11942.1 8942.7
23113.9 12664
25354.1 13412
35034.9 11920.9
35779.9 10425.8
36525 11169.9
40995.3 5960.46
42487.5 6707.52
43235.5 6710.52
44722.6 8196.64
50681.1 9685.75
52918.3 10430.8
53661.3 10425.8
55153.4 10430.8
61111.9 10430.8
62602 11919.9
64094.1 11175.9
64839.2 11177.9
67076.4 11922.9
74523 13411
76763.1 14161.1
78253.2 15650.2
78998.3 14904.2
79740.4 14901.2
89424.1 11170.9
90169.2 11914.9
90914.2 11915.9
92406.3 12666
100600 11175.9
102092 11922.9
102840 11925.9
104330 13415
105820 13414
113266 12666
114758 12666
122952 9685.75
124444 11176.9
125192 10433.8
134873 11920.9
136363 11918.9
137110 11917.9
149029 14156.1
150519 15645.2
151269 14906.2
152014 14904.2
160955 11925.9
162442 11922.9
163190 12670
163932 12663
164677 12663
171382 10426.8
172873 10430.8
173616 10425.8
174361 10428.8
175108 11174.9
175853 11175.9
181067 9685.75
182558 9685.75
184048 10432.8
184797 10435.8
185539 10430.8
186284 11174.9
187774 11920.9
192988 11920.9
194478 11919.9
195967 11918.9
196712 11915.9
197460 11920.9
198205 11920.9
199695 13410
200442 12668
206403 13415
208634 14156.1
210874 14906.2
211619 14906.2
212364 14904.2
213109 14904.2
214599 14904.2
215344 14902.2
216831 16388.3
220557 14154.1
225030 10430.8
225770 11169.9
227262 11917.9
228009 11177.9
233223 12666
236946 11915.9
237691 11920.9
239183 11920.9
239930 12667
241421 13412
245144 11920.9
249617 12671
251104 13413
256320 11175.9
260042 10425.8
262283 11178.9
263023 11917.9
