1933.12 0
5658.41 0
8638.64 0
15344.2 1
16834.3 1
17579.3 1
19814.5 2
20559.6 2
28755.2 3
32480.5 3
33225.6 3
42166.3 3
42911.3 3
52597.1 3
53342.1 3
62282.8 3
63027.9 3
64518 3
75693.9 3
89104.9 3
90595 3
103261 3
104006 3
117417 3
118162 3
119652 3
129338 3
131573 3
141259 3
142749 3
150945 3
152435 3
153180 3
163611 3
165101 3
165846 3
166591 3
178512 3
180002 3
193413 3
194903 3
195648 3
206824 3
207569 3
208314 3
209059 3
219490 3
220235 3
220980 3
221725 3
223215 3
232156 3
232901 3
233646 3
234391 3
243332 3
244077 3
244822 3
253763 3
254508 3
255253 3
256743 3
267919 3
268664 3
269409 3
270899 3
271644 3
285800 3
286545 3
287290 3
288780 3
289526 3
290271 3
305917 3
306662 3
308152 3
309642 3
318583 3
319328 3
320818 3
323053 3
331249 3
331994 3
340935 3
341680 3
343170 3
348385 3
349130 3
350620 3
351365 3
356581 3
357326 3
358071 3
358816 3
359561 3
361796 3
363286 3
364031 3
364776 3
365521 3
367757 3
369247 3
370737 3
371482 3
