242 0
843 0
1206 0
1803 0
2283 0
2646 0
3005 0
3603 0
4202 0
4684 0
5283 0
5642 0
5887 0
6483 0
7083 0
7683 0
8047 0
9007 0
9487 0
9967 0
10567 0
11287 0
11767 0
12367 0
12967 0
13807 0
14287 0
14767 0
15607 0
16087 0
17047 0
17527 0
18007 0
18487 0
19087 0
19927 0
20407 0
20887 0
21847 0
22327 0
23287 0
23767 0
24247 0
25203 0
25682 0
26162 0
26646 0
27487 0
27967 0
28807 0
29287 0
29767 0
30607 0
31087 0
31807 0
31927 0
32407 0
33007 0
33847 0
34327 0
34807 0
35767 0
36247 0
36967 0
37087 0
38047 0
38527 0
39007 0
39487 0
40327 0
40807 0
41407 0
41887 0
42847 0
43327 0
43807 0
44642 0
45007 0
45487 0
45967 0
46807 0
47287 0
47767 0
48723 0
49202 0
49682 0
