1490.12 0
5215.41 0
5960.46 0
10430.8 0
12666 1
14156.1 1
14901.2 1
25332 2
27567.1 2
28312.2 2
40233.1 2
41723.3 2
43213.4 2
55134.3 2
55879.4 2
56624.4 2
57369.5 2
69290.4 2
70780.5 2
71525.6 2
72270.6 2
82701.4 2
84191.6 2
85681.7 2
86426.7 2
87171.8 2
96857.5 2
97602.6 2
98347.7 2
108033 2
109524 2
110269 2
111014 2
121444 2
123680 2
124425 2
125170 2
125915 2
138581 2
140816 2
141561 2
142306 2
143051 2
144541 2
152737 2
154972 2
155717 2
163168 2
165403 2
166148 2
166893 2
175089 2
178069 2
179559 2
180304 2
181049 2
190735 2
195950 2
196695 2
203401 2
215322 2
216067 2
225008 2
225753 2
235438 2
236183 2
236928 2
248849 2
250340 2
251085 2
251830 2
265241 2
267476 2
268221 2
268966 2
269711 2
282377 2
285357 2
286102 2
297278 2
300258 2
301749 2
302494 2
309944 2
312924 2
314415 2
315160 2
315905 2
321865 2
324100 2
325590 2
326335 2
327080 2
333786 2
335276 2
336766 2
338256 2
339001 2
339746 2
344962 2
346452 2
347197 2
349432 2
