2235.17 0
6705.52 0
8195.64 0
15646.2 0
16391.3 0
17881.4 2
29057.3 2
29802.3 3
31292.4 3
43958.4 3
45448.5 3
58114.5 3
58859.6 3
59604.6 3
73015.7 3
73760.7 3
74505.8 3
87916.9 3
88661.9 3
99092.7 3
99837.8 3
111759 3
112504 3
126660 3
127405 3
128150 3
143796 3
145286 3
146031 3
146776 3
156462 3
157207 3
157952 3
167638 3
168383 3
169128 3
169873 3
181794 3
182539 3
183284 3
184029 3
184774 3
197440 3
198185 3
198931 3
209361 3
210106 3
221282 3
222027 3
230968 3
231713 3
233203 3
242889 3
244379 3
245869 3
246614 3
258535 3
260770 3
262260 3
263005 3
279397 3
280142 3
295043 3
295788 3
296533 3
308454 3
309199 3
319630 3
321120 3
331551 3
333041 3
341982 3
343472 3
344217 3
350922 3
351667 3
352412 3
353158 3
356883 3
357628 3
358373 3
359118 3
359863 3
362843 3
363588 3
364333 3
365078 3
365824 3
366569 3
369549 3
370294 3
371039 3
371784 3
372529 3
373274 3
374019 3
374764 3
375509 3
376254 3
376999 3
377744 3
378489 3
