3725.29 0
9685.75 0
11175.9 0
20861.6 0
21606.7 0
22351.7 0
23096.8 0
35017.7 0
35762.8 0
48428.8 0
49918.9 0
50663.9 0
62584.9 0
64075 0
64820.1 0
65565.1 0
77486 0
78231.1 0
78976.2 0
91642.1 0
92387.2 0
93132.3 0
93877.3 0
102073 0
102818 0
103563 0
104308 0
105798 0
115484 0
116229 0
116974 0
117719 0
119209 0
131875 0
132620 0
133365 0
134110 0
134856 0
136346 0
149012 0
149757 0
150502 0
151247 0
160187 0
160933 0
161678 0
162423 0
172108 0
172853 0
173599 0
174344 0
175834 0
187755 0
188500 0
189245 0
189990 0
191480 0
192225 0
202656 0
204146 0
204891 0
205636 0
213832 0
216812 0
217557 0
218302 0
226498 0
227243 0
227988 0
237674 0
238419 0
239164 0
239909 0
252575 0
253320 0
254065 0
254810 0
255555 0
270456 0
271201 0
271946 0
272691 0
273436 0
274181 0
286847 0
287592 0
288337 0
289083 0
289828 0
290573 0
291318 0
303239 0
303984 0
304729 0
305474 0
316650 0
317395 0
327826 0
328571 0
329316 0
