2241.32 2
6709.67 3
8199.79 2
14906.3 2.5
16394.4 2
28317.4 1
31296.6 2
42472.5 2.5
43217.5 2.9
53648.3 3.24483
54393.4 3.55301
67059.4 1
67804.4 2
68551.5 2.5
83450.7 1
84195.7 2
96861.7 2.5
97606.8 2.9
109530 3.24483
111017 3.55301
120701 3.83446
122193 4.09525
122939 4.33944
131876 4.56988
133369 4.78871
134115 4.99753
135604 5.19763
146038 5.39003
148273 5.57555
149018 5.75491
150505 5.92867
151252 6.09735
163914 1
164659 1
165409 2
166899 3
167644 4
169131 4.25
178073 4.48529
178815 4.70824
180307 4.92064
181054 1
189994 2
191486 2
192973 3
203402 3.33333
204894 3.63333
206384 3.90856
215328 4.16441
216815 4.40454
219052 4.63158
230224 4.84749
231714 5.05378
232463 1
234698 2
246620 3
248851 3.33333
249601 3.63333
257796 1
259286 2
260031 2.5
270457 2.9
271202 3.24483
283873 3.55301
284618 3.83446
286105 4.09525
300260 1
301005 2
302500 3
303245 3
315906 1
316651 1
318146 2
329317 2
330062 2.5
338258 2.9
339750 3.24483
350183 3.55301
352419 3.83446
353164 4.09525
359124 4.33944
359865 4.56988
360610 4.78871
362101 4.99753
363591 5.19763
365082 5.39003
365826 5.57555
367317 5.75491
368806 5.92867
369551 6.09735
371042 6.26135
371787 6.42106
373277 6.5768
375515 6.72885
376260 6.87746
377003 7.02286
377751 7.16526
378496 7.30482
379241 7.44171
379986 7.57609
