606 1
607 2
1606 2
1607 4
2086 4
2087 8
2806 8
2807 9
3286 9
3287 10
4006 10
4007 11
4486 11
4487 12
5086 12
5087 13
5806 13
5807 14
6406 14
6407 15
6886 15
6887 16
7606 16
7607 17
8201 17
8202 1
9286 1
9287 2
9886 2
9887 3
10366 3
10367 4
11086 4
11087 5
11681 5
11682 6
12286 6
12287 1
12766 1
12767 2
13366 2
13367 4
13846 4
13847 5
14446 5
14447 6
14926 6
14927 7
15406 7
15407 8
16006 8
16007 9
16606 9
16607 1
17205 1
17206 2
17566 2
17567 4
18046 4
18047 1
18526 1
18527 2
19245 2
19246 3
19721 3
19722 4
20326 4
20327 5
20806 5
20807 1
21286 1
21287 2
21766 2
21767 1
22486 1
22487 2
22846 2
22847 3
23446 3
23447 1
23926 1
23927 2
24406 2
24407 1
25486 1
25487 2
25966 2
25967 3
26566 3
26567 1
29201 1
29202 2
29806 2
29807 3
30406 3
30407 4
31006 4
31007 1
49486 1
49487 2
