4473.5 16.6549
11922.1 10.0027
13411.2 16.6723
23847 12.4958
24592.1 17.6415
26077.2 17.6471
26822.2 22.2222
37254.1 22.2289
37999.1 26.3232
38743.2 26.3251
39488.2 30.0101
40233.3 31.5789
40978.3 35
42473.5 33.3227
44707.6 33.3259
51410.2 42.1053
52159.2 42.0934
52904.3 42.0904
53644.3 42.1053
62590 26.6571
63335.1 26.6667
64075.1 31.2631
64820.2 31.2631
66310.3 29.4118
75253 29.4187
75997.1 29.4211
76742.1 29.4094
77491.2 29.4002
78976.3 29.4118
79721.4 33.3333
88663.1 20.0072
90152.2 23.5387
90901.2 24.9916
91647.3 24.9895
101329 23.5294
102818 23.5294
103567 23.5294
104313 27.7757
105798 26.3251
115489 26.3084
116979 26.3065
117723 26.3158
118468 26.3176
119954 28.5806
128899 20
129644 20
130390 24.9979
138585 16.6667
139330 16.6685
149016 14.2857
149761 20
151252 18.7484
163172 15.7895
177328 5.26316
178814 9.52624
189994 11.7647
191480 11.7647
204150 10.5263
205640 14.2857
206384 14.997
216072 18.7484
219052 16.6654
219795 21.0541
229483 14.2857
230226 20.0036
231713 18.7547
238423 25.0028
239167 25
240654 25
242149 28.5577
248854 28.5714
249598 28.5714
251085 28.5714
253323 26.6714
254815 29.4118
261520 29.4118
262265 29.4094
265989 20.0036
274931 16.6667
275675 16.6679
279402 16.6642
289831 10.5263
290576 13.3357
302499 11.7628
303242 11.7647
303984 16.6704
315163 17.6498
315908 17.6471
316650 17.6471
318145 21.0452
330064 20
331551 11.1153
332300 15.7906
341985 18.75
343475 18.7453
344221 18.75
356886 11.1111
357633 11.1103
368809 6.66667
373279 16.6667
