240 6000
360 4500
480 3000
600 1500
720 4500
840 3000
960 1500
1080 0
1240 6000
1360 4500
1480 3000
1600 1500
1720 7500
1840 6000
1960 4500
2080 3000
2200 9000
2320 7500
2440 6000
2560 4500
2680 10500
2800 9000
2920 7500
3040 6000
3160 12000
3280 10500
3400 9000
3520 7500
3640 13500
3760 12000
3880 10500
4000 9000
4120 7500
4240 13500
4360 12000
4480 10500
4600 9000
4720 15000
4840 13500
4960 12000
5080 10500
5200 16500
5320 15000
5440 13500
5560 12000
5680 18000
5800 16500
5920 15000
6040 13500
6160 19500
6280 18000
6400 16500
6520 15000
6640 21000
6760 19500
6880 18000
7000 16500
7120 16500
7240 21000
7360 19500
7480 18000
7600 16500
7720 22500
7840 21000
7960 19500
8080 18000
8200 22500
8320 21000
8440 19500
8560 18000
8680 24000
8800 22500
8920 21000
9040 19500
9160 25500
9280 24000
9400 22500
9520 21000
9640 27000
9760 25500
9880 24000
10000 22500
10120 21000
10240 27000
10360 25500
10480 24000
10600 22500
10720 28500
10840 27000
10960 25500
11080 24000
11200 30000
11320 28500
11440 27000
11560 25500
11680 31500
11800 30000
11920 28500
12040 27000
12160 33000
12280 31500
12400 30000
12520 28500
12640 34500
12760 33000
12880 31500
13000 30000
13120 30000
13240 34500
13360 33000
13480 31500
13600 30000
13720 36000
13840 34500
13960 33000
14080 31500
14200 37500
14320 36000
14440 34500
14560 33000
14680 37500
14800 36000
14920 34500
15040 33000
15160 39000
15280 37500
15400 36000
15520 34500
15640 39000
15760 37500
15880 36000
16000 34500
16120 33000
16240 37500
16360 36000
16480 34500
16600 33000
16720 39000
16840 37500
16960 36000
17080 34500
17200 39000
17320 37500
17440 36000
17560 34500
17680 39000
17800 37500
17920 36000
18040 34500
18160 39000
18280 37500
18400 36000
18520 34500
18640 40500
18760 39000
18880 37500
19000 36000
19120 34500
19240 39000
19360 37500
19480 36000
19600 34500
19720 40500
19840 39000
19960 37500
20080 36000
20200 42000
20320 40500
20440 39000
20560 37500
20680 43500
20800 42000
20920 40500
21040 39000
21160 43500
21280 42000
21400 40500
21520 39000
21640 43500
21760 42000
21880 40500
22000 39000
22120 37500
22240 43500
22360 42000
22480 40500
22600 39000
22720 43500
22840 42000
22960 40500
23080 39000
23200 45000
23320 43500
23440 42000
23560 40500
23680 45000
23800 43500
23920 42000
24040 40500
24160 45000
24280 43500
24400 42000
24520 40500
24640 46500
24760 45000
24880 43500
25000 42000
25120 40500
25240 45000
25360 43500
25480 42000
25600 40500
25720 45000
25840 43500
25960 42000
26080 40500
26200 45000
26320 43500
26440 42000
26560 40500
26680 45000
26800 43500
26920 42000
27040 40500
27160 45000
27280 43500
27400 42000
27520 40500
27640 45000
27760 43500
27880 42000
28000 40500
28120 39000
28240 43500
28360 42000
28480 40500
28600 39000
28720 45000
28840 43500
28960 42000
29080 40500
29200 45000
29320 43500
29440 42000
29560 40500
29680 45000
29800 43500
29920 42000
30040 40500
30160 43500
30280 42000
30400 40500
30520 39000
30640 45000
30760 43500
30880 42000
31000 40500
31120 40500
31240 43500
31360 42000
31480 40500
31600 39000
31720 42000
31840 40500
31960 39000
32080 37500
32200 42000
32320 40500
32440 39000
32560 37500
32680 42000
32800 40500
32920 39000
33040 37500
33160 43500
33280 42000
33400 40500
33520 39000
33640 45000
33760 43500
33880 42000
34000 40500
34120 40500
34240 43500
34360 42000
34480 40500
34600 39000
34720 45000
34840 43500
34960 42000
35080 40500
35200 45000
35320 43500
35440 42000
35560 40500
35680 43500
35800 42000
35920 40500
36040 39000
36160 45000
36280 43500
36400 42000
36520 40500
36640 45000
36760 43500
36880 42000
37000 40500
37120 39000
37240 43500
37360 42000
37480 40500
37600 39000
37720 43500
37840 42000
37960 40500
38080 39000
38200 43500
38320 42000
38440 40500
38560 39000
38680 43500
38800 42000
38920 40500
39040 39000
39160 43500
39280 42000
39400 40500
39520 39000
39640 42000
39760 40500
39880 39000
40000 37500
40120 36000
40240 40500
40360 39000
40480 37500
40600 36000
40720 39000
40840 37500
40960 36000
41080 34500
41200 39000
41320 37500
41440 36000
41560 34500
41680 39000
41800 37500
41920 36000
42040 34500
42160 37500
42280 36000
42400 34500
42520 33000
42640 37500
42760 36000
42880 34500
43000 33000
43120 31500
43240 36000
43360 34500
43480 33000
43600 31500
43720 37500
43840 36000
43960 34500
44080 33000
44200 37500
44320 36000
44440 34500
44560 33000
44680 37500
44800 36000
44920 34500
45040 33000
45160 36000
45280 34500
45400 33000
45520 31500
45640 36000
45760 34500
45880 33000
46000 31500
46120 30000
46240 34500
46360 33000
46480 31500
46600 30000
46720 36000
46840 34500
46960 33000
47080 31500
47200 36000
47320 34500
47440 33000
47560 31500
47680 37500
47800 36000
47920 34500
48040 33000
48160 37500
48280 36000
48400 34500
48520 33000
48640 39000
48760 37500
48880 36000
49000 34500
49120 33000
49240 37500
49360 36000
49480 34500
49600 33000
49720 39000
49840 37500
49960 36000
