1510.27 49.7945
5234.56 20.0054
5978.61 33.3483
16411.4 13.3321
17899.5 12.5
31312.6 10
32800.7 10
40253.3 16.6667
49939 7.69231
50684.1 14.2857
61114.9 13.3333
61862 13.3309
73035.8 12.5
73780.9 17.6471
74524 17.6526
84211.7 20
84956.8 20
85701.8 25
97622.8 11.7647
98367.8 11.7647
112524 10
113269 14.2857
114012 14.2875
128170 14.2857
128915 14.2857
140836 11.7647
142324 11.1128
152757 12.5
153502 13.3309
154245 18.75
166913 15.7895
167660 15.7872
168405 15.785
169150 19.9946
180324 12.5021
181069 12.5021
182557 16.6716
191500 20
192245 20
202676 13.3333
203421 13.3333
213107 7.69231
213852 14.2857
225775 11.7628
226518 11.7647
239185 11.1119
239929 15.7917
240672 15.7917
249615 21.4306
250360 21.4286
251105 26.6667
263026 11.7647
263771 16.6667
264514 16.6692
279419 13.6347
280162 13.6364
280905 13.6364
281650 17.3913
289103 30.7756
289848 30.7692
290591 30.7692
291336 30.7692
292826 33.3333
300279 33.3333
301024 33.3333
301767 33.3333
302512 33.3333
304002 33.3333
312945 29.4118
313690 33.3333
314435 33.3333
315178 33.3333
324120 21.4286
324865 26.6667
325609 26.6714
326354 26.6667
336043 24.9958
336786 25
337531 24.9958
338279 29.4025
339020 29.4118
347217 23.0769
347962 23.0817
348705 23.0769
356160 24.9944
356905 24.9944
357646 30.7756
358391 30.7692
362117 50.0252
362862 50.0252
363606 50
364352 55.5556
365842 50
369568 50
370313 50
371057 50
371806 49.9732
373296 49.9732
374786 49.9776
378509 50
