763.939 0
2293.31 1024
3056.25 0
3824.68 1024
4587.62 2048
5350.56 3072
6113.5 3072
6876.44 3072
7639.37 3072
8402.31 3072
9165.25 3072
9928.19 3072
10691.1 3072
11454.1 3072
12217 3072
12980 3072
13742.9 3072
14505.8 3072
15268.8 3072
16031.7 3072
16794.6 3072
17557.6 3072
18320.5 3072
19083.5 3072
19846.4 3072
20609.3 3072
21372.3 3072
22135.2 3072
22898.2 3072
23661.1 3072
24424 3072
25187 3072
25949.9 3072
26712.9 3072
27475.8 3072
28238.7 3072
29001.7 3072
29764.6 3072
30527.6 3072
31290.5 3072
32053.4 3072
32816.4 3072
33579.3 3072
34342.3 3072
35105.2 3072
35868.1 3072
36631.1 3072
37394 3072
38157 3072
38919.9 3072
39682.8 3072
40445.8 3072
41208.7 3072
41971.7 3072
42734.6 3072
43497.5 3072
44260.5 3072
45023.4 3072
45786.3 3072
46549.3 3072
47312.2 3072
48075.2 3072
48838.1 3072
49601 3072
50364 3072
51126.9 3072
51889.9 3072
52652.8 3072
53415.7 3072
54178.7 3072
54941.6 3072
55704.6 3072
56467.5 3072
57230.4 3072
57993.4 3072
58756.3 3072
59519.3 3072
60282.2 3072
61045.1 3072
61808.1 3072
62571 3072
63334 3072
64096.9 3072
64859.8 3072
65622.8 3072
66385.7 3072
67148.7 3072
67911.6 3072
68674.5 2048
69437.5 1024
70200.4 0
