2240.32 2
9690.9 2
11179 2.5
22355.9 2.9
23845 3.24483
33527.8 3.55301
35020.9 1
35764.9 2
43217.5 2.5
44707.6 2.9
54393.4 3.24483
56627.6 3.55301
66314.3 3.83446
67059.4 4.09525
67803.4 4.33944
78980.3 4.56988
79725.4 4.78871
80469.4 4.99753
81214.5 5.19763
93881.5 5.39003
94626.5 5.57555
95370.6 5.75491
96115.6 5.92867
96860.7 6.09735
111763 6.26135
112508 6.42106
113253 1
113997 2
114744 3
115489 4
128150 4.25
129643 4.25
130389 1
131133 1
137836 2
139331 3
147526 3.33333
148267 3.63333
149015 3.90856
159447 1
160192 1
160938 1
171364 2
184780 1
185524 2
199680 2.5
200426 2.9
213832 3.24483
214581 3.55301
226498 3.83446
227247 1
227992 2
236184 2.5
237677 2.9
246618 3.24483
248107 3.55301
256304 3.83446
257793 4.09525
258539 4.33944
268970 4.56988
270456 4.78871
271205 4.99753
271949 5.19763
282381 5.39003
285362 5.57555
286107 5.75491
286851 1
287596 2
297282 3
298771 3.33333
299513 3.63333
307713 3.90856
309202 4.16441
310692 1
318889 2
320379 3
321865 3.33333
333045 3.63333
334534 3.90856
336024 4.16441
347201 4.40454
347946 1
348690 1
349437 1
361358 2
369554 3
370299 3.33333
376259 3.63333
377005 3.90856
377748 4.16441
378493 4.40454
379238 4.63158
379983 4.84749
380728 5.05378
381473 5.25165
382218 5.44207
382963 5.62582
383708 5.80357
384453 5.97588
385200 6.14322
