2984.38 2984.38
7454.73 4470.35
8942.85 5958.46
17139.5 9684.75
18628.6 11173.9
19377.7 10434.8
20122.7 11179.9
32785.7 13408
33533.8 13411
42472.5 9686.75
43217.5 10431.8
52158.2 9685.75
52902.3 9684.75
63333.1 11174.9
64078.1 11175.9
64822.2 11919.9
76744.1 13411
77489.2 13411
78233.2 13411
78978.3 14156.1
90901.2 14157.1
91645.3 14156.1
92389.3 14156.1
93134.4 14156.1
107292 16390.3
108037 17135.3
108781 17135.3
109530 17140.3
110275 17140.3
124428 17136.3
125176 15646.2
125921 15646.2
136352 11923.9
137094 11917.9
137838 11916.9
139332 13411
149016 12664
150504 11171.9
151993 12661
162427 13411
163915 13411
166154 14161.1
175837 13410
176582 14155.1
187761 11178.9
188503 11920.9
201170 13409
201914 14153.1
203403 14900.2
216071 14901.2
216815 14901.2
218304 14901.2
219053 15650.2
229481 13410
230226 13411
230974 12670
231719 12666
232460 13407
242147 11172.9
242892 11172.9
243636 11175.9
254813 12666
255558 12666
256302 13410
257047 13411
269714 14901.2
270459 14901.2
271204 14902.2
271948 15646.2
284615 14156.1
297281 12666
298026 13411
308457 11175.9
320381 11923.9
321126 12669
330064 9682.75
330809 9682.75
336769 6705.52
338259 8194.64
339005 8195.64
343475 6705.52
345710 7451.58
346455 8196.64
347199 8194.64
349434 5959.46
352416 6705.52
353161 6705.52
353905 6705.52
355395 8195.64
356885 7450.58
359866 7450.58
360611 7450.58
361355 7450.58
363591 8196.64
365081 9685.75
365827 8941.7
368807 8940.7
369552 8940.7
370300 8944.7
373277 9685.75
