2252.17 0
6722.52 0
9702.75 0
17153.3 1
18643.5 1
19388.5 1
21623.7 1
30564.4 2
33544.6 2
34289.7 2
43230.4 2
43975.4 2
45465.5 2
55896.4 2
57386.5 2
68562.3 2
70052.5 2
71542.6 2
81973.4 2
82718.4 2
83463.5 2
84953.6 2
96129.5 2
96874.5 2
97619.6 2
99109.7 2
111031 2
112521 2
114011 2
122952 2
123697 2
132637 2
133382 2
144558 2
145303 2
146793 2
155734 2
157224 2
158714 2
159459 2
167655 2
169145 2
170635 2
171380 2
172125 2
181066 2
182556 2
184791 2
190752 2
192987 2
195967 2
203418 2
204908 2
207143 2
210123 2
217574 2
223534 2
230240 2
230985 2
235455 2
242161 2
242906 2
245886 2
247376 2
255572 2
256317 2
259297 2
260787 2
262277 2
268983 2
270473 2
272708 2
283139 2
283884 2
285374 2
294315 2
295805 2
297295 2
305491 2
306981 2
307726 2
308471 2
316667 2
318157 2
318902 2
327097 2
328588 2
329333 2
339018 2
341254 2
341999 2
343489 2
349449 2
351684 2
352429 2
353920 2
355410 2
361370 2
363605 2
365095 2
370311 2
372546 2
374781 2
