1495.27 2
5216.56 2
5964.61 2.5
14160.3 2
15650.4 2.5
27573.3 2.9
29061.4 3.24483
40979.3 3.55301
42473.5 1
43219.5 1
52904.3 2
64080.1 2.5
66311.3 2.9
77491.2 3.24483
79722.4 3.55301
89412.1 3.83446
90157.2 4.09525
92388.3 4.33944
104314 4.56988
105059 4.78871
105802 4.99753
108040 1
117721 2
118465 3
119215 3.33333
130387 3.63333
131132 3.90856
131879 4.16441
143797 4.40454
144542 4.63158
145290 4.84749
146781 1
157212 2
157953 3
158699 3.33333
170624 3.63333
171370 1
172860 1
184776 2
195206 2.5
195951 2.9
206382 3.24483
207127 3.55301
219793 3.83446
221286 4.09525
222033 4.33944
233953 4.56988
236190 1
236935 2
237680 2
248855 3
251086 3.33333
260027 3.63333
260775 3.90856
263007 4.16441
270458 4.40454
271206 4.63158
273437 4.84749
274931 5.05378
283127 5.25165
283872 5.44207
286103 5.62582
287597 5.80357
288344 5.97588
299519 1
300264 1
302495 1
303985 2
304735 2
315906 3
316651 3.33333
322611 3.63333
324104 3.90856
324851 4.16441
332297 4.40454
333790 4.63158
334537 4.84749
336025 5.05378
344218 5.25165
345713 5.44207
346458 5.62582
347946 5.80357
349436 5.97588
356889 6.14322
357634 6.306
358377 6.46458
359867 6.61927
361357 6.77034
365827 6.91805
366575 7.0626
367318 7.20419
368808 7.343
369553 7.47918
371043 7.61288
374770 7.74424
375515 7.87337
376260 8.00038
377751 8.12537
378496 8.24844
379241 8.36968
