562.943 1
563.943 2
1562.94 2
1563.94 3
2009.98 3
2010.98 4
2675.53 4
2676.53 5
3239.32 5
3240.32 6
3681.36 6
3682.36 7
4356.91 7
4357.91 8
4803.95 8
4804.95 8.125
5474.5 8.125
5475.5 8.24808
6033.29 8.24808
6034.29 8.36932
6480.33 8.36932
6481.33 8.4888
7145.88 8.4888
7146.88 8.6066
7597.91 8.6066
7598.91 1
8268.47 1
8269.47 2
8827.26 2
8828.26 3
9274.29 3
9275.29 4
9944.85 4
9945.85 5
10391.9 5
10392.9 5.2
11062.4 5.2
11063.4 5.39231
11621.8 5.39231
11622.8 1
12068.3 1
12069.3 2
12738.8 2
12739.8 3
13180.8 3
13181.8 1
13856.4 1
13857.4 2
14303.4 2
14304.4 2.5
14974 2.5
14975 2.9
15421 2.9
15422 3.24483
16091.6 3.24483
16092.6 3.55301
16538.6 3.55301
16539.6 1
18103.2 1
18104.2 2
18657 2
18658 1
19109.1 1
19110.1 2
19779.6 2
19780.6 2.5
20338.4 2.5
20339.4 2.9
20897.2 2.9
20898.2 3.24483
21344.2 3.24483
21345.2 1
22461.8 1
22462.8 2
23020.6 2
23021.6 2.5
23467.6 2.5
23468.6 1
24026.4 1
24027.4 2
24920.5 2
24921.5 2.5
25367.5 2.5
25368.5 1
27491 1
27492 2
28049.8 2
28050.8 2.5
28608.6 2.5
28609.6 2.9
29502.6 2.9
29503.6 1
30508.4 1
30509.4 2
31067.2 2
31068.2 1
31961.3 1
31962.3 2
32630.9 2
32631.9 1
33861.2 1
33862.2 2
34308.2 2
34309.2 2.5
34978.8 2.5
34979.8 1
35425.8 1
35426.8 2
35984.6 2
35985.6 2.5
36431.7 2.5
36432.7 2.9
37102.2 2.9
37103.2 1
37549.2 1
37550.2 2
38108 2
38109 2.5
38443.3 2.5
38444.3 1
39449.1 1
39450.1 2
39896.2 2
39897.2 1
41572.6 1
41573.6 2
41907.8 2
41908.8 1
42466.6 1
42467.6 2
42913.7 2
42914.7 2.5
43919.5 2.5
43920.5 1
46042.9 1
46043.9 2
46601.7 2
46602.7 1
47155.5 1
47156.5 2
47607.5 2
47608.5 2.5
48501.6 2.5
48502.6 2.9
49395.7 2.9
49396.7 1
49954.5 1
49955.5 2
