2984.38 24.9652
7454.73 9.99443
8942.85 16.6627
17139.5 8.69405
18628.6 11.9986
19377.7 11.5348
20122.7 14.8103
32785.7 4.54502
33533.8 4.44363
35019.9 6.38259
44707.6 4.99954
45452.7 4.91758
46940.8 4.76169
48430.9 6.15357
55882.5 5.33303
56628.6 5.26277
58116.7 5.12802
58860.7 5.06319
67803.4 4.3954
68548.5 5.43453
69292.5 5.37618
70782.7 5.263
71526.7 5.20825
82705.6 4.50428
83449.7 4.46412
84193.7 5.3096
84938.8 5.26302
86432.9 5.17205
87172.9 5.12814
97605.8 4.58
98350.8 4.54531
99839.9 2.23876
108782 2.05474
110271 2.70265
111017 2.68449
112506 2.64896
123683 2.40958
125176 2.38084
125921 2.36675
126662 2.94113
127407 2.92393
138584 2.68811
139329 2.67374
140073 2.65953
150505 1.48512
151250 1.4778
151994 1.47057
161681 1.38246
162429 1.37609
163174 1.82642
163915 1.81816
172855 1.72413
173602 1.71671
174346 1.70938
175091 2.12763
176581 2.10968
187758 1.98409
188503 1.97625
189247 1.96848
189996 1.96072
191486 1.94546
192972 2.31658
205639 2.17388
207132 1.0791
207877 1.43365
208622 1.42853
217560 0.684922
218308 0.682575
219794 1.01694
230226 0.970861
230969 0.967737
232460 0.96153
245875 0.909068
246620 1.20843
257793 0.578028
258541 0.864533
259286 0.862049
268224 0.833324
269713 0.828723
270457 0.826443
271948 1.09588
280893 1.06098
282379 1.0554
283869 1.04986
285359 1.04438
286107 1.30206
295046 1.26261
296535 1.25627
298025 1.24999
307712 0.726385
309201 0.722887
310695 0.71941
319633 0.699294
320376 0.697672
321126 0.928056
322612 0.923781
331554 0.449434
332297 0.672643
333792 0.669631
342730 0.652168
