451.184 1
452.184 2
1009.98 2
1010.98 3
1451.18 3
1452.18 4
1898.22 4
1899.22 5
2568.77 5
2569.77 6
3126.56 6
3127.56 7
3574.6 7
3575.6 8
4245.15 8
4246.15 8.125
4687.19 8.125
4688.19 8.24808
5362.74 8.24808
5363.74 8.36932
5921.53 8.36932
5922.53 8.4888
6368.57 8.4888
6369.57 8.6066
7039.12 8.6066
7040.12 8.72279
7486.15 8.72279
7487.15 8.83744
8155.71 8.83744
8156.71 8.95059
8710.5 8.95059
8711.5 9.06232
9161.53 9.06232
9162.53 9.17266
9833.09 9.17266
9834.09 9.28168
10280.1 9.28168
10281.1 1
10950.7 1
10951.7 2
11509.5 2
11510.5 3
11956.5 3
11957.5 4
12626.1 4
12627.1 1
13074.1 1
13075.1 2
13744.6 2
13745.6 2.5
14186.7 2.5
14187.7 2.9
14862.2 2.9
14863.2 1
15309.3 1
15310.3 2
15979.8 2
15980.8 1
16538.6 1
16539.6 2
16985.6 2
16986.6 1
18103.2 1
18104.2 2
19109.1 2
19110.1 2.5
20114.9 2.5
20115.9 1
21232.5 1
21233.5 2
21678.5 2
21679.5 2.5
22121.5 2.5
22122.5 2.9
22680.3 2.9
22681.3 3.24483
23355.9 3.24483
23356.9 3.55301
23802.9 3.55301
23803.9 3.83446
24473.5 3.83446
24474.5 4.09525
25032.3 4.09525
25033.3 4.33944
25479.3 4.33944
25480.3 4.56988
26038.1 4.56988
26039.1 1
26596.9 1
26597.9 2
27150.7 2
27151.7 3
27602.7 3
27603.7 1
28156.5 1
28157.5 2
28719.3 2
28720.3 1
29162.3 1
29163.3 2
29837.9 2
29838.9 2.5
30396.7 2.5
30397.7 2.9
30843.7 2.9
30844.7 3.24483
31290.8 3.24483
31291.8 3.55301
31961.3 3.55301
31962.3 1
33078.9 1
33079.9 2
33525.9 2
33526.9 2.5
33861.2 2.5
33862.2 1
35090.6 1
35091.6 2
35425.8 2
35426.8 2.5
36431.7 2.5
36432.7 1
36766.9 1
36767.9 2
37772.8 2
37773.8 1
39223.6 1
39224.6 2
39784.4 2
39785.4 1
40231.5 1
40232.5 2
40902 2
40903 2.5
41460.8 2.5
41461.8 2.9
41679.3 2.9
41680.3 3.24483
42354.9 3.24483
42355.9 3.55301
42913.7 3.55301
42914.7 3.83446
43360.7 3.83446
43361.7 4.09525
44031.3 4.09525
44032.3 4.33944
44478.3 4.33944
44479.3 1
49615.8 1
49616.8 2
