2997.23 0
7467.58 0
10447.8 0
11937.9 0
20133.6 1
20878.6 1
23113.8 1
25349 1
35034.7 1
35779.8 1
36524.8 1
44720.5 1
45465.5 1
55151.3 1
55896.4 1
57386.5 1
67072.2 1
68562.3 1
70052.5 1
70797.5 1
79738.2 1
81228.3 1
83463.5 1
94639.4 1
96129.5 1
97619.6 1
107305 1
109541 1
111031 1
111776 1
120716 1
123697 1
124442 1
132637 1
134873 1
136363 1
145303 1
146048 1
148284 1
149774 1
160204 1
161695 1
162440 1
174361 1
176596 1
177341 1
188517 1
189262 1
199693 1
201183 1
201928 1
212359 1
213849 1
214594 1
215339 1
222789 1
225025 1
225770 1
234710 1
236945 1
237691 1
247376 1
248866 1
260042 1
260787 1
262277 1
271963 1
272708 1
283139 1
296550 1
297295 1
307726 1
309216 1
319647 1
321137 1
321882 1
330078 1
331568 1
332313 1
333058 1
340509 1
341999 1
342744 1
343489 1
344234 1
350194 1
352429 1
353175 1
353920 1
354665 1
355410 1
362860 1
365841 1
366586 1
374036 1
375526 1
377761 1
378506 1
382232 1
382977 1
383722 1
384467 1
385212 1
