486 24
1086 40
1446 25
2526 41
2886 41
3246 34
3846 39
4926 29
5527 23
6126 26
6726 27
7083 26
8163 23
9847 19
10927 17
11287 18
11767 17
12246 16
13087 15
13567 15
14527 15
15847 16
16686 16
17162 16
17407 15
18007 15
18847 15
19203 16
20047 16
20887 17
21847 17
22327 17
23287 17
23767 17
24126 18
24967 18
25447 18
26162 20
26527 20
27607 20
27967 18
28447 18
28927 18
29407 18
30247 19
30722 19
31682 19
32047 20
32527 20
33007 20
33967 20
34447 24
35527 23
36007 23
36607 23
37327 21
37567 23
38047 20
38407 18
40087 17
40447 15
40807 15
41407 15
41887 15
42246 16
43682 18
43927 20
44526 19
44882 16
45367 20
46927 22
47287 21
48487 23
48847 21
49202 21
49683 20
