1495.27 49.8278
5216.56 20.0215
5964.61 33.3408
14160.3 16.6611
15650.4 15.3846
27573.3 11.1095
29061.4 11.1111
40984.3 11.1111
42472.5 11.1111
43216.5 15.7906
49925 25
51413.2 25
52903.3 23.0745
53647.3 28.5714
61096.9 26.6762
62590 26.6643
64081.1 26.6619
65569.3 24.9979
75256 13.3345
76745.1 17.6498
77489.2 18.7516
90157.2 15
91646.3 10.5256
104313 10.5263
105058 11.1103
120705 9.09091
121450 13.0435
122194 13.0442
135607 14.999
136351 15
137097 19.0464
137842 19.0452
148272 13.3345
149017 18.7516
150506 17.6498
159448 20
160193 20
161682 20
172115 17.6457
172859 22.2222
173603 22.2239
175093 22.2222
182541 28.5824
183289 28.5714
184033 33.3363
185524 31.25
186268 33.3363
194462 31.25
195207 31.2579
195954 31.25
197447 31.2448
198189 35.2969
198934 35.2941
209363 30
210109 30
212345 16.6667
222778 16.6629
223520 21.0526
234698 12.5
236188 11.7628
246619 12.5
247364 17.6471
248854 17.6471
260027 16.6704
260775 16.6667
261520 21.0541
263012 21.0497
275678 19.0428
277168 10.5263
278656 14.2875
288343 13.3345
289832 13.3333
300260 12.5042
301753 12.5
302497 17.6485
313676 16.6605
315165 16.6654
327832 5.88189
328577 11.1103
339008 13.3333
339748 13.3393
347947 16.6685
348692 23.0793
349436 23.0698
354649 33.3532
355398 33.3333
356142 40.0054
356887 40
361354 44.4444
362103 44.4444
362847 44.4444
363592 44.4444
364338 50
370299 41.648
371044 41.6667
371788 41.6667
372535 41.6573
373280 41.6573
374025 46.1443
378496 54.5388
