4489.5 19.2746
12687.1 9.08869
14921.3 14.2843
29079.4 9.09035
29823.5 9.99933
39510.2 14.2857
40254.3 14.2857
40998.3 20.0018
48447.9 25.0084
49193 25.0056
49939 25
51429.2 28.5714
59625.8 26.6619
60368.9 26.6667
61114.9 26.6667
62605 26.6667
72289.8 23.5331
73037.8 27.7757
73780.9 27.7757
74526 27.7778
76761.1 26.3158
84213.7 31.2421
84955.8 31.2579
85701.8 35.2997
86446.9 35.2941
87191.9 35.2941
88682.1 37.5
95388.6 40.0036
96131.6 40
96877.7 40
97622.8 43.75
98367.8 43.75
99857.9 41.1765
100601 43.7573
107310 43.75
108053 43.75
108799 43.75
109544 43.75
110289 43.75
111034 47.0588
113267 44.4511
114012 44.4444
121466 42.1053
122212 42.0963
122955 42.1053
123700 42.1053
124445 42.1053
125190 42.1053
125935 45
128168 45
129660 42.8517
135622 47.3684
136367 47.3718
137111 47.3684
137858 47.3617
138603 47.3617
139348 47.3617
140093 47.3617
142324 47.3684
143069 50
144561 50
151268 47.619
152013 31.2526
154245 31.25
154990 35.2941
155739 35.283
157227 35.2941
163931 25
164676 30.7692
165421 30.7819
166913 30.7692
175856 14.2802
176601 19.9928
178089 20
186284 21.4347
187028 21.4368
188520 21.4286
190757 23.5257
199697 22.2189
200439 22.2222
201931 22.2222
203421 23.5331
204168 27.7778
212361 29.4164
213105 29.4118
214597 29.4118
216834 27.7736
217579 27.7778
227262 25
228010 28.566
228753 28.5678
230243 28.5714
232476 28.5787
233220 28.5806
240675 33.3284
241418 33.3408
242163 36.8499
243656 34.9953
244397 36.8473
246632 36.8421
