3745.44 2
11197 2
13431.2 2.5
24609.1 2.9
28334.4 3.24483
35779.9 3.55301
38020.1 3.83446
38762.2 4.09525
46957.8 1
49938 2
50683.1 3
52175.2 3.33333
64094.1 3.63333
64839.2 3.90856
66331.3 4.16441
76013.1 4.40454
77507.2 4.63158
78250.2 4.84749
78997.3 5.05378
87934 1
89429.1 2
90174.2 3
90919.2 3.33333
91663.3 3.33333
101350 3.63333
102092 3.90856
102839 4.16441
111036 4.40454
111778 4.63158
112525 4.84749
114015 5.05378
122207 5.25165
122954 5.44207
123699 5.62582
125191 5.80357
125935 1
134873 1
136368 2
137110 3
138602 1
150524 2
151269 2.5
163935 1
164677 1
175106 2
185542 2.5
187031 2.9
199698 3.24483
201932 1
214596 1
216089 2
230242 2.5
231732 1
245888 2
259299 2.5
260789 2.9
274946 3.24483
276438 1
286867 2
287612 2.5
299532 2.9
300278 3.24483
308473 3.55301
309965 3.83446
310708 4.09525
321142 4.33944
322631 4.56988
323374 4.78871
324121 1
334553 2
336043 3
336785 3.33333
346474 3.63333
347216 3.90856
348708 4.16441
355415 4.40454
356160 4.63158
357649 4.84749
358393 5.05378
361375 5.25165
362118 5.44207
363609 5.62582
364354 5.80357
365100 5.97588
367334 6.14322
368079 6.306
369570 6.46458
370314 6.61927
371060 6.77034
373294 6.91805
374785 7.0626
375529 7.20419
377021 7.343
377765 7.47918
378511 7.61288
380747 7.74424
382237 7.87337
382982 8.00038
383727 8.12537
385217 8.24844
