10689.4 10689.4
10689.4 0
22903.7 12214.3
22903.7 0
24430.5 1526.88
24430.5 0
38170.7 13740.1
38170.7 0
39697.6 1526.88
39697.6 0
41223.4 1525.88
41223.4 0
42749.3 1525.88
42749.3 0
56481.2 13731.9
58008.1 1526.88
59534 1525.88
61059.9 1525.88
68688.3 7628.39
71020.2 2331.94
71020.2 0
80762.1 9741.89
80762.1 0
83947 3184.97
88524.7 4577.64
90051.6 1526.88
91577.4 1525.88
96154.1 4576.64
100732 4577.64
102259 1526.88
102259 0
103784 1525.88
108361 4576.64
112939 4577.64
114466 1526.88
114547 81.6364
122094 7546.76
126672 4577.64
128199 1526.88
129724 1525.88
137353 7628.39
141930 4577.64
141930 0
143457 1526.88
144983 1525.88
155663 10680.2
157190 1526.88
158716 1525.88
158716 0
160242 1525.88
161768 1525.88
172448 10680.2
173975 1526.88
175501 1525.88
177027 1525.88
178553 1525.88
178553 0
189233 10680.2
190760 1526.88
192285 1525.88
193811 1525.88
195337 1525.88
196863 1525.88
198404 1540.66
206018 7614.61
207544 1525.88
209070 1525.88
210596 1525.88
218224 7628.39
218224 0
219751 1526.88
221277 1525.88
222803 1525.88
230431 7628.39
231958 1526.88
231958 0
233484 1525.88
235010 1525.88
236536 1525.88
247216 10680.2
248743 1526.88
250269 1525.88
251795 1525.88
251795 0
253321 1525.88
262970 9649.07
268579 5609.72
270105 1525.88
280785 10680.2
282312 1526.88
283838 1525.88
283838 0
290752 6914.02
300623 9870.65
302149 1525.88
303675 1525.88
311303 7628.39
311303 0
312830 1526.88
314356 1525.88
325036 10680.2
326563 1526.88
326563 0
328089 1525.88
329615 1525.88
340295 10680.2
341822 1526.88
343347 1525.88
344873 1525.88
344873 0
346399 1525.88
357079 10680.2
358606 1526.88
360132 1525.88
361658 1525.88
363184 1525.88
363184 0
373864 10680.2
375391 1526.88
376917 1525.88
378443 1525.88
379969 1525.88
381494 1525.88
383456 1961.92
396753 13296.9
398279 1525.88
399805 1525.88
410485 10680.2
412012 1526.88
412012 0
413538 1525.88
413635 96.8544
425756 12121.4
427282 1525.88
428808 1525.88
433393 4584.87
433393 0
434920 1526.88
436446 1525.88
445610 9164.51
447137 1526.88
447137 0
448663 1525.88
450189 1525.88
457817 7628.39
459344 1526.88
460870 1525.88
462396 1525.88
462396 0
463922 1525.88
474602 10680.2
476129 1526.88
477655 1525.88
479180 1525.88
480706 1525.88
480706 0
491386 10680.2
492913 1526.88
494439 1525.88
495965 1525.88
496156 190.469
511224 15068.3
512750 1525.88
514276 1525.88
528008 13731.9
529534 1526.88
529534 0
531060 1525.88
533721 2660.69
541741 8020.46
543267 1525.88
544793 1525.88
555473 10680.2
555473 0
557000 1526.88
558526 1525.88
569206 10680.2
570733 1526.88
570733 0
575310 4576.64
582939 7629.39
584466 1526.88
585992 1525.88
590569 4576.64
593804 3235.43
601251 7446.72
605827 4576.64
610405 4577.64
614983 4577.64
614983 0
622612 7629.39
627190 4577.64
631767 4577.64
633294 1526.88
633294 0
634820 1525.88
636346 1525.88
640931 4584.87
642458 1526.88
643984 1525.88
645509 1525.88
645509 0
647035 1525.88
651614 4578.64
653141 1526.88
654667 1525.88
656193 1525.88
657718 1525.88
657718 0
659244 1525.88
663821 4576.64
665348 1526.88
672976 7628.39
674503 1526.88
676029 1525.88
677555 1525.88
677555 0
679081 1525.88
680607 1525.88
685703 5096.04
692814 7110.99
694340 1525.88
695865 1525.88
697391 1525.88
701968 4576.64
706546 4577.64
708072 1526.88
708072 0
709598 1525.88
711124 1525.88
715701 4576.64
723330 7629.39
724857 1526.88
726383 1525.88
726383 0
727909 1525.88
732486 4576.64
740115 7629.39
741642 1526.88
743168 1525.88
744694 1525.88
746219 1525.88
746697 477.344
758426 11729.7
759952 1525.88
761478 1525.88
769098 7619.54
770633 1535.74
772159 1525.88
779788 7628.39
781315 1526.88
782841 1525.88
782841 0
793521 10680.2
795048 1526.88
796573 1525.88
798099 1525.88
798099 0
811831 13731.9
813358 1526.88
814884 1525.88
816410 1525.88
826079 9669.18
833195 7115.48
843875 10680.2
845402 1526.88
849360 3958.88
860660 11299.9
865237 4576.64
875918 10681.2
875918 0
877445 1526.88
888136 10691.4
889663 1526.88
889663 0
891189 1525.88
901869 10680.2
903396 1526.88
904922 1525.88
906448 1525.88
906448 0
920180 13731.9
921707 1526.88
923233 1525.88
924758 1525.88
932387 7628.39
932387 0
933914 1526.88
935440 1525.88
936456 1016.49
949173 12716.4
950698 1525.88
952224 1525.88
962904 10680.2
964431 1526.88
965957 1525.88
965957 0
975205 9248.08
982742 7536.59
984268 1525.88
998000 13731.9
999527 1526.88
999527 0
1.01179e+06 12267.1
1.01479e+06 2991.73
1.01631e+06 1525.88
1.03004e+06 13731.9
1.03157e+06 1526.88
1.03921e+06 7640.63
1.03921e+06 0
1.04074e+06 1526.88
1.04838e+06 7637.63
1.0499e+06 1526.88
1.05022e+06 314.88
1.05906e+06 8841.39
1.06059e+06 1526.88
1.06211e+06 1525.88
1.07279e+06 10680.2
1.07432e+06 1526.88
1.07432e+06 0
1.07584e+06 1525.88
1.07738e+06 1535.11
1.07891e+06 1528.88
1.08043e+06 1525.88
1.08043e+06 0
1.08196e+06 1525.88
1.08349e+06 1525.88
1.08501e+06 1525.88
1.08654e+06 1525.88
1.08806e+06 1525.88
1.08959e+06 1525.88
1.08959e+06 0
1.09112e+06 1525.88
1.09264e+06 1525.88
1.09417e+06 1525.88
1.09569e+06 1525.88
1.09722e+06 1525.88
1.09874e+06 1525.88
1.09874e+06 0
1.10027e+06 1525.88
1.1018e+06 1525.88
1.10332e+06 1525.88
1.10485e+06 1525.88
1.10637e+06 1525.88
1.1079e+06 1525.88
1.10943e+06 1525.88
1.10943e+06 0
1.11095e+06 1525.88
1.11248e+06 1525.88
1.114e+06 1525.88
1.11553e+06 1525.88
1.11705e+06 1525.88
1.11858e+06 1525.88
1.12011e+06 1525.88
1.12163e+06 1525.88
1.12316e+06 1525.88
1.12316e+06 0
1.12468e+06 1525.88
1.12621e+06 1525.88
1.12774e+06 1525.88
1.12926e+06 1525.88
1.13079e+06 1525.88
1.13231e+06 1525.88
1.13384e+06 1525.88
1.13537e+06 1525.88
1.13689e+06 1525.88
1.13689e+06 0
1.13842e+06 1525.88
1.13994e+06 1525.88
1.14147e+06 1525.88
1.14299e+06 1525.88
1.14452e+06 1525.88
1.14605e+06 1525.88
1.14757e+06 1525.88
1.1491e+06 1525.88
1.15062e+06 1525.88
1.15215e+06 1525.88
1.15368e+06 1525.88
1.15368e+06 0
1.1552e+06 1525.88
1.15673e+06 1525.88
1.15825e+06 1525.88
1.15978e+06 1525.88
1.16131e+06 1525.88
1.16283e+06 1525.88
1.16436e+06 1525.88
1.16588e+06 1525.88
1.16741e+06 1525.88
1.16893e+06 1525.88
1.17046e+06 1525.88
1.17046e+06 0
1.17199e+06 1525.88
1.17351e+06 1525.88
1.17504e+06 1525.88
1.17656e+06 1525.88
1.17809e+06 1525.88
1.17962e+06 1525.88
1.18114e+06 1525.88
1.18267e+06 1525.88
1.18419e+06 1525.88
1.18572e+06 1525.88
1.18621e+06 487.469
1.19487e+06 8667.8
1.1964e+06 1525.88
1.19793e+06 1525.88
1.19945e+06 1525.88
1.20098e+06 1525.88
1.2025e+06 1525.88
1.20263e+06 130.065
1.20861e+06 5973.45
1.21013e+06 1525.88
1.21166e+06 1525.88
1.2132e+06 1538.11
1.21472e+06 1525.88
1.21472e+06 0
1.21625e+06 1525.88
1.21732e+06 1073.17
1.22084e+06 3516.7
1.22237e+06 1525.88
1.22389e+06 1525.88
1.22543e+06 1538.11
1.22543e+06 0
1.22695e+06 1525.88
1.22848e+06 1525.88
