605 605
1565 960
2046 1046
3365 1800
3965 1965
4447 2401
5045 2545
6366 3366
7447 3947
7927 3962
8527 4527
9126 4626
10327 5282
10807 5307
12607 6107
13927 6427
14166 6166
15126 6126
15722 6222
16682 6182
17162 6162
18847 5847
19807 5807
20287 5787
21247 5747
21726 5726
22567 5567
23047 5547
24126 5126
25202 5202
25567 5067
26407 4907
26887 4887
27722 4722
28202 4702
29047 4547
30126 4626
30487 4487
30967 4467
31327 4327
32287 4287
32642 4142
33607 4107
34567 4067
35047 4047
35407 3907
36247 3747
36607 3607
37682 3682
38642 3642
39007 3507
39723 3223
40447 3447
41407 3407
42365 3365
42846 3346
43083 3360
43566 3566
43805 3358
44162 3662
45007 3600
45487 3987
46087 3722
46682 4182
47047 4201
47527 4527
48126 4626
48607 4802
48847 4847
49447 4947
