2240.32 2240.32
9690.9 7450.58
11179 8937.7
22355.9 12665
23847 12668
34276.8 10429.8
35021.9 11173.9
44705.6 10428.8
45452.7 10430.8
56628.6 11922.9
57373.6 12667
58117.7 12665
70039.6 13411
70784.7 13411
71528.7 14154.1
72275.8 14158.1
83450.7 13411
84196.7 11920.9
84939.8 12663
95369.6 11918.9
96116.6 11919.9
96860.7 11920.9
108783 13413
109529 14158.1
110272 14155.1
111019 14158.1
120705 11921.9
121449 10429.8
122193 11172.9
131134 10429.8
131879 10430.8
132623 10430.8
144545 13411
145290 13411
146036 14155.1
146780 14156.1
160937 16391.3
162426 17135.3
175839 14902.2
177327 16389.3
178074 15648.2
188500 12661
189249 11921.9
201911 13411
202660 13411
217561 15650.2
218306 15646.2
219050 16389.3
234697 17136.3
235442 17136.3
236188 17137.3
236932 17880.4
250344 15646.2
251834 16391.3
252579 16391.3
253325 16393.3
264501 11921.9
265246 11920.9
266734 13408
275672 11170.9
276417 11170.9
277910 11175.9
287597 11924.9
288342 11924.9
289086 12668
290578 12668
302499 14902.2
303243 14901.2
315164 12665
315909 13409
327085 11175.9
327830 11919.9
339752 12667
340497 12667
347942 7445.58
348687 8189.64
356138 8195.64
356883 8195.64
365079 8940.7
366572 10432.8
367319 10435.8
371789 6710.52
372534 5962.46
373277 6704.52
374022 6703.52
374767 2978.23
375512 2978.23
376257 2980.23
377003 2980.23
377748 3724.29
378493 3725.29
379238 3725.29
379983 3725.29
380728 3725.29
381473 3725.29
382218 4469.35
382963 4470.35
383708 4470.35
384455 4472.35
385200 4472.35
