2050 0
4450 128
5474 0
6851 128
7875 128
8899 0
9924 128
10948 128
11972 128
12996 128
14020 128
15044 128
16068 128
17092 128
18116 0
20650 0
23050 128
24074 0
25451 128
26475 128
27499 0
28524 128
29548 128
30572 128
31596 128
32620 128
33644 128
34668 128
35692 0
38050 0
40450 128
41474 0
42851 128
43875 128
44899 0
45924 128
46948 128
47972 128
48996 128
50020 128
51044 128
52068 128
53092 0
55450 0
57850 128
58874 0
60251 128
61275 0
62300 128
63324 128
64348 128
65372 128
66396 128
67420 128
68444 128
69468 128
70492 0
72851 0
75251 0
76277 0
77651 0
78677 128
79701 128
80725 128
81749 128
82773 128
83797 128
84821 128
85845 128
86869 128
87893 0
90251 0
92651 0
93677 0
95051 0
96077 128
97101 128
98125 128
99149 128
