240 6000
360 4500
480 3000
600 1500
720 4500
840 3000
960 1500
1080 0
1240 6000
1360 4500
1480 3000
1600 1500
1720 7500
1840 6000
1960 4500
2080 3000
2200 9000
2320 7500
2440 6000
2560 4500
2680 10500
2800 9000
2920 7500
3040 6000
3160 12000
3280 10500
3400 9000
3520 7500
3640 13500
3760 12000
3880 10500
4000 9000
4120 7500
4240 13500
4360 12000
4480 10500
4600 9000
4720 15000
4840 13500
4960 12000
5080 10500
5200 15000
5320 13500
5440 12000
5560 10500
5680 16500
5800 15000
5920 13500
6040 12000
6160 18000
6280 16500
6400 15000
6520 13500
6640 19500
6760 18000
6880 16500
7000 15000
7120 13500
7240 19500
7360 18000
7480 16500
7600 15000
7720 21000
7840 19500
7960 18000
8080 16500
8200 21000
8320 19500
8440 18000
8560 16500
8680 22500
8800 21000
8920 19500
9040 18000
9160 22500
9280 21000
9400 19500
9520 18000
9640 24000
9760 22500
9880 21000
10000 19500
10120 18000
10240 24000
10360 22500
10480 21000
10600 19500
10720 25500
10840 24000
10960 22500
11080 21000
11200 27000
11320 25500
11440 24000
11560 22500
11680 27000
11800 25500
11920 24000
12040 22500
12160 28500
12280 27000
12400 25500
12520 24000
12640 30000
12760 28500
12880 27000
13000 25500
13120 24000
13240 30000
13360 28500
13480 27000
13600 25500
13720 31500
13840 30000
13960 28500
14080 27000
14200 33000
14320 31500
14440 30000
14560 28500
14680 34500
14800 33000
14920 31500
15040 30000
15160 36000
15280 34500
15400 33000
15520 31500
15640 37500
15760 36000
15880 34500
16000 33000
16120 31500
16240 36000
16360 34500
16480 33000
16600 31500
16720 37500
16840 36000
16960 34500
17080 33000
17200 39000
17320 37500
17440 36000
17560 34500
17680 39000
17800 37500
17920 36000
18040 34500
18160 39000
18280 37500
18400 36000
18520 34500
18640 39000
18760 37500
18880 36000
19000 34500
19120 33000
19240 39000
19360 37500
19480 36000
19600 34500
19720 40500
19840 39000
19960 37500
20080 36000
20200 40500
20320 39000
20440 37500
20560 36000
20680 40500
20800 39000
20920 37500
21040 36000
21160 40500
21280 39000
21400 37500
21520 36000
21640 40500
21760 39000
21880 37500
22000 36000
22120 36000
22240 39000
22360 37500
22480 36000
22600 34500
22720 40500
22840 39000
22960 37500
23080 36000
23200 42000
23320 40500
23440 39000
23560 37500
23680 42000
23800 40500
23920 39000
24040 37500
24160 43500
24280 42000
24400 40500
24520 39000
24640 43500
24760 42000
24880 40500
25000 39000
25120 39000
25240 42000
25360 40500
25480 39000
25600 37500
25720 42000
25840 40500
25960 39000
26080 37500
26200 42000
26320 40500
26440 39000
26560 37500
26680 42000
26800 40500
26920 39000
27040 37500
27160 43500
27280 42000
27400 40500
27520 39000
27640 45000
27760 43500
27880 42000
28000 40500
28120 39000
28240 43500
28360 42000
28480 40500
28600 39000
28720 43500
28840 42000
28960 40500
29080 39000
29200 43500
29320 42000
29440 40500
29560 39000
29680 43500
29800 42000
29920 40500
30040 39000
30160 43500
30280 42000
30400 40500
30520 39000
30640 42000
30760 40500
30880 39000
31000 37500
31120 36000
31240 42000
31360 40500
31480 39000
31600 37500
31720 43500
31840 42000
31960 40500
32080 39000
32200 43500
32320 42000
32440 40500
32560 39000
32680 42000
32800 40500
32920 39000
33040 37500
33160 42000
33280 40500
33400 39000
33520 37500
33640 40500
33760 39000
33880 37500
34000 36000
34120 34500
34240 39000
34360 37500
34480 36000
34600 34500
34720 40500
34840 39000
34960 37500
35080 36000
35200 40500
35320 39000
35440 37500
35560 36000
35680 40500
35800 39000
35920 37500
36040 36000
36160 39000
36280 37500
36400 36000
36520 34500
36640 39000
36760 37500
36880 36000
37000 34500
37120 33000
37240 37500
37360 36000
37480 34500
37600 33000
37720 37500
37840 36000
37960 34500
38080 33000
38200 39000
38320 37500
38440 36000
38560 34500
38680 39000
38800 37500
38920 36000
39040 34500
39160 39000
39280 37500
39400 36000
39520 34500
39640 39000
39760 37500
39880 36000
40000 34500
40120 33000
40240 37500
40360 36000
40480 34500
40600 33000
40720 39000
40840 37500
40960 36000
41080 34500
41200 40500
41320 39000
41440 37500
41560 36000
41680 42000
41800 40500
41920 39000
42040 37500
42160 40500
42280 39000
42400 37500
42520 36000
42640 42000
42760 40500
42880 39000
43000 37500
43120 36000
43240 39000
43360 37500
43480 36000
43600 34500
43720 39000
43840 37500
43960 36000
44080 34500
44200 39000
44320 37500
44440 36000
44560 34500
44680 39000
44800 37500
44920 36000
45040 34500
45160 39000
45280 37500
45400 36000
45520 34500
45640 39000
45760 37500
45880 36000
46000 34500
46120 34500
46240 37500
46360 36000
46480 34500
46600 33000
46720 37500
46840 36000
46960 34500
47080 33000
47200 37500
47320 36000
47440 34500
47560 33000
47680 37500
47800 36000
47920 34500
48040 33000
48160 37500
48280 36000
48400 34500
48520 33000
48640 37500
48760 36000
48880 34500
49000 33000
49120 33000
49240 36000
49360 34500
49480 33000
49600 31500
49720 37500
49840 36000
49960 34500
