2240.32 33.2567
9690.9 10
11179 16.6704
22356.9 11.7647
23845 11.7647
32782.7 14.2926
34275.8 14.2857
35019.9 20.0018
43218.5 21.4183
44706.6 21.4286
45450.7 21.4286
46196.7 26.6643
55134.4 25.0105
56627.6 25
57371.6 25
58116.7 25.0021
67804.4 23.522
68550.5 27.7674
70038.6 27.7778
71528.7 26.3139
72272.8 26.3158
83451.7 23.808
84195.7 23.811
85684.8 26.09
86429.9 27.2727
94622.5 21.4368
95367.6 26.6762
96115.6 28.5714
96860.7 28.5714
105058 28.5577
105802 28.5605
106546 28.5714
107292 33.3333
108037 33.3333
116229 33.3483
116978 33.3333
117722 33.3333
118467 33.3333
119212 37.5
120703 35.2941
129640 33.3333
130385 33.3433
131133 33.3333
131878 33.3333
132623 33.3333
133369 35.2941
134114 38.8889
144541 35
145286 35
146032 35.007
146780 35
147525 35
148270 35
149017 34.9953
149762 38.0904
160188 38.0952
161683 36.3525
162428 36.3525
163171 36.3636
175094 16.6667
175839 16.6667
176582 21.0556
178072 20
179562 22.7273
189990 25.0084
190739 25.0017
191483 25
192973 25
194463 25
205636 23.8095
206385 27.2661
207129 27.2744
207874 27.2727
209364 27.2727
210854 27.2744
222777 26.0809
223522 26.087
224268 29.165
225011 29.1667
237679 15.7884
238424 15.7895
239167 20.0027
240657 19.0476
251085 22.2305
251830 22.2305
252578 22.2222
254070 22.2189
254812 26.3176
263756 29.4002
264501 29.4002
265989 19.9982
274931 20.0018
275672 20.009
277165 20
287597 17.6471
288338 22.2289
289083 22.2222
290578 22.2189
301753 21.0526
303244 19.9933
