1495.27 2
5216.56 2
5964.61 2.5
14160.3 2
15650.4 2.5
27573.3 2.9
29061.4 3.24483
40979.3 3.55301
42472.5 3.83446
43216.5 4.09525
49924 4.33944
51413.2 4.56988
52903.3 4.78871
53647.3 4.99753
60350.9 5.19763
61844 5.39003
63334.1 5.57555
64824.2 5.75491
73016.8 5.92867
73761.9 6.09735
75255 6.26135
76745.1 1
78237.2 2
87176.9 3
88668.1 4
89413.1 4.25
90901.2 4.48529
100588 4.70824
101329 4.92064
102077 5.12386
102822 5.31903
112509 5.50703
113254 5.68862
113998 5.86441
114743 6.03493
115488 6.20063
125921 6.36191
126665 1
127409 1
128156 2
128901 2
129646 2
137097 3
137841 4
146037 4.25
146782 4.48529
148271 4.70824
149760 4.92064
158703 5.12386
159448 5.31903
160937 5.50703
163171 5.68862
174349 5.86441
175095 1
175838 2
177330 2
179562 3
190741 3.33333
192973 3.63333
193718 3.90856
199677 4.16441
201914 4.40454
203405 4.63158
211598 4.84749
212347 1
214580 1
216073 2
226499 3
229484 3.33333
240659 3.63333
241405 3.90856
242148 4.16441
251086 4.40454
251831 4.63158
252579 4.84749
254069 5.05378
264497 5.25165
265242 5.44207
265990 5.62582
267480 5.80357
268224 5.97588
278653 1
279398 2
280143 2
281638 3
283126 3.33333
296534 3.63333
298027 3.90856
298771 4.16441
307710 4.40454
309203 4.63158
309947 4.84749
310692 5.05378
317401 5.25165
318889 5.44207
320379 5.62582
321123 5.80357
322616 5.97588
330067 6.14322
331557 6.306
