242 0
847 0
1242 0
2327 0
2447 0
3527 0
3646 0
4722 0
5327 0
5447 0
6047 0
7126 0
7247 0
7847 0
8447 0
9527 0
9642 0
10247 0
11327 0
11447 0
12047 0
12643 0
13726 0
13847 0
14807 0
14927 0
15887 0
16487 0
16607 0
17567 0
18047 0
19126 0
19246 0
20327 0
21407 0
21527 0
22607 0
22722 0
23204 0
24162 0
24287 0
24887 0
25967 0
26567 0
26927 0
27767 0
28246 0
29202 0
29327 0
30287 0
30646 0
31487 0
32087 0
32202 0
32807 0
34247 0
34367 0
35203 0
35807 0
36162 0
37607 0
39047 0
39162 0
39767 0
40126 0
41682 0
41807 0
42887 0
43723 0
43847 0
45287 0
46247 0
47087 0
48887 0
49367 0
49967 0
