3728.44 19.9831
9687.9 12.5021
11177 20.0054
20863.8 13.3333
21608.8 18.75
22352.9 20
23097.9 25
34274.8 22.2222
35019.9 26.3158
35763.9 26.3176
36509 30.002
37254.1 30
38748.2 31.8104
40238.3 30.4277
41728.4 31.9931
52159.2 33.3277
52901.3 33.3333
53645.3 33.3333
55135.4 22.2289
63332.1 26.6738
64077.1 31.2579
64821.2 31.2526
74508 20
75253 20
75997.1 20
88664.1 15.7895
89409.1 15.7895
90153.2 20.0013
90898.2 20
102820 21.0526
103565 21.0526
104309 21.0526
105054 25
105799 25
116976 26.3158
117721 26.3158
118466 26.3139
119214 26.3084
119959 26.3084
120701 30
134116 15
134858 19.0513
135606 19.0476
137092 18.1818
143798 18.1885
144543 25.0084
146033 25
155720 18.7484
156464 18.75
157953 18.75
158698 23.5313
170623 19.9973
171366 20
172859 19.9946
173604 19.9933
174349 23.8019
184031 27.784
185521 18.7563
186265 18.7579
195207 20
196696 14.2843
207873 11.7647
209366 11.761
222029 10.5263
222775 15
224264 15.004
235440 16.6667
236934 15.7861
237679 19.996
239165 20
249600 21.0482
250342 22.2272
251086 22.2289
252580 22.2156
253325 26.3084
263753 26.3214
264498 26.3158
265242 18.7563
271948 27.2727
272693 27.2727
273437 27.2727
281634 23.0769
282379 28.5714
283123 28.5742
284613 26.6667
294303 23.5238
295048 23.5238
295789 27.7798
297279 26.3158
298027 27.7716
307712 27.7819
308456 27.784
309200 27.7778
319632 18.7516
320377 18.75
321121 18.75
331554 18.7484
332301 18.7453
333046 18.7437
334536 22.2156
