4470.35 0
11920.9 0
13411 0
23841.9 0
24586.9 0
26077 0
26822.1 0
36507.8 0
37252.9 0
37998 0
47683.7 0
48428.8 0
59604.6 0
60349.7 0
73015.7 0
73760.7 0
75250.9 0
89407 0
90152 0
90897.1 0
91642.1 0
105053 0
106543 0
108033 0
119954 0
121444 0
122935 0
132620 0
134110 0
134856 0
146031 0
146776 0
147521 0
160933 0
161678 0
162423 0
163913 0
178069 0
178814 0
179559 0
181049 0
181794 0
195950 0
196695 0
198185 0
207871 0
208616 0
210106 0
219792 0
220537 0
222027 0
223517 0
230223 0
230968 0
232458 0
233203 0
234693 0
243634 0
244379 0
245869 0
246614 0
247359 0
248849 0
257045 0
259280 0
260770 0
261515 0
269711 0
272691 0
273436 0
279397 0
283122 0
289828 0
292808 0
303239 0
304729 0
314415 0
315905 0
325590 0
327080 0
327826 0
336766 0
337511 0
346452 0
347197 0
347942 0
352412 0
353158 0
353903 0
355393 0
359863 0
360608 0
361353 0
362843 0
368059 0
368804 0
369549 0
371039 0
371784 0
377744 0
