451.184 0
1121.74 0
1343.25 0
2573.6 0
2796.12 0
3019.63 0
3131.39 0
5482.33 0
5705.84 0
5929.36 0
6152.88 0
8835.09 0
9503.64 0
10622.2 0
10842.7 0
12408.4 0
12630.9 0
14531.8 0
14646.5 0
14866.1 0
16655.2 0
16767 0
18108.1 0
18219.8 0
18330.6 0
20119.7 0
20231.5 0
20343.2 0
20458 0
22131.4 0
22243.1 0
22357.9 0
23475.5 0
23587.2 0
24813.6 0
24925.3 0
25147.9 0
26266.4 0
26381.2 0
27495.8 0
27607.6 0
28725.1 0
28839.9 0
29845.7 0
29954.5 0
30065.2 0
31295.6 0
31407.3 0
31518.1 0
31741.6 0
33195.5 0
33307.2 0
33418 0
33529.8 0
33645.5 0
35098.4 0
35207.1 0
36660 0
36771.8 0
36882.5 0
38336.4 0
38448.1 0
40236.3 0
40348 0
42136.2 0
43365.5 0
43588 0
44818.4 0
45152.7 0
46273.3 0
46493.8 0
47837.9 0
48058.4 0
48955.5 0
49845.5 0
