561.943 2
1455.01 3
1677.53 4
3243.15 5
3465.67 1
3577.43 2
6599.91 1
8608.57 2
9389.88 2.5
9612.4 2.9
10507.5 3.24483
10730 3.55301
12072.1 1
12410.4 2
14083.7 1
14311.3 2
15987.6 2.5
16095.4 2.9
17436.5 3.24483
17548.3 3.55301
18777.6 3.83446
18889.4 4.09525
19111.9 1
20342.2 2
20454 3
20565.8 3.33333
22242.1 3.63333
22353.9 3.90856
22576.4 4.16441
23695 4.40454
23806.8 4.63158
23917.5 4.84749
24029.3 1
25371.4 2
25483.1 3
27271.3 3.33333
27383 1
27610.6 2
28947.7 2.5
29063.4 2.9
30065.2 3.24483
30177 3.55301
31406.3 1
31518.1 2
31740.6 2.5
33082.7 2.9
33305.2 3.24483
34763.1 3.55301
34981.6 3.83446
35096.4 4.09525
36323.7 1
36661 2
36772.8 3
38002.1 3.33333
38113.9 3.63333
38334.4 1
39566.7 2
39680.5 2.5
41241.1 2.9
41352.9 1
42919.5 2
44484.1 2.5
44704.6 2.9
46160.5 3.24483
46381 3.55301
48174.2 1
48393.7 2
48621.2 2.5
