2241.32 33.2419
6709.67 16.6741
8199.79 25.0084
14906.3 18.1796
16394.4 23.0793
28317.4 11.1111
31296.6 9.99933
40983.3 11.7647
43217.5 12.5
53648.3 7.14286
55137.4 12.501
66314.3 11.7647
67059.4 12.499
76745.1 14.2857
78234.2 18.7516
78980.3 18.75
87175.9 21.4286
89411.1 19.9982
90158.2 24.9937
90903.2 24.9958
99841.9 15.3878
100587 15.3878
102076 20.0054
112508 17.6471
113253 17.6471
114742 17.6471
123684 20
125176 23.5257
125919 23.5294
136350 13.3357
137095 18.7531
138584 17.6485
149016 12.5
150505 12.5
162427 11.1111
163916 11.1111
165406 15
175093 17.6471
176582 17.6471
177326 18.7516
178071 23.5313
184779 30.7692
186268 30.7692
187758 28.5687
188502 28.5714
196699 25
197445 29.4118
198934 29.4118
200423 29.4141
201172 29.4025
210856 26.3158
211601 26.3158
212346 30
213838 29.994
215325 29.998
216070 30.006
225012 20.0036
226504 23.5294
227245 25.0021
227990 25.0021
237676 14.2857
238421 20
239912 18.7484
249597 18.75
251091 17.6415
252581 17.6429
253325 22.2189
262263 15.391
263011 21.4306
264499 20.0036
274187 18.7453
274932 18.75
276420 18.75
277910 22.2222
289085 20.004
289830 20.004
291324 19.996
292811 20
293559 23.805
301006 23.0865
302497 23.0769
303245 23.0769
310691 23.0769
312182 23.0769
312931 28.5632
313673 28.5796
323357 23.5294
324846 23.5331
325592 23.5387
326339 27.784
338263 16.6605
339008 16.6605
339750 16.6667
345709 30.0161
346454 30.0161
347199 36.3814
347945 36.3636
352418 44.4246
353905 40
354650 40
