1490.27 1490.27
1491.27 1
4470.8 2979.53
4471.8 1
5216.56 744.76
7452.33 2235.77
8943.85 1491.52
13091.4 4147.57
17141.5 4050.07
20866.8 3725.29
32782.7 11915.9
32783.7 1
42468.5 9684.75
43213.5 745.058
55134.4 11920.9
55135.4 1
56628.6 1493.12
67055.4 10426.8
68545.5 1490.12
68546.5 1
81956.5 13410
82701.6 745.058
82702.6 1
97602.8 14900.2
98347.8 745.058
108779 10430.8
110273 1494.12
120700 10426.8
121445 745.058
121446 1
133366 11919.9
135601 2235.17
148268 12667
149761 1493.12
157953 8192.64
157954 1
159443 1488.12
169129 9686.75
170622 1493.12
170623 1
172113 1489.12
183289 11176.9
185525 2235.17
186265 740.058
199681 13416
199682 1
200421 739.058
212342 11920.9
213087 745.058
225753 12666
226498 745.058
241399 14901.2
258535 17136.3
273436 14901.2
273437 1
285362 11924.9
286852 1489.12
298028 11176.9
298029 1
299517 1488.12
311439 11921.9
312925 1485.12
320377 7452.58
322615 2238.17
322616 1
330066 7449.58
330811 745.058
331555 744.058
331556 1
336769 5213.41
337514 745.058
338260 745.058
339751 1491.12
344220 4469.35
344221 1
345711 1490.12
346455 744.058
347946 1491.12
352416 4469.35
353161 745.058
353162 1
354652 1490.12
355396 744.058
356887 1491.12
362101 5214.41
362848 747.058
363592 744.058
363593 1
365083 1489.12
365828 745.058
367318 1490.12
371789 4471.35
372534 745.058
373278 744.058
374023 745.058
374768 745.058
374769 1
375513 744.058
376258 745.058
377004 745.058
377749 745.058
378494 745.058
379239 745.058
