451.184 451.184
1121.74 670.552
1343.25 892.07
2573.6 1451.86
2796.12 1674.38
3020.63 1677.38
3132.39 1789.14
5255.81 2682.21
5478.33 2904.73
5929.36 2796.97
7826.26 2570.45
9279.12 1452.86
9501.64 1675.38
11182 1902.9
11401.5 1899.9
12855.4 1673.38
13078.9 1896.9
13301.4 1899.9
14420 1564.62
14755.3 1676.38
14870.1 1791.14
15089.6 1788.14
16546.4 1676.38
16766 1895.9
16993.5 1903.9
18443.3 1896.9
18780.6 1787.14
19896.2 1452.86
20346.2 1565.62
21349.1 1452.86
21684.3 1788.14
23249 1564.62
23362.7 1678.38
24701.8 1452.86
24928.3 1565.62
26380.2 1451.86
27722.3 1342.1
27941.8 1561.62
29283.9 1561.62
29506.4 1564.62
30625 1341.1
30738.8 1454.86
31071.1 1564.62
32413.2 1788.14
32524.9 1786.14
32751.5 2012.66
32975 1903.9
34424.8 2011.66
34651.3 1676.38
34762.1 1787.14
35989.5 1564.62
36212 1560.62
36323.7 1561.62
37554.1 1564.62
37777.6 1788.14
37891.4 1679.38
38004.1 1680.38
39677.5 1786.14
39789.2 1897.9
40011.8 2007.66
41689.1 1899.9
41911.7 1899.9
43253.8 1564.62
43476.3 1564.62
43591 1679.38
44818.4 1564.62
45040.9 1564.62
45268.4 1677.38
45379.2 1788.14
46497.8 1679.38
46609.5 1568.62
47613.4 1115.59
47726.1 1228.35
47946.6 1337.1
48730.9 1117.59
48952.5 1226.35
49179 1232.35
49290.7 1344.1
