1490.27 1490.27
5216.56 3726.29
5960.61 4470.35
14160.3 8943.7
14906.3 8945.7
27567.3 13407
28312.4 13406
40233.3 12666
41727.4 13415
42473.5 14161.1
49919 9685.75
51409.2 9681.75
52154.2 9680.75
53648.3 11174.9
61840 11920.9
64079.1 12670
64825.2 12671
66315.3 12667
76001.1 14161.1
77490.2 15650.2
78980.3 12665
88667.1 12666
90152.2 12662
91646.3 12666
100588 11920.9
102077 13410
103567 13415
105057 13411
112509 11920.9
113998 11920.9
115488 13411
116974 13407
118469 13412
125920 13411
126665 12667
130390 11920.9
138582 12662
139331 12666
142306 11915.9
148269 9686.75
149013 10430.8
149758 10426.8
152737 10430.8
159445 11175.9
160938 11924.9
161683 12670
162427 12669
173600 12662
174345 12662
175090 12663
188501 14901.2
189991 15646.2
190736 15646.2
191485 16395.3
204151 13415
204892 13407
205637 14152.1
215323 10430.8
216068 10430.8
225754 10430.8
226499 10430.8
227244 11175.9
239165 13411
240655 14156.1
241400 14156.1
242149 14905.2
255556 14156.1
256301 14901.2
257049 14900.2
268222 12666
268967 12666
269715 12666
270460 13411
279402 11179.9
280147 11179.9
280891 11175.9
281637 11176.9
282382 11921.9
292809 13407
293558 11175.9
294302 11919.9
303241 10431.8
303985 10426.8
304733 10430.8
313672 10430.8
314416 11174.9
315164 11178.9
315909 11175.9
325596 11923.9
326341 11924.9
327085 12669
327830 12666
328575 12666
339003 13407
339748 13407
340493 13408
341242 13412
341987 14157.1
343477 14902.2
353159 14156.1
