4471.35 0
10431.8 0
12667 0
21607.7 0
23097.8 0
25333 0
26823.1 0
37253.9 0
38744 0
39489.1 0
49174.8 0
50664.9 0
52155.1 0
61095.8 0
62585.9 0
64821.1 0
65566.1 0
75996.9 0
76742 0
78977.2 0
80467.3 0
88662.9 0
89408 0
90898.1 0
91643.1 0
92388.2 0
102074 0
102819 0
103564 0
105054 0
105799 0
106544 0
118465 0
119210 0
119955 0
120700 0
122191 0
122936 0
123681 0
134857 0
136347 0
137837 0
138582 0
145287 0
146777 0
148268 0
149013 0
149758 0
157208 0
158698 0
160188 0
161679 0
170619 0
172109 0
173600 0
182540 0
184030 0
195206 0
195951 0
197441 0
210107 0
210852 0
211597 0
212343 0
225754 0
226499 0
227244 0
227989 0
229479 0
237675 0
238420 0
239165 0
239910 0
241400 0
242145 0
249595 0
250341 0
251086 0
251831 0
253321 0
254811 0
256301 0
263006 0
263752 0
264497 0
265242 0
266732 0
268967 0
270457 0
275672 0
276418 0
277163 0
277908 0
286848 0
287593 0
288338 0
289084 0
290574 0
299514 0
301004 0
301750 0
