1490.12 0
5215.41 0
8940.7 0
13411 1
15646.2 1
17136.3 1
18626.5 2
20861.6 2
27567.1 3
32037.5 3
32782.6 3
40978.2 3
41723.3 3
52154.1 3
53644.2 3
62584.9 3
63329.9 3
75250.9 3
75995.9 3
87171.8 3
98347.7 3
99837.8 3
113249 3
114739 3
125915 3
127405 3
128150 3
138581 3
140071 3
140816 3
141561 3
152737 3
154227 3
154972 3
155717 3
157207 3
168383 3
169128 3
169873 3
170618 3
171363 3
172108 3
182539 3
183284 3
184029 3
184774 3
195205 3
195950 3
196695 3
197440 3
206381 3
207871 3
208616 3
209361 3
210106 3
220537 3
222772 3
223517 3
224262 3
235438 3
236183 3
236928 3
238419 3
250340 3
251085 3
251830 3
261515 3
262260 3
263005 3
264496 3
273436 3
274181 3
274926 3
275671 3
276417 3
287592 3
288337 3
289083 3
289828 3
290573 3
301003 3
301749 3
302494 3
303239 3
303984 3
304729 3
314415 3
315160 3
315905 3
317395 3
326335 3
327080 3
327826 3
336021 3
336766 3
337511 3
347942 3
349432 3
350177 3
350922 3
361353 3
362098 3
362843 3
363588 3
