2235.17 0
5960.46 0
9685.75 0
11175.9 0
17881.4 0
19371.5 1
22351.7 1
23841.9 1
33527.6 1
35017.7 1
35762.8 1
42468.3 1
43958.4 1
44703.5 1
45448.5 1
54389.2 1
55879.4 1
56624.4 1
57369.5 1
65565.1 1
66310.2 1
67800.3 1
69290.4 1
78231.1 1
79721.2 1
81211.3 1
90152 1
91642.1 1
92387.2 1
93132.3 1
102818 1
104308 1
105053 1
105798 1
106543 1
117719 1
119954 1
120699 1
131130 1
133365 1
144541 1
147521 1
159442 1
162423 1
163913 1
174344 1
176579 1
186265 1
187755 1
189245 1
198931 1
200421 1
201911 1
202656 1
211596 1
213087 1
214577 1
216067 1
225008 1
225753 1
226498 1
227988 1
229478 1
237674 1
239164 1
239909 1
240654 1
242144 1
243634 1
252575 1
253320 1
254810 1
256300 1
263751 1
265241 1
266731 1
277162 1
278652 1
279397 1
291318 1
292808 1
305474 1
306964 1
316650 1
318885 1
319630 1
329316 1
330061 1
339001 1
339746 1
340492 1
352412 1
353158 1
353903 1
354648 1
365078 1
365824 1
366569 1
367314 1
371039 1
371784 1
372529 1
373274 1
