4471.35 0
10431.8 0
12667 0
21607.7 0
23097.8 0
25333 0
26823.1 0
35763.8 0
37253.9 0
38744 0
40234.1 0
46939.7 0
48429.8 0
56625.4 0
58115.5 0
67801.3 0
69291.4 0
70781.5 0
82702.4 0
84192.6 0
84937.6 0
99838.8 0
100584 0
113250 0
114740 0
124426 0
125171 0
125916 0
138582 0
139327 0
140072 0
140817 0
149758 0
151248 0
151993 0
152738 0
153483 0
163169 0
165404 0
166149 0
174345 0
176580 0
177325 0
185520 0
187756 0
188501 0
189991 0
198186 0
201167 0
201912 0
202657 0
213088 0
213833 0
214578 0
224263 0
225754 0
226499 0
227244 0
239165 0
241400 0
242145 0
242890 0
244380 0
252576 0
254811 0
257046 0
264497 0
265987 0
268222 0
276418 0
277908 0
287593 0
288338 0
290574 0
298769 0
299514 0
301750 0
302495 0
313670 0
314416 0
316651 0
317396 0
318141 0
331552 0
332297 0
333042 0
333787 0
334532 0
344218 0
344963 0
345708 0
346453 0
347198 0
347943 0
352413 0
353159 0
353904 0
355394 0
359119 0
360609 0
361354 0
