3726.29 0
9686.75 0
11176.9 0
20862.6 0
22352.7 0
23842.9 0
24587.9 0
34273.7 0
36508.8 0
37999 0
39489.1 0
45449.5 0
47684.7 0
55135.3 0
57370.5 0
66311.2 0
68546.3 0
70036.5 0
81212.3 0
83447.5 0
85682.7 0
86427.7 0
98348.7 0
99093.7 0
101329 0
102074 0
111760 0
112505 0
113995 0
115485 0
116230 0
126661 0
127406 0
128896 0
141562 0
142307 0
154228 0
154973 0
166894 0
167639 0
169129 0
178070 0
178815 0
179560 0
180305 0
189246 0
190736 0
191481 0
192226 0
203402 0
204147 0
204892 0
215323 0
216068 0
216813 0
227989 0
228734 0
229479 0
230969 0
243635 0
245125 0
245870 0
246615 0
247360 0
256301 0
257791 0
258536 0
259281 0
260026 0
261516 0
267477 0
268967 0
269712 0
270457 0
271202 0
272692 0
273437 0
279398 0
280143 0
280888 0
281633 0
282378 0
283868 0
292064 0
292809 0
294299 0
295044 0
304730 0
305475 0
306965 0
308455 0
309200 0
320376 0
321121 0
322611 0
324846 0
325591 0
327081 0
337512 0
338257 0
339002 0
