4489.5 3865.5
12687.1 8197.64
14921.3 10430.8
29079.4 16392.3
29823.5 14902.2
39507.2 10427.8
49193 9685.75
49940 10431.8
61113.9 11920.9
73036.8 11922.9
73781.9 12667
84212.7 11175.9
84957.8 11175.9
93898.5 9685.75
94643.5 10429.8
95387.6 10429.8
106565 12667
107311 12667
108054 13409
108799 13411
120719 14153.1
121464 14153.1
122210 14156.1
122955 14156.1
124445 15645.2
132641 11922.9
133385 11920.9
134130 11919.9
134876 11920.9
143072 9687.75
143815 9685.75
144560 9684.75
154248 11175.9
155737 11921.9
156484 12668
157227 12667
167659 13411
168402 12665
169148 12664
169893 13408
171386 14158.1
181815 14156.1
182558 14156.1
183304 14156.1
193736 11920.9
194479 11920.9
195225 11920.9
206402 12666
207145 11919.9
219068 12666
230989 11920.9
231735 12666
242163 11173.9
242910 11174.9
254086 11922.9
254832 12668
255575 12665
267498 13412
268242 13410
268986 14153.1
270478 14903.2
278671 11172.9
279416 11173.9
289104 10432.8
290593 11920.9
291339 11922.9
301771 12667
303261 12668
304751 13412
305495 14155.1
315926 11174.9
316671 11918.9
318160 12665
326357 10430.8
327102 10430.8
328591 10430.8
337532 11175.9
338278 11919.9
339023 11920.9
340512 11920.9
347963 10430.8
349452 11174.9
350198 11919.9
350942 11919.9
351688 11175.9
360630 12667
362120 12668
362865 12667
363610 12668
364354 13410
371061 8195.64
371806 8939.7
372549 8938.7
374039 9685.75
375529 4468.35
376272 4466.35
377020 4470.35
378512 5961.46
379253 5213.41
380747 5217.41
