1935.27 1496.27
5659.56 3724.29
8642.79 6706.52
17584.5 11924.9
20564.7 11921.9
32481.6 14897.2
33226.7 12662
39933.2 7451.58
41421.3 8194.64
42168.4 8940.7
51108.1 11174.9
52597.2 11175.9
53344.3 11175.9
54092.3 11922.9
63775.1 12667
65268.2 12671
75696 11920.9
76441.1 12665
77929.2 12661
88365 12669
89110.1 12669
90595.2 12666
92090.3 14160.1
101027 12662
101772 12662
103261 12666
112948 11175.9
114437 12664
115187 11925.9
124869 11920.9
125614 11176.9
126358 11170.9
127103 11914.9
138280 13411
139025 13411
139769 13411
140514 13411
142009 14905.2
153926 15646.2
154671 15646.2
155415 13406
168086 14160.1
168827 14156.1
169571 14156.1
182242 14156.1
182983 14896.2
183727 14900.2
185223 15651.2
195649 13407
205335 9685.75
216511 11175.9
218000 12664
230671 14160.1
232156 15644.2
242592 11920.9
243337 11180.9
255258 12666
256003 12666
257488 14150.1
266431 11172.9
267175 11171.9
267924 10435.8
268669 11179.9
279097 11172.9
279841 11915.9
281330 12661
293252 14155.1
293997 14156.1
295491 14161.1
296235 14904.2
306663 11171.9
307412 11919.9
308897 12662
315604 8940.7
316349 8936.7
317093 8195.64
317838 8939.7
326035 10430.8
326784 10434.8
327529 10435.8
328269 10430.8
329759 11919.9
337210 11175.9
337955 11171.9
338701 11171.9
339445 11175.9
340940 11180.9
346896 9685.75
348385 11173.9
349135 11179.9
356583 9686.75
357331 8945.7
358076 9689.75
358821 9685.75
365524 7447.58
366269 8191.64
367757 8935.7
374467 8943.7
375212 8943.7
376702 8945.7
