3424.38 2955.38
10877 7452.58
12365.1 8939.7
23544.9 12668
26525.2 14160.1
34715.8 11170.9
35464.9 8939.7
36208.9 9682.75
44405.6 9689.75
45150.6 9685.75
45894.7 9685.75
46639.7 10429.8
56326.5 11920.9
57071.6 11920.9
57815.6 11920.9
58560.7 11920.9
67502.4 11175.9
68247.4 11919.9
68991.5 11919.9
69736.5 11920.9
70481.6 11920.9
80168.4 12666
80913.4 12666
81658.5 13410
82404.5 13413
83147.6 13411
95069.5 13411
95814.6 13410
96559.6 14154.1
107736 11920.9
120401 12666
121147 13410
133067 12666
133813 12666
147224 14156.1
147969 14900.2
148714 14901.2
159145 11920.9
160635 12666
161380 13410
174791 14156.1
175536 14900.2
176282 14902.2
189692 14156.1
190437 14155.1
200868 10430.8
201613 11174.9
211299 10430.8
212044 10430.8
224710 12666
225455 13410
237376 12666
238121 12666
248551 11175.9
250041 12664
250788 12667
261217 12666
261963 11174.9
272393 11175.9
273882 11919.9
285060 12667
286548 12666
287295 13411
297721 12661
299961 12667
309647 11925.9
310392 10430.8
318583 8935.7
319328 9679.75
329014 10430.8
330507 11178.9
340190 11175.9
341685 11177.9
342430 11921.9
349880 9690.75
350625 8940.7
351368 8938.7
352859 10427.8
359561 9680.75
360306 9680.75
361051 9682.75
362544 9685.75
367012 7450.58
368505 8942.7
369252 8945.7
369995 8943.7
371485 8940.7
375957 8945.7
377446 8940.7
378193 9686.75
378936 9683.75
379681 9685.75
380426 8940.7
381171 5213.41
381916 4470.35
382661 4468.35
383408 5214.41
384153 5217.41
384898 5217.41
385643 5217.41
