1490.12 0
5215.41 0
8940.7 0
13411 1
15646.2 1
17136.3 1
18626.5 2
20861.6 2
27567.1 3
32037.5 3
32782.6 3
42468.3 3
43213.4 3
53644.2 3
55134.3 3
64075 3
64820.1 3
66310.2 3
78231.1 3
78976.2 3
79721.2 3
81211.3 3
93132.3 3
94622.4 3
95367.4 3
104308 3
106543 3
107288 3
115484 3
116974 3
117719 3
118464 3
127405 3
128895 3
129640 3
130385 3
131130 3
141561 3
143796 3
144541 3
145286 3
146031 3
147521 3
157207 3
160187 3
160933 3
162423 3
169873 3
171363 3
172108 3
172853 3
182539 3
184029 3
185519 3
186265 3
187010 3
197440 3
198931 3
199676 3
201166 3
202656 3
203401 3
212342 3
213087 3
213832 3
223517 3
225008 3
225753 3
226498 3
237674 3
239909 3
240654 3
241399 3
242889 3
253320 3
254810 3
255555 3
256300 3
257790 3
258535 3
268221 3
269711 3
271201 3
271946 3
279397 3
280887 3
282377 3
283867 3
284612 3
292808 3
296533 3
297278 3
306964 3
310689 3
315160 3
319630 3
324845 3
330061 3
330806 3
337511 3
343472 3
344217 3
344962 3
353158 3
