4487.35 0
8957.7 0
12683 0
14918.2 0
26094 1
26839.1 1
29074.3 1
29819.3 1
39505.1 1
47700.7 1
48445.8 1
58876.6 1
59621.6 1
71542.6 1
72287.6 1
73032.7 1
87188.8 1
87933.9 1
88678.9 1
89424 1
101345 1
102090 1
112521 1
113266 1
114011 1
124442 1
125187 1
125932 1
126677 1
138598 1
139343 1
140088 1
140833 1
141578 1
151264 1
152009 1
152754 1
153499 1
163930 1
164675 1
165420 1
177341 1
178086 1
178831 1
179576 1
190007 1
190752 1
191497 1
192242 1
193732 1
200438 1
201183 1
201928 1
210868 1
211613 1
212359 1
222789 1
224279 1
225025 1
225770 1
236945 1
239181 1
239926 1
240671 1
241416 1
248121 1
250357 1
251102 1
260042 1
261532 1
262277 1
271963 1
274198 1
274943 1
275688 1
284629 1
286864 1
287609 1
288354 1
289100 1
299530 1
301766 1
302511 1
309961 1
312196 1
313686 1
321137 1
324117 1
325607 1
327097 1
332313 1
334548 1
336038 1
337528 1
339018 1
343489 1
344234 1
344979 1
346469 1
347959 1
348704 1
354665 1
355410 1
