2500 2000
3745.44 1245.44
3746.44 1
10236.3 6489.88
10237.3 1
11197 959.702
13431.2 2234.17
24609.1 11177.9
28334.4 3725.29
28335.4 1
35779.9 7444.58
38020.1 2240.17
38762.2 742.058
38763.2 1
45467.7 6704.52
48447.9 2980.23
49193 745.058
50685.1 1492.12
57388.6 6703.52
57389.6 1
60371.9 2982.23
61116.9 745.058
61861 744.058
72289.8 10428.8
73037.8 748.058
73781.9 744.058
82720.6 8938.7
83465.7 745.058
84210.7 745.058
84211.7 1
93154.4 8942.7
94643.5 1489.12
95386.6 743.058
96133.6 747.058
96134.6 1
103582 7447.58
105074 1492.12
105817 743.058
106564 747.058
107310 745.058
114756 7446.58
114757 1
116993 2236.17
117738 745.058
118483 745.058
119230 747.058
128167 8936.7
128914 747.058
128915 1
131149 2234.17
143813 12664
144558 745.058
145307 749.058
147544 2236.17
154244 6700.52
154989 745.058
155738 749.058
155739 1
157228 1489.12
164680 7451.58
165420 740.058
166169 749.058
166914 745.058
166915 1
168404 1489.12
175107 6702.52
175851 744.058
176600 749.058
177345 745.058
188522 11176.9
188523 1
189267 744.058
190011 744.058
198203 8191.64
198949 746.058
199697 748.058
199698 1
200442 744.058
208633 8191.64
209378 745.058
210128 749.058
210873 745.058
210874 1
211618 744.058
222791 11172.9
225775 2984.23
225776 1
226520 744.058
239181 12661
239926 745.058
240675 749.058
242165 1490.12
242166 1
255577 13411
257066 1489.12
257809 743.058
269733 11923.9
271222 1489.12
271965 743.058
271966 1
284634 12668
284635 1
