1495.27 2
5216.56 2
5964.61 2.5
14160.3 2
15650.4 2.5
27573.3 2.9
29061.4 1
40234.3 2
47684.9 2.5
48429.9 2.9
58864.7 3.24483
59605.8 3.55301
72275.8 3.83446
73764.9 4.09525
74512 4.33944
84197.7 4.56988
85685.8 4.78871
86427.9 4.99753
87175.9 5.19763
95373.6 5.39003
96861.7 5.57555
97608.8 5.75491
98351.8 5.92867
99096.9 6.09735
106544 6.26135
107294 6.42106
108038 6.5768
108783 6.72885
109528 6.87746
111018 7.02286
117720 7.16526
118469 7.30482
119213 7.44171
119958 7.57609
120704 7.70809
122194 7.83782
122938 7.96541
131880 8.09095
132625 1
133370 2
134115 3
134862 4
136352 5
137094 5.2
149017 5.39231
149762 5.57776
151251 5.75704
151995 5.93074
153486 1
165409 2
166153 3
167642 3.33333
169132 3.63333
181055 1
181800 2
183288 2.5
192231 2.9
193719 3.24483
201913 3.55301
203405 3.83446
204152 4.09525
213088 1
213833 2
214579 3
216071 3.33333
226499 3.63333
227244 1
228739 2
239170 2.5
241405 1
251831 2
261517 2.5
262262 2.9
272697 3.24483
274186 3.55301
284613 3.83446
285363 4.09525
286852 4.33944
297283 4.56988
298028 4.78871
298772 4.99753
300263 5.19763
312930 5.39003
313671 5.57555
314416 5.75491
315909 5.92867
317399 6.09735
326341 6.26135
327830 1
328577 2
331552 3
332297 4
341243 4.25
344968 1
345708 2
346458 3
353905 3.33333
355394 3.63333
356139 3.90856
