4473.5 2
10433 3
12667.1 4
21608.8 5
23097.9 2
25333.1 3
26828.2 3.33333
35019.9 1
36514 2
39489.2 2.5
43960.6 2.9
46194.7 3.24483
52901.3 3.55301
55880.5 3.83446
57374.6 4.09525
64826.2 4.33944
68547.5 4.56988
70040.6 4.78871
70786.7 4.99753
77489.2 5.19763
81212.5 5.39003
81958.5 1
82706.6 2
89410.1 3
94624.5 3.33333
101332 1
102076 2
105799 2.5
112508 2.9
116976 3.24483
125173 3.55301
130387 3.83446
131131 4.09525
139330 4.33944
146779 4.56988
147523 4.78871
148272 4.99753
154978 5.19763
163170 1
163914 2
164659 3
170621 3.33333
171367 3.63333
180310 1
185523 2
186268 2.5
195953 2.9
197446 3.24483
206385 3.55301
207129 3.83446
207874 4.09525
217561 4.33944
219052 4.56988
219795 4.78871
220542 4.99753
229484 5.19763
230973 5.39003
231718 5.57555
232463 1
242147 2
243640 3
244382 3.33333
245129 3.63333
254816 3.90856
255558 4.16441
256305 4.40454
264499 4.63158
265244 4.84749
265991 5.05378
267481 5.25165
276420 5.44207
277165 5.62582
277910 5.80357
278657 5.97588
280147 6.14322
289831 6.306
291321 6.46458
292069 6.61927
292813 6.77034
294303 6.91805
295790 7.0626
303245 7.20419
304734 1
305477 2
306222 3
307715 4
309950 4.25
311439 4.48529
318889 4.70824
321123 4.92064
323357 5.12386
324850 5.31903
333790 5.50703
335281 5.68862
337513 5.86441
339004 6.03493
339748 6.20063
347203 6.36191
349435 6.51909
