2241.32 2241.32
6709.67 4468.35
8199.79 5958.46
14906.3 8196.64
16394.4 9684.75
28317.4 13411
31296.6 14902.2
42472.5 11175.9
52159.2 9686.75
52903.3 10430.8
63336.1 11176.9
64079.1 11175.9
75255 11175.9
76000.1 11920.9
88666.1 13411
89411.1 13411
101332 12666
102077 13411
102822 13411
113998 12666
115487 13410
116233 14156.1
116977 14155.1
126665 12667
128153 12666
128899 12666
129643 12666
130388 13411
140821 14156.1
142309 14156.1
143055 14156.1
143799 14156.1
144544 14156.1
145289 14901.2
154977 14156.1
157211 14902.2
157956 14901.2
158701 14901.2
159446 14901.2
160191 14901.2
160939 15649.2
169133 14156.1
172113 14901.2
172858 14901.2
173602 14901.2
184033 11920.9
184779 12666
185523 12665
186268 12666
198190 14156.1
198935 14156.1
199679 14156.1
200424 14901.2
201169 14901.2
212346 14156.1
213091 14156.1
213836 14157.1
214580 14156.1
215325 14901.2
216073 14904.2
225757 13411
227246 14155.1
227992 14156.1
239168 13411
239913 14156.1
241405 14159.1
242150 14158.1
253324 11918.9
254069 12664
255558 13408
265247 11922.9
265990 11920.9
267479 11920.9
268223 12665
277166 11918.9
277911 11920.9
279400 11920.9
280890 12667
281638 13415
291322 14156.1
292069 14158.1
292814 13414
293559 12669
294301 12663
304733 11918.9
305478 11918.9
306222 11920.9
314419 9685.75
315164 9685.75
315909 10430.8
326340 11175.9
327087 11922.9
327829 11919.9
339008 12668
339753 12666
340495 12666
341985 14156.1
353162 14154.1
353907 14154.1
354652 14157.1
