2981.23 0
7451.58 0
8941.7 0
17137.3 0
18627.5 0
19372.5 0
20117.6 0
30548.4 2
32038.5 5
32783.6 5
33528.6 5
35018.7 5
43959.4 5
44704.5 5
46194.6 5
46939.7 5
55135.3 5
55880.4 5
57370.5 5
66311.2 5
67801.3 5
69291.4 5
70781.5 5
81212.3 5
82702.4 5
84937.6 5
86427.7 5
87172.8 5
93878.3 5
98348.7 5
99093.7 5
105799 5
108779 5
109525 5
118465 5
119955 5
129641 5
131876 5
133366 5
143052 5
145287 5
147522 5
148268 5
157208 5
157953 5
158698 5
159443 5
168384 5
169874 5
178815 5
180305 5
181795 5
192226 5
193716 5
195951 5
197441 5
209362 5
212343 5
213833 5
222773 5
225009 5
226499 5
235439 5
236184 5
238420 5
240655 5
248850 5
253321 5
254066 5
260771 5
263006 5
263752 5
268222 5
269712 5
271947 5
273437 5
279398 5
280888 5
282378 5
284613 5
286103 5
292809 5
294299 5
295789 5
298769 5
300259 5
301750 5
308455 5
309200 5
309945 5
311435 5
313670 5
314416 5
315906 5
321121 5
321866 5
322611 5
324101 5
326336 5
327081 5
328572 5
335277 5
