1026 0
1541 0
2072 64
2584 64
3096 64
3608 64
4120 64
4632 64
5144 64
5656 64
6168 64
6680 64
7192 64
7704 64
8216 64
8728 64
9240 64
9752 64
10264 64
10776 64
11288 64
11800 0
12333 0
12846 0
13379 0
13892 64
14404 64
14916 64
15428 64
15940 64
16452 64
16964 64
17476 64
17988 64
18500 64
19012 64
19524 64
20036 64
20548 64
21060 64
21572 64
22084 64
22596 64
23108 64
23620 64
24132 64
24644 64
25156 64
25668 64
26180 64
26692 64
27204 64
27716 64
28228 64
28740 64
29252 64
29764 64
30276 64
30788 64
31300 0
31834 0
32349 0
32880 0
33394 64
33906 64
34418 64
34930 64
35442 64
35954 64
36466 64
36978 64
37490 64
38002 64
38514 64
39026 64
39538 64
40050 64
40562 64
41074 64
41586 64
42098 64
42610 64
43122 64
43634 64
44146 64
44658 64
45170 64
45682 64
46194 64
46706 64
47218 64
47730 64
48242 64
48754 64
49266 64
49778 64
50290 64
50802 0
51336 0
51850 0
