1045 0
1562 0
2091 0
2603 0
3114 0
3627 0
4138 0
4651 0
5162 0
5675 0
6186 0
6699 0
7210 0
7723 0
8234 0
8747 0
9258 0
9771 0
10282 0
10795 0
11306 0
11820 0
12352 0
12867 0
13398 0
13911 0
14423 0
14935 0
15446 0
15959 0
16470 0
16983 0
17494 0
18007 0
18518 0
19031 0
19542 0
20055 0
20566 0
21079 0
21590 0
22103 0
22614 0
23127 0
23638 0
24151 0
24662 0
25175 0
25687 0
26199 0
26711 0
27223 0
27735 0
28247 0
28759 0
29271 0
29783 0
30295 0
30807 0
31320 0
31853 0
32369 0
32899 0
33413 0
33927 0
34437 0
34951 0
35461 0
35975 0
36485 0
36999 0
37509 0
38020 0
38533 0
39045 0
39557 0
40069 0
40581 0
41093 0
41605 0
42117 0
42629 0
43141 0
43653 0
44165 0
44677 0
45189 0
45701 0
46213 0
46725 0
47237 0
47749 0
48261 0
48773 0
49285 0
49797 0
50309 0
50820 0
51355 0
51870 0
