2257.32 1946.32
2258.32 1
6149.97 3891.65
6150.97 1
6723.67 572.702
9704.9 2981.23
16132.3 6427.38
19389.7 3257.37
21628.8 2239.17
34294.8 12666
34295.8 1
43231.5 8935.7
43976.6 745.058
53662.3 9685.75
53663.3 1
54407.4 744.058
67822.4 13415
67823.4 1
80484.4 12661
81973.5 1489.12
93899.5 11925.9
93900.5 1
95384.6 1484.12
106561 11176.9
108051 1489.12
108052 1
108798 746.058
122212 13414
122957 745.058
122958 1
133384 10425.8
134130 746.058
135618 1488.12
146795 11176.9
146796 1
163932 17136.3
163933 1
178088 14155.1
178833 745.058
190008 11174.9
190009 1
202675 12666
203420 745.058
216089 12669
216831 742.058
216832 1
226520 9687.75
227262 742.058
228750 1488.12
228751 1
238441 9689.75
239186 745.058
240671 1485.12
241420 749.058
250358 8937.7
250359 1
251103 744.058
252592 1489.12
253337 745.058
264514 11176.9
265259 745.058
265260 1
274945 9684.75
276434 1489.12
276435 1
277924 1489.12
285376 7452.58
287611 2234.17
288356 745.058
289845 1489.12
289846 1
298043 8197.64
300281 2237.17
301766 1485.12
302512 746.058
303256 744.058
303257 1
309963 6706.52
311451 1488.12
312942 1490.12
313688 746.058
314432 744.058
315922 1490.12
322629 6707.52
322630 1
324117 1487.12
325608 1490.12
326358 750.058
336788 10430.8
336789 1
337529 740.058
338274 744.058
345726 7452.58
346470 744.058
347214 744.058
347215 1
348704 1489.12
357646 8941.7
358391 745.058
359135 744.058
360625 1490.12
360626 1
