1495.27 49.8278
5216.56 20.0215
5964.61 33.3408
14160.3 16.6611
15650.4 15.3846
27573.3 11.1095
29061.4 11.1111
40234.3 11.7694
41727.4 11.7647
42471.5 16.6679
49920 23.0769
52157.2 15.3846
60350.9 14.2857
62588 14.2857
72276.8 12.4948
73016.8 17.6471
75255 17.6457
84937.8 17.654
86430.9 16.6629
87923 19.9933
89413.1 21.0497
99843.9 19.9933
103569 10.5263
105057 14.2875
112509 17.6485
116230 17.654
117725 17.6443
125171 17.6526
125921 22.2206
128896 23.5294
136351 14.2871
137097 20
140077 19.9911
148272 18.75
149017 18.7516
151248 20.009
152738 23.5387
161684 22.2206
163172 21.0541
165409 21.0452
167639 20
168384 23.8095
176581 25.0067
178820 23.8065
179564 26.3176
181795 26.3158
192230 11.7647
192975 16.6667
195206 16.6667
204896 12.5
207127 12.5
214582 15.3846
216813 15.3846
218306 19.9946
227249 17.6457
229479 17.6471
231719 16.6642
232464 21.0497
241405 21.0526
243635 21.0526
252577 13.3381
254069 17.6498
256301 17.6471
265243 17.6471
266736 17.6457
268967 17.6471
270457 21.0526
277912 23.5238
280147 22.2222
282378 22.2222
284618 21.0452
285363 24.9916
290575 29.4187
293558 27.7778
295789 27.7778
298774 26.3158
299514 26.3251
306224 21.4204
309205 21.4286
310690 20
315906 23.0865
317399 27.2794
318889 30.7756
320379 30.7597
326341 28.5605
327831 28.5687
329320 28.5714
330067 33.3274
331555 33.3333
339007 29.4118
341242 27.7778
342731 27.7778
343478 27.7778
344966 27.7778
346458 29.996
353908 30
355399 31.5767
356143 33.3308
356887 33.3383
364340 25
