1507.12 0
5232.41 0
5977.46 0
14173.1 1
15663.2 1
16408.3 1
17898.4 1
27584.1 2
31309.4 2
32054.5 3
32799.6 3
41740.3 3
42485.3 3
43230.4 3
53661.2 3
54406.2 3
55151.3 3
55896.4 3
67072.2 3
67817.3 3
68562.3 3
81228.3 3
81973.4 3
82718.4 3
93894.3 3
94639.4 3
105070 3
105815 3
118481 3
119226 3
131892 3
132637 3
133382 3
140833 3
142323 3
143068 3
143813 3
151264 3
152754 3
153499 3
154244 3
154989 3
164675 3
166165 3
166910 3
175851 3
177341 3
178086 3
186282 3
187772 3
188517 3
189262 3
195967 3
197457 3
198202 3
198948 3
199693 3
209378 3
210868 3
211613 3
212359 3
213104 3
213849 3
223534 3
225770 3
226515 3
227260 3
228005 3
228750 3
229495 3
238436 3
241416 3
242161 3
242906 3
250357 3
253337 3
254082 3
254827 3
263768 3
267493 3
268238 3
268983 3
269728 3
280159 3
283139 3
283884 3
289845 3
292825 3
293570 3
305491 3
306236 3
318902 3
319647 3
320392 3
333803 3
334548 3
335293 3
336038 3
350194 3
350939 3
351684 3
364350 3
365095 3
365841 3
