3742.29 0
8212.64 0
11192.9 0
13428 0
22368.7 1
23858.9 1
24603.9 1
28329.2 1
35779.8 1
38015 1
38760 1
48445.8 1
49935.9 1
61856.8 1
63346.9 1
64092 1
75267.9 1
76758 1
77503 1
78248.1 1
89424 1
90169 1
90914.1 1
91659.1 1
99854.8 1
100600 1
101345 1
102090 1
102835 1
111776 1
113266 1
114011 1
114756 1
115501 1
116246 1
127422 1
128167 1
128912 1
130402 1
137853 1
139343 1
147538 1
149029 1
149774 1
158714 1
160950 1
161695 1
162440 1
170635 1
172125 1
172870 1
173616 1
174361 1
183301 1
184046 1
184791 1
192242 1
192987 1
193732 1
203418 1
204908 1
205653 1
206398 1
218319 1
219809 1
220554 1
231730 1
233965 1
235455 1
244396 1
245141 1
247376 1
248866 1
256317 1
257062 1
257807 1
260042 1
262277 1
271218 1
272708 1
273453 1
274943 1
276434 1
278669 1
285374 1
286864 1
295060 1
296550 1
298040 1
298785 1
307726 1
309216 1
310706 1
312196 1
321882 1
323372 1
324117 1
339018 1
339763 1
340509 1
353920 1
355410 1
356155 1
