1495.27 1495.27
5216.56 3721.29
5964.61 4469.35
14160.3 8943.7
15650.4 9685.75
27573.3 13413
29061.4 13411
40984.3 13411
42472.5 13411
43216.5 14155.1
52159.2 11174.9
53649.3 11176.9
63335.1 11175.9
65570.3 11920.9
76746.1 13411
78981.3 13411
79724.4 14154.1
94627.5 15646.2
95370.6 15646.2
108785 14157.1
119210 10425.8
128896 9685.75
129641 10430.8
140076 11179.9
140822 11180.9
151993 11170.9
152742 11919.9
164659 12666
165404 12662
175090 10430.8
175835 11175.9
176580 11175.9
186271 11180.9
187759 11923.9
188506 12671
189249 12669
198932 12661
200422 12663
201167 12661
201917 12668
203405 14156.1
213833 11915.9
214578 12661
216073 12668
225014 10435.8
226502 10428.8
236186 11171.9
237678 11175.9
239168 12666
247360 11174.9
248105 10427.8
249599 10430.8
250345 11176.9
260031 12671
260776 12671
272697 12666
273442 13411
274931 14154.1
284613 11170.9
286103 11172.9
294299 9685.75
295792 9688.75
296539 10435.8
306220 11920.9
308460 12668
309205 12666
310693 14154.1
320376 14156.1
322611 14151.1
323356 14151.1
324851 14158.1
332297 11920.9
333787 13411
344218 11920.9
346458 12671
347946 14159.1
357629 13411
359122 12664
359867 11920.9
365085 7455.58
365830 8200.64
366575 7452.58
367323 1493.19
368074 2244.25
368818 2243.32
369563 2240.25
370308 2234.25
371053 2235.17
371798 2980.23
372543 2980.23
373288 2980.23
374033 2980.23
374779 2980.23
375524 3725.29
376269 3725.29
377014 3725.29
377759 3725.29
378504 3725.29
379249 3725.29
379996 3727.29
