3728.44 19.9831
9687.9 12.5021
11177 20.0054
20863.8 13.3333
21608.8 18.75
22352.9 20
23097.9 25
34274.8 22.2222
35019.9 26.3158
35763.9 26.3176
36509 30.002
37258.1 29.9919
38748.2 31.8104
40238.3 30.4277
40983.3 33.3259
47685.9 44.4444
48430.9 44.4444
50664.1 23.0888
51409.2 28.5851
57371.6 30.7692
58860.7 33.3363
59606.8 33.3333
61840 33.3333
62585 33.3333
69292.5 31.25
71527.7 29.4094
72272.8 29.4118
73016.8 33.3358
75251 33.3333
76742.1 31.5767
84193.7 30
87173.9 28.5714
87919 28.5714
88663.1 28.5714
89408.1 31.8182
91647.3 31.8085
92392.3 33.3248
100585 31.8182
104310 30.4348
105055 30.4348
105799 30.4348
106544 30.4348
119956 19.0476
120702 19.0476
121446 19.0476
122191 19.0476
135606 19.044
136351 19.044
137096 19.0428
137837 22.7273
148269 18.7547
149014 18.7547
149758 18.75
159445 20
160190 20
160934 25.0021
161679 25
169875 28.5714
170620 28.5714
171366 28.5687
172110 33.3333
172855 33.3333
181051 33.3333
182540 31.2526
183286 31.25
184030 31.25
184776 31.25
185521 35.2941
194462 33.3333
195951 33.3333
196697 33.3333
197442 33.3333
198187 33.3333
198936 33.3234
199681 36.8317
207873 38.8889
209363 38.886
210109 38.8889
210853 26.6762
218304 28.5714
220539 26.6667
221284 26.6667
222028 26.6667
230970 23.5294
233953 22.2173
234698 26.3102
235439 26.3176
236185 26.3158
243637 29.4094
245125 33.3453
245871 33.3423
246619 37.5
247364 37.4874
248851 35.2941
257048 33.3333
258536 20.0072
260026 23.5368
260775 24.9916
268224 26.6667
270458 24.9979
