3728.44 3728.44
9687.9 5959.46
11177 7448.58
20863.8 11175.9
22353.9 12666
23843 12666
24592.1 13415
34274.8 13411
36510 15646.2
39494.2 14902.2
44705.6 10430.8
47688.9 11178.9
55136.4 10430.8
58119.7 10430.8
67802.4 12666
70785.7 12666
71530.7 13411
81213.5 13411
84942.8 14157.1
85686.8 14156.1
87172.9 15642.2
98349.8 17136.3
99839.9 14897.2
100584 14897.2
102074 14901.2
109526 11175.9
111761 13411
112509 12669
113255 12671
114745 12671
122196 12670
125920 11174.9
127406 12661
133369 11172.9
137093 11172.9
138586 11179.9
145288 11919.9
146778 13409
150508 13415
152743 14157.1
160191 14902.2
161684 14906.2
163169 16391.3
170621 10430.8
172110 10425.8
173600 10430.8
182542 11920.9
184030 11920.9
186267 12667
187012 13412
198192 15649.2
199677 15646.2
202658 16391.3
203407 16395.3
204897 17885.4
213091 14899.2
214580 14903.2
216814 11916.9
222777 9685.75
224264 9683.75
226500 9685.75
234697 11920.9
236185 13408
236932 12668
239170 12670
247363 12666
248851 12666
250346 14161.1
251831 14899.2
253321 14151.1
261520 14156.1
263012 14161.1
265244 14898.2
266732 14901.2
268222 16391.3
280145 14901.2
281635 14903.2
282379 14157.1
283123 14901.2
292811 12666
295044 13409
295790 13411
296534 13411
306967 14156.1
308460 15649.2
310690 15646.2
311436 15646.2
312181 15647.2
320378 13411
321123 12663
322611 14151.1
332299 11920.9
333044 12666
334532 13409
335278 12667
347200 14901.2
347945 14901.2
349438 14906.2
350179 15647.2
351674 16395.3
