120 0
606 1500
726 0
1206 0
1566 1500
1686 0
2120 0
2620 1500
2740 0
3006 1500
3126 0
3363 0
3620 0
3966 0
4120 0
4620 0
5046 1500
5166 0
5620 0
6120 0
6605 1500
6725 0
7120 0
7620 0
8620 0
9120 0
10120 0
10620 0
11120 0
11620 0
12620 0
13120 0
13620 0
14120 0
14620 0
15620 0
16620 0
17120 0
17620 0
18120 0
19120 0
19620 0
20120 0
21120 0
21620 0
22620 0
23120 0
23620 0
24120 0
25120 0
25620 0
26120 0
26620 0
27120 0
28120 0
28620 0
29120 0
29620 0
30620 0
31120 0
31620 0
32120 0
33120 0
33620 0
34120 0
34620 0
35620 0
36120 0
36620 0
37120 0
37620 0
38120 0
39120 0
39620 0
40120 0
40620 0
41120 0
41620 0
42120 0
42620 0
43620 0
44120 0
44620 0
45120 0
45620 0
46120 0
47120 0
47620 0
48120 0
48620 0
49120 0
49620 0
