2241.32 33.2419
6709.67 16.6741
8199.79 25.0084
14906.3 18.1796
16394.4 23.0793
28317.4 11.1111
31296.6 9.99933
41728.4 11.1111
43961.6 11.7656
52159.2 14.2857
52903.3 20.0018
54392.4 21.4286
62590 15.383
64078.1 15.3846
75255 11.7656
76744.1 11.7647
77492.2 16.6629
90901.2 14.2857
91646.3 14.999
92390.3 15.003
93880.5 18.1851
105057 21.0526
105802 21.0526
106547 21.0511
108037 21.0526
115488 28.5714
116977 31.2526
117723 31.25
118467 31.2526
119212 33.3333
127409 31.25
129644 29.4094
130389 33.3308
131133 33.3358
131878 33.3333
132623 33.3333
143055 28.5714
145290 28.5714
146036 28.5714
146780 31.8201
147525 31.8182
148270 31.8182
149018 31.8124
161684 27.997
163917 28
164662 28
165406 28
175093 22.2255
177328 22.2222
178073 22.2222
188504 13.3333
189249 18.75
189996 18.7469
200425 13.3333
201170 13.3357
213836 11.1111
214581 11.1111
215325 15.7906
230227 13.6364
230972 13.6364
231719 13.6339
232464 17.3883
242148 14.2885
242893 20.0036
244382 18.7547
254069 18.75
255558 17.6485
266735 11.7647
268224 11.7647
280146 11.1111
282381 10.5256
283126 14.999
295047 15
298029 14.2839
298774 14.2839
299516 18.1829
309203 21.0526
310693 23.5331
318144 16.6667
320379 15.3846
321126 21.4245
330812 17.6443
332299 13.3369
339007 18.184
339748 20.0054
345708 22.2355
346453 30.0161
347945 27.2661
354654 24.986
355399 24.986
356886 28.566
357634 30.7597
363589 33.352
364335 33.352
365080 36.3725
365827 36.377
366572 41.6807
371040 50
372535 45.4268
373280 45.4268
