367 367
962 595
1324 824
1922 960
2407 1407
2764 1440
3123 1623
3723 1801
4322 2322
4682 2275
5282 2782
5527 2763
6003 3003
6365 3242
6967 3467
7567 3567
8166 3844
8527 4027
9007 4325
9367 4367
10327 4827
11287 5287
11407 5404
11767 5267
12367 5367
13206 5206
13807 5307
14163 5163
14767 5267
15607 5107
16447 4947
16807 4807
17287 4787
18126 4626
18726 4726
18967 4467
19447 4447
20527 4527
21007 4507
21487 4487
21967 4467
22683 4183
23407 4407
23642 4142
25087 4087
25567 4067
26047 4047
26643 3643
27247 3747
27487 3487
28567 3067
29166 3166
29527 3027
29884 2884
30367 2867
31567 3000
32047 3047
32522 3356
32765 3265
33123 3596
33367 3367
34082 3582
36007 4440
36367 4367
36722 4675
37327 4827
37567 5045
38047 5047
38287 4920
38407 4907
39367 4867
41162 4662
41642 4642
42007 4507
42487 4487
42847 4347
43682 4182
45487 3987
45967 3967
46327 3827
46682 3682
47642 3642
49087 3587
49682 3682
