4471.35 0
10431.8 0
12667 0
21607.7 0
23097.8 0
25333 0
26823.1 0
35763.8 0
37253.9 0
38744 4
40234.1 4
47684.7 4
49174.8 4
59605.6 4
60350.7 4
72271.6 4
73016.7 4
87917.9 4
88662.9 4
89408 4
100584 4
101329 4
102074 4
103564 4
113995 4
114740 4
115485 4
116975 4
119210 4
128896 4
129641 4
130386 4
131876 4
134857 4
136347 4
142307 4
143797 4
146032 4
148268 4
154228 4
156463 4
165404 4
166149 4
167639 4
177325 4
178815 4
180305 4
181050 4
192226 4
194461 4
196696 4
197441 4
198186 4
210107 4
210852 4
211597 4
220538 4
221283 4
222028 4
222773 4
233204 4
233949 4
234694 4
235439 4
236184 4
248105 4
248850 4
249595 4
250341 4
260026 4
260771 4
261516 4
271202 4
272692 4
284613 4
286848 4
298769 4
299514 4
300259 4
311435 4
312180 4
312925 4
313670 4
323356 4
324101 4
334532 4
335277 4
336022 4
344218 4
344963 4
345708 4
346453 4
352413 4
353159 4
353904 4
354649 4
356139 4
362844 4
363589 4
364334 4
365079 4
