228.666 2
783.46 3
895.219 4
1789.29 5
2015.81 6
2128.56 7
2351.08 8
3916.7 1
4028.46 2
4476.5 3
7041.95 4
7157.71 4.25
7268.47 1
8498.81 2
8610.57 3
8723.33 3.33333
9947.67 3.63333
10063.4 3.90856
10174.2 4.16441
11852.6 1
11963.3 2
12187.8 3
13975 3.33333
14086.7 3.63333
14309.3 1
15874.9 2
17439.5 2.5
17551.3 2.9
19452.2 3.24483
19563.9 3.55301
21016.8 3.83446
21127.5 4.09525
21350.1 4.33944
22576.4 4.56988
22692.2 4.78871
22914.7 1
24364.5 2
24480.3 3
25482.1 3.33333
25708.7 3.63333
25821.4 3.90856
27050.8 1
27275.3 2
27386 2.5
28728.1 2.9
28838.9 3.24483
30180 3.55301
30291.8 3.83446
30514.3 4.09525
31632.9 4.33944
31744.6 4.56988
31967.1 4.78871
32077.9 4.99753
33421 5.19763
33532.8 5.39003
33755.3 5.57555
33867 5.75491
35320.9 5.92867
35432.7 6.09735
35544.4 6.26135
35655.2 6.42106
35766.9 6.5768
37220.8 1
37445.3 2
37557.1 3
37668.8 4
39232.5 4.25
39345.2 1
39455 2
39680.5 3
40681.3 3.33333
40907.8 3.63333
41131.4 3.90856
42249.9 4.16441
42472.5 4.40454
42696 4.63158
44038.1 4.84749
44145.8 5.05378
44372.4 5.25165
44595.9 5.44207
45714.5 5.62582
45937 5.80357
46045.7 5.97588
46272.3 6.14322
46495.8 6.306
47275.1 6.46458
47502.6 6.61927
47615.4 1
47727.1 2
47838.9 3
