451.184 2
1121.74 3
1343.25 4
2573.6 1
2797.12 2
3020.63 2.5
3132.39 2.9
5926.36 1
6038.12 2
7826.26 2.5
7938.02 2.9
9279.12 3.24483
9390.88 3.55301
10843.7 3.83446
10955.5 4.09525
11066.3 4.33944
12967.2 4.56988
13078.9 1
13305.4 2
15090.6 3
15202.3 3.33333
16431.7 3.63333
16654.2 3.90856
16767 4.16441
18111.1 1
18334.6 2
18443.3 3
18558.1 3.33333
20008 3.63333
20119.7 3.90856
20230.5 4.16441
21684.3 1
21796.1 2
22022.6 3
23475.5 3.33333
23584.2 3.63333
23806.8 1
24813.6 2
24925.3 2.5
26266.4 2.9
26381.2 3.24483
27719.3 3.55301
27831.1 3.83446
27941.8 4.09525
29173.2 1
29283.9 2
29510.4 3
30848.6 3.33333
30960.3 3.63333
31071.1 3.90856
32524.9 4.16441
32639.7 4.40454
32751.5 1
34201.3 2
34313.1 3
34424.8 3.33333
36216 3.63333
36324.7 3.90856
36435.5 4.16441
38225.6 4.40454
38336.4 1
38447.1 2
38562.9 3
40012.8 3.33333
40235.3 3.63333
41353.9 3.90856
41465.6 4.16441
41688.1 4.40454
43030.3 1
43142 2
43368.5 3
43480.3 3.33333
45044.9 3.63333
45156.7 1
45264.4 2
46607.5 2.5
46721.3 2.9
47950.6 3.24483
48062.4 1
48731.9 2
48844.7 2.5
49402.5 2.9
49510.3 3.24483
